y_true,y_pred
0.0,0.30265788570524843
0.0,0.08060138635811849
0.0,0.5155222942293892
0.0,0.5840465264481396
7.000000358621273,4.505127746276884
0.0,0.16976933838319902
0.0,-0.05647791950888968
0.0,0.2732463912837817
0.0,0.20686539186367228
0.0,0.5877161186276137
0.0,0.5598912767885609
0.0,0.5248896611997245
0.0,0.6015452273425769
0.0,0.5333353714975702
0.0,0.5136820291652336
0.0,0.49854287693875143
0.0,0.48329627281324405
0.0,0.4640820174024559
0.0,0.4335186986925027
2.0,0.5041818826684435
0.0,0.6456868440144495
0.0,0.826514090050519
0.0,0.9732811013402752
0.0,1.8257778405763474
0.0,1.0439951198817123
0.0,0.8050439723474309
0.0,1.1231638142528286
0.0,2.040433472705514
7.000000358621273,1.688621520790889
0.0,0.30265788570524843
0.0,0.08060138635811849
0.0,0.5155222942293892
0.0,0.5891620347740704
7.000000358621273,3.919017219917682
0.0,0.030147004239262074
0.0,0.011347225365139215
0.0,0.48476765107010794
0.0,0.5891620347740704
0.0,3.418640488270036
0.0,0.02468515741860104
0.0,-0.3048718341362266
0.0,0.5506944342336999
0.0,0.7501318381456125
0.0,1.5239031837320784
7.000000358621273,3.518081146670004
0.0,-0.16491378565278217
0.0,-0.35636635243075293
0.0,0.5288946987527511
0.0,0.8475630070680666
4.0,0.627106227565998
0.0,1.5719564619429311
0.0,-0.023000937436008517
0.0,-0.3067104854046521
0.0,0.5549028100487116
0.0,0.790954459760362
0.0,0.4807666928340656
0.0,0.5073202222591203
2.0,0.504274989716535
0.0,1.960355852717112
7.000000358621273,2.215015329266329
0.0,0.08431979585842636
0.0,-0.2798349589037952
0.0,0.5891620347740704
0.0,1.3248385218061458
0.0,0.5544963576630373
0.0,2.387574920466767
0.0,3.0610219200080904
0.0,2.986712543890761
0.0,0.6528595384472488
0.0,2.075903268366699
0.0,1.2708874477892254
0.0,2.152054344033277
3.0,2.9769284590008023
0.0,2.4478899979451003
7.000000358621273,3.1039105139509053
0.0,0.02468515741860104
0.0,-0.3048718341362266
0.0,0.5506944342336999
0.0,0.59402713579589
0.0,1.4774943633701363
0.0,4.283244461004778
0.0,0.014550206440336
0.0,0.05115459015505708
0.0,-0.11072369055717911
0.0,0.8565742631139731
0.0,-0.1763821353529927
0.0,0.7774173135895587
0.0,3.767173386571857
0.0,0.057536479852477555
0.0,0.19038764090678106
0.0,0.5656093585090248
0.0,0.6696448968013493
0.0,1.4963354285183526
0.0,2.1611737243930964
0.0,0.6553138976143437
0.0,2.712038055455042
7.000000358621273,3.0749808944516626
0.0,0.02468515741860104
0.0,-0.3048718341362266
0.0,-0.1423597351510172
0.0,-0.41567782827563776
0.0,0.44634272646126516
0.0,0.4926802708451305
0.0,0.5265561742569457
7.000000358621273,3.370680630900889
0.0,-0.030107421416216924
0.0,0.02266239895397347
0.0,0.8840825768516424
7.000000358621273,2.9494257935481882
0.0,0.026566170824940102
0.0,0.050277626658757874
0.0,1.3111104098072877
0.0,1.4411257731426377
0.0,0.0014957645034511919
0.0,-0.379652259296091
0.0,-0.13326738586967632
0.0,-0.2532292949111283
0.0,0.31237750842132406
0.0,-0.5051329462853471
0.0,0.48688889590192713
7.000000358621273,3.510336361650906
0.0,-0.056757106170186596
0.0,-0.20301362007734025
0.0,0.5466151172494322
0.0,0.5200712257710985
0.0,0.556842189067287
7.000000358621273,3.581575401736516
0.0,0.02468515741860104
0.0,-0.3048718341362266
0.0,0.5506944342336999
0.0,0.7667338065460576
0.0,1.4714632501057037
0.0,4.083171804334799
0.0,-0.1423597351510172
0.0,-0.41567782827563776
0.0,-0.005420739857204182
0.0,-0.016324081741264075
0.0,1.097303096300212
0.0,0.4612173954986575
0.0,1.138532797887864
0.0,0.4850139342295757
0.0,0.4878169629296776
0.0,0.5382081380491075
7.000000358621273,3.4388882453629375
0.0,-0.027510644775945982
0.0,-0.38308005108201415
0.0,0.0014957645034511919
0.0,-0.379652259296091
0.0,0.062132121815039645
0.0,0.30209868307096005
0.0,0.4211104026348622
0.0,0.5385352454780548
0.0,0.448807754611242
0.0,0.4493585520594365
0.0,0.46606698615040504
0.0,0.37530514187595504
0.0,0.36431853261499103
0.0,0.15220738566167596
0.0,0.32195525159613364
0.0,0.2125814115118146
0.0,0.31302091981335917
0.0,0.13737480979624214
0.0,0.2908848424056745
0.0,0.4155700625829984
7.000000358621273,2.754358593300883
0.0,-0.13710826453483055
0.0,0.49219886661332773
0.0,1.2850845467582968
0.0,2.795043280208373
0.0,0.30265788570524843
0.0,0.29952033059860705
7.000000358621273,4.180236955420148
0.0,-0.08120378044201507
0.0,1.0315312375267038
7.000000358621273,4.715401743688355
0.0,-0.0040180824018444606
0.0,0.2968353555389235
0.0,0.13417913562948972
0.0,-0.07077646347065779
0.0,0.5233908484154498
0.0,0.7285794168602923
0.0,1.0222348775684904
0.0,0.531547823760596
0.0,0.6819516133833156
0.0,0.8334987772807685
0.0,0.7237232813703063
0.0,0.7415115241153082
0.0,0.822424014428051
0.0,0.80756866611176
0.0,0.9785823306581382
7.000000358621273,3.0083483446221333
0.0,0.2649593036579011
0.0,0.43878769692342395
0.0,0.9052900044720072
0.0,0.6585081821236619
0.0,1.5284711222012748
7.000000358621273,3.7665597855731683
0.0,0.02468515741860104
0.0,-0.3048718341362266
0.0,0.03381103778899944
0.0,-0.16650821583406164
0.0,-0.1423597351510172
0.0,-0.41567782827563776
0.0,-0.04275411096531164
0.0,-0.00999181626254233
0.0,0.5219885495813634
0.0,0.4495010143602716
0.0,0.46101656758558585
0.0,0.4334714503397399
0.0,0.5230797892884846
2.0,0.5406762144799077
0.0,2.7079836626492715
0.0,2.3771429862465157
0.0,3.234083939612481
0.0,2.3315251051029295
0.0,2.681809330393117
0.0,1.7359640116379775
7.000000358621273,1.7645974099654396
0.0,-0.04275411096531164
0.0,-0.00999181626254233
0.0,-0.16491378565278217
0.0,-0.35636635243075293
0.0,-0.002173334571772131
0.0,0.01566722205147865
0.0,0.5120676506756245
0.0,0.7124657113235026
0.0,1.4682165620628183
0.0,1.7683783540502866
0.0,1.7784064807167548
0.0,2.0111262250054422
1.0,2.198432322965712
0.0,4.646472583224343
0.0,-0.02009713615809747
0.0,-0.30670411987705026
0.0,3.5867571205150375
0.0,2.29101165985346
7.000000358621273,4.686102385656296
0.0,0.3405234507829958
0.0,-0.16936822048896577
0.0,0.5155859943330666
0.0,0.4249080226089196
0.0,0.9819375912915279
0.0,0.8507804674771746
0.0,3.046936710876302
4.0,4.4648682048889405
0.0,-0.12103432113172267
0.0,-0.017917839507656026
0.0,0.3405234507829958
0.0,-0.16936822048896577
0.0,0.5155859943330666
0.0,0.4249080226089196
0.0,2.888903253663227
4.0,3.788953173744476
0.0,-0.01154948776330422
0.0,-0.2269979418725123
0.0,0.577701485086555
0.0,0.837235252327721
0.0,1.653612015534039
0.0,1.4020201853569914
0.0,3.2271521490200494
0.0,-0.0040180824018444606
0.0,0.2968353555389235
0.0,-0.12103432113172267
0.0,-0.017917839507656026
0.0,2.6284249676433955
0.0,1.6232733730518347
7.000000358621273,4.370410589082062
0.0,0.08449179958665312
0.0,-0.1290697686928649
0.0,-0.011868302075305447
0.0,-0.2035944968848363
0.0,0.02453597096889068
5.0,-0.5181314433035905
0.0,1.579747329795654
0.0,-0.008563696696775314
0.0,0.5192549589253125
0.0,0.8007193584121971
0.0,0.632737209144699
0.0,0.5206126094108677
0.0,2.2711712965270756
3.0,3.032893460433494
0.0,3.449822966608415
0.0,3.2660783365137065
0.0,3.3456983557573237
0.0,4.141205333272128
0.0,1.5020997275554187
0.0,2.176913612080086
0.0,2.0006250768794356
0.0,2.2344092091074024
0.0,1.7951365217394424
0.0,2.1637075629998956
0.0,0.0014957645034511919
0.0,-0.379652259296091
0.0,0.30265788570524843
0.0,-0.37418265729039396
7.000000358621273,3.6937711429654465
0.0,0.025932352551966912
0.0,-0.1304073812147722
0.0,0.32836488961457894
0.0,-0.32013762449985783
0.0,0.5471646146955108
0.0,0.4468397755461174
4.0,1.1869907802056836
0.0,2.75680474900635
0.0,-0.01154948776330422
0.0,-0.2269979418725123
0.0,0.577701485086555
0.0,0.5103170857574637
0.0,1.1189369246145808
0.0,1.3022668092066687
0.0,1.1570719935792446
0.0,1.990546384613426
0.0,1.8516797999753987
0.0,2.471229070414211
0.0,-0.11072369055717911
0.0,0.8565742631139731
0.0,3.093446303816053
1.0,4.313022219815475
0.0,-0.010597124144284814
0.0,-0.023138782487949427
0.0,0.30265788570524843
0.0,-0.37418265729039396
0.0,0.2966303810673788
7.000000358621273,2.9642492245711516
0.0,0.09619119104221438
0.0,2.915377572614532
0.0,5.072053110376097
0.0,2.005755512815869
0.0,-0.1423597351510172
0.0,-0.41567782827563776
0.0,0.44634272646126516
0.0,0.781971624450368
0.0,2.70750651704509
0.0,4.910545868198793
0.0,0.30265788570524843
0.0,-0.37418265729039396
7.000000358621273,3.6937711429654465
0.0,0.014550206440336
0.0,0.05115459015505708
0.0,0.22453493096719798
0.0,0.038222482900041134
0.0,-0.12103432113172267
0.0,-0.017917839507656026
0.0,2.6284249676433955
0.0,2.3633213637506336
7.000000358621273,3.885763345104479
0.0,-0.027510644775945982
0.0,-0.38308005108201415
2.0,0.5103247064595222
0.0,4.676202286784411
0.0,2.1410132915802538
0.0,-0.005420739857204182
0.0,-0.016324081741264075
0.0,3.604326335317346
0.0,1.8772156070543673
0.0,0.8961256171423838
0.0,0.5988923264730279
0.0,0.9085903063952573
7.000000358621273,3.425110733283676
0.0,-0.0040180824018444606
0.0,0.2968353555389235
0.0,-0.011868302075305447
0.0,-0.2035944968848363
0.0,-0.1516854123983264
0.0,0.6186731138403784
0.0,0.08449179958665312
0.0,-0.1290697686928649
0.0,0.30265788570524843
0.0,0.137214461259399
0.0,0.5278720453641566
0.0,0.39859104874129314
0.0,0.43904083871474436
0.0,0.48189675329402604
0.0,0.3381024209804921
0.0,0.34805729925188017
7.000000358621273,3.2515401887136863
0.0,-0.12103432113172267
0.0,-0.017917839507656026
0.0,2.6284249676433955
0.0,2.3633213637506336
7.000000358621273,3.885763345104479
0.0,0.31450507395308586
0.0,0.23896443893522476
0.0,1.2235594811037072
0.0,0.5379737342193192
2.0,2.6613363591405568
0.0,2.144340041822413
0.0,2.8192157885167317
0.0,-0.0040180824018444606
0.0,0.2968353555389235
7.000000358621273,3.1839472511141467
0.0,-0.12103432113172267
0.0,-0.017917839507656026
0.0,2.6284249676433955
0.0,1.6232733730518347
2.0,2.030678974070606
0.0,2.2488528602018967
7.000000358621273,2.3642225790105424
0.0,-0.04275411096531164
0.0,-0.00999181626254233
0.0,-0.11072369055717911
0.0,0.8565742631139731
0.0,-0.12103432113172267
0.0,-0.017917839507656026
0.0,0.0014957645034511919
0.0,-0.379652259296091
0.0,0.677569844182643
0.0,1.7065857569257836
0.0,0.769002624031857
0.0,1.201259962050697
3.0,1.1934239975728511
0.0,2.6349549230990474
7.000000358621273,2.4541156632503207
0.0,-0.1516854123983264
0.0,0.6186731138403784
4.0,2.378507360880946
0.0,2.827824133562038
0.0,-0.010597124144284814
0.0,-0.023138782487949427
0.0,0.5661216938256534
0.0,0.5970432303600163
2.0,0.5891620347740704
0.0,0.629132841209314
0.0,0.9665924559711697
0.0,3.7552338085184744
0.0,3.1626429957499793
0.0,1.3931062949867974
0.0,1.7726412851265054
7.000000358621273,2.0587583025307543
0.0,-0.042365544815645355
0.0,-0.1374689478804945
0.0,0.8711401144073586
7.000000358621273,2.295640922560398
0.0,0.005520167605238309
0.0,0.0837687294442769
0.0,0.030147004239262074
0.0,0.011347225365139215
0.0,-0.02009713615809747
0.0,-0.30670411987705026
0.0,0.2657898481131321
0.0,-0.03822373807449783
0.0,0.518326891897562
7.000000358621273,4.276297249697593
0.0,-0.15111914940771903
0.0,-0.11923673199909483
0.0,0.5761524653240125
0.0,1.427569620044347
0.0,2.5026945009372565
7.000000358621273,2.511769591569818
0.0,0.026566170824940102
0.0,0.050277626658757874
0.0,-0.03822373807449783
0.0,0.518326891897562
7.000000358621273,4.276297249697593
0.0,-0.15111914940771903
0.0,-0.11923673199909483
0.0,0.5761524653240125
0.0,1.0936881938649223
0.0,3.11137162954279
7.000000358621273,4.510955341968694
0.0,-0.03822373807449783
0.0,0.518326891897562
3.0,2.5860459745299997
0.0,4.490506398341449
7.000000358621273,2.5999366316210004
0.0,0.03381103778899944
0.0,-0.16650821583406164
0.0,0.47859362722824844
0.0,0.5891620347740704
0.0,1.2943774101590952
7.000000358621273,4.159415045668626
0.0,-0.1516854123983264
0.0,0.6186731138403784
4.0,2.378507360880946
0.0,2.827824133562038
0.0,-0.0040180824018444606
0.0,0.2968353555389235
0.0,0.0060303063665676036
0.0,-0.12113536267548684
0.0,0.5060491339834181
0.0,0.5251332546996421
0.0,0.46886728036329767
3.0,0.8356153600360343
0.0,1.7726767886325663
0.0,1.3176052203781519
0.0,2.2060315077478334
0.0,-0.15111914940771903
0.0,-0.11923673199909483
0.0,0.5761524653240125
0.0,1.0936881938649223
0.0,3.11137162954279
7.000000358621273,4.510955341968694
0.0,-0.042365544815645355
0.0,-0.1374689478804945
0.0,-0.04073139732834324
0.0,-0.2308143894634201
0.0,2.9804088784585883
0.0,0.30265788570524843
0.0,0.1570134486563716
7.000000358621273,4.116738038277083
0.0,0.026566170824940102
0.0,0.050277626658757874
0.0,-0.008098789043546306
0.0,-0.33870219264632734
0.0,0.5593476069381741
0.0,0.7144114110420208
0.0,1.3646278210494192
0.0,2.3371997488216603
7.000000358621273,4.433825230225892
0.0,-0.01154948776330422
0.0,-0.2269979418725123
0.0,0.577701485086555
0.0,0.837235252327721
0.0,4.227896288162235
0.0,0.030147004239262074
0.0,0.011347225365139215
0.0,0.48476765107010794
0.0,0.5891620347740704
0.0,0.5770525150647832
0.0,0.5785459037022984
0.0,0.5747420078559576
0.0,0.5939263632180808
0.0,3.4373375669770057
0.0,0.026566170824940102
0.0,0.050277626658757874
0.0,-0.0040180824018444606
0.0,0.2968353555389235
0.0,-0.030107421416216924
0.0,0.02266239895397347
0.0,0.31077922306135614
6.0,0.057056868727041514
0.0,2.217912630533661
0.0,0.026566170824940102
0.0,0.050277626658757874
0.0,-0.0040180824018444606
0.0,0.2968353555389235
0.0,1.0265566225335374
0.0,-0.04275411096531164
0.0,-0.00999181626254233
0.0,0.026566170824940102
0.0,0.050277626658757874
0.0,0.026566170824940102
0.0,0.050277626658757874
0.0,0.026566170824940102
0.0,0.050277626658757874
0.0,-0.12103432113172267
0.0,-0.017917839507656026
0.0,2.6284249676433955
0.0,2.60692669817035
7.000000358621273,5.182680959397976
0.0,-0.1516854123983264
0.0,0.6186731138403784
0.0,0.47187494732750046
0.0,0.8483866704776154
0.0,1.5164824130334447
0.0,4.101006040258107
0.0,0.03381103778899944
0.0,-0.16650821583406164
0.0,0.5028775322696387
0.0,0.5034185572881347
0.0,0.5625620638941178
0.0,0.5891620347740704
0.0,2.598039704395657
0.0,-0.0040180824018444606
0.0,0.2968353555389235
0.0,0.026566170824940102
0.0,0.050277626658757874
12.0,-0.11262169364634277
0.0,-0.1423597351510172
0.0,-0.41567782827563776
0.0,0.44634272646126516
0.0,2.620054388502315
0.0,1.5718571238502155
0.0,1.9448210963984742
7.000000358621273,3.0757946061208763
0.0,0.3223694367530143
0.0,0.07523753280039822
0.0,0.5891620347740704
0.0,0.4303953315399879
0.0,0.49432625283445286
0.0,0.5396955197802943
3.0,0.4882148084047916
0.0,1.7709444685716869
0.0,2.019604749149799
0.0,2.0264933258787923
0.0,3.5326985497714327
0.0,1.427809806642168
0.0,1.5663221631174518
0.0,1.5992726443334073
0.0,1.7947838177171103
0.0,1.815390016772717
0.0,1.8854791377453552
0.0,1.7039576009240953
0.0,2.1003619564511844
0.0,1.8074524728191972
0.0,1.4894048931003778
0.0,1.4595859824985646
0.0,1.4728294178465007
0.0,2.162826251220657
0.0,1.8315301258007566
0.0,1.821963365402443
0.0,1.7778671143216482
0.0,1.6315295520067192
0.0,1.7546951593659146
0.0,-0.1060558760633569
0.0,-0.17936532641528988
7.000000358621273,2.555401248790998
0.0,-0.08524454563939841
0.0,0.14309033634013363
0.0,0.5344873975105229
0.0,1.820888756756873
0.0,4.470166475581298
0.0,-0.01154948776330422
0.0,-0.2269979418725123
0.0,0.577701485086555
0.0,0.837235252327721
0.0,4.227896288162235
0.0,-0.05898638566060011
0.0,0.9909489369927527
0.0,1.1375777894369539
0.0,0.7059404179444044
0.0,0.915137386016711
0.0,3.7865654733065632
0.0,-0.12103432113172267
0.0,-0.017917839507656026
0.0,2.6284249676433955
0.0,4.7500675104547065
0.0,2.7649789830002756
3.0,2.1933131835993884
0.0,2.5818458021766157
7.000000358621273,2.363381970745828
0.0,0.2173694313736952
0.0,0.0358333928046945
0.0,2.7135152164799385
0.0,-0.035093736428426184
0.0,0.7936073606299111
0.0,-0.035093736428426184
0.0,0.7936073606299111
0.0,-0.035093736428426184
0.0,0.7936073606299111
0.0,-0.04275411096531164
0.0,-0.00999181626254233
0.0,-0.0040180824018444606
0.0,0.2968353555389235
4.0,1.0265566225335374
0.0,2.007540908825203
0.0,-0.011868302075305447
0.0,-0.2035944968848363
4.0,0.48931694123309055
0.0,3.952036197796846
0.0,2.568185021321828
1.0,2.218949404634893
0.0,3.702545171039037
5.0,1.8306692554340984
0.0,-0.02009713615809747
0.0,-0.30670411987705026
7.000000358621273,3.5867571205150375
0.0,0.025932352551966912
0.0,-0.1304073812147722
0.0,0.4430094762085268
0.0,0.3892591852770188
0.0,0.49088434033589184
7.000000358621273,2.8859130694860995
0.0,-0.0040180824018444606
0.0,0.2968353555389235
0.0,-0.0040180824018444606
0.0,0.2968353555389235
0.0,-0.01154948776330422
0.0,-0.2269979418725123
0.0,0.577701485086555
0.0,0.5103170857574637
0.0,1.1189369246145808
0.0,3.8904021112751606
0.0,-0.08524454563939841
0.0,0.14309033634013363
0.0,0.5344873975105229
0.0,0.5353182781731975
0.0,1.7359145219022563
0.0,1.8279051819698133
0.0,2.2178434166279057
0.0,2.3139159040286437
0.0,3.5010660017350097
0.0,3.6840101891476182
0.0,0.02468515741860104
0.0,-0.3048718341362266
0.0,-0.04275411096531164
0.0,-0.00999181626254233
0.0,-0.11072369055717911
0.0,0.8565742631139731
0.0,-0.13710826453483055
0.0,0.49219886661332773
0.0,1.2850845467582968
0.0,1.5346121528859868
0.0,2.391819920479319
0.0,3.4627831808057286
0.0,-0.16491378565278217
0.0,-0.35636635243075293
0.0,0.21602171021464558
0.0,0.8992227601142855
0.0,4.001811396051652
0.0,0.30265788570524843
0.0,0.04704519381148786
0.0,0.47236966537407604
0.0,0.4568047848684774
7.000000358621273,4.225510739451962
0.0,0.026566170824940102
0.0,0.050277626658757874
0.0,-0.01154948776330422
0.0,-0.2269979418725123
0.0,0.577701485086555
0.0,0.5235471176353087
2.0,0.7641823954968644
0.0,2.612104472114865
0.0,1.720495600254908
0.0,0.025932352551966912
0.0,-0.1304073812147722
0.0,-0.04275411096531164
0.0,-0.00999181626254233
0.0,0.5219885495813634
0.0,0.5921576879256162
7.000000358621273,4.3076077558305546
0.0,-0.04275411096531164
0.0,-0.00999181626254233
0.0,0.5219885495813634
0.0,0.5921576879256162
0.0,1.2912834947786536
7.000000358621273,4.299265866391341
0.0,0.3233048779306979
0.0,0.030563229054634874
0.0,1.6471168463419017
0.0,2.0399077339187945
0.0,2.060582608948246
0.0,0.5453762600606715
0.0,0.8959257754378138
0.0,0.5891620347740704
0.0,0.5891620347740704
0.0,0.5891620347740704
0.0,0.5891620347740704
0.0,0.5891620347740704
0.0,1.8830595200141154
2.0,1.1659120079671301
0.0,3.194487130337674
0.0,1.7101665903401058
0.0,1.923042923021585
0.0,2.154076430083017
0.0,2.723642681239123
0.0,1.5748860391248636
0.0,2.0613599205582154
0.0,-0.1989998411307759
1.0,1.6081684243292975
0.0,4.241219068466898
0.0,0.2173694313736952
0.0,0.0358333928046945
1.0,1.7665798683644753
0.0,3.211400785452313
0.0,-0.16491378565278217
0.0,-0.35636635243075293
0.0,-0.02009713615809747
0.0,-0.30670411987705026
0.0,0.2657898481131321
0.0,-0.1516854123983264
0.0,0.6186731138403784
0.0,0.30265788570524843
0.0,0.1570134486563716
0.0,1.27834372199392
0.0,1.363979882063808
7.000000358621273,4.672193976812266
0.0,0.30265788570524843
0.0,0.1570134486563716
3.0,1.27834372199392
0.0,2.0003996834091398
7.000000358621273,2.109784192476341
0.0,0.026566170824940102
0.0,0.050277626658757874
0.0,0.30265788570524843
0.0,0.08060138635811849
7.000000358621273,3.560287284329649
0.0,-0.04275411096531164
0.0,-0.00999181626254233
0.0,0.5219885495813634
0.0,0.6132009566581088
0.0,0.9082207471730781
0.0,1.1731167093485753
0.0,1.4867140680311728
0.0,0.44942601768648394
0.0,1.0955544589713953
7.000000358621273,2.8075493005629997
0.0,0.30265788570524843
0.0,0.08060138635811849
7.000000358621273,3.560287284329649
0.0,-0.030107421416216924
0.0,0.02266239895397347
0.0,0.30265788570524843
0.0,0.1570134486563716
7.000000358621273,4.116738038277083
0.0,0.014550206440336
0.0,0.05115459015505708
0.0,-0.035093736428426184
0.0,0.7936073606299111
0.0,0.5493453906587048
0.0,0.5891620347740704
0.0,0.5823555374890127
0.0,0.5891620347740704
0.0,3.285366781700417
0.0,-0.11072369055717911
0.0,0.8565742631139731
0.0,0.005958313145944155
0.0,-0.27833950819395814
0.0,0.02468515741860104
0.0,-0.3048718341362266
0.0,0.33446337885074073
0.0,-0.25662382457394894
0.0,0.5391761913488355
0.0,0.7061082078726694
0.0,1.0370681706764708
0.0,1.6096220956607903
0.0,3.7578155230652652
0.0,-0.04275411096531164
0.0,-0.00999181626254233
4.0,1.7777494865439918
0.0,-0.16491378565278217
0.0,-0.35636635243075293
0.0,0.5288946987527511
0.0,0.38928805428952284
7.000000358621273,4.071789165118917
0.0,-0.035093736428426184
0.0,0.7936073606299111
0.0,-0.04275411096531164
0.0,-0.00999181626254233
0.0,0.30984799568363436
4.0,-0.4338675475361463
0.0,0.30265788570524843
0.0,-0.37418265729039396
0.0,3.6937711429654465
0.0,1.186255606595332
7.000000358621273,4.161997477457963
0.0,-0.1516854123983264
0.0,0.6186731138403784
0.0,0.02468515741860104
0.0,-0.3048718341362266
0.0,0.005958313145944155
0.0,-0.27833950819395814
0.0,0.5804432792042338
0.0,0.3913351990007377
0.0,0.5008075254522483
7.000000358621273,3.767880946344161
0.0,0.30265788570524843
0.0,0.08060138635811849
0.0,0.5155222942293892
0.0,2.9284615111511494
7.000000358621273,4.040418051990761
0.0,0.30265788570524843
0.0,0.8886107083594977
7.000000358621273,4.324304086453548
0.0,-0.1516854123983264
0.0,0.6186731138403784
0.0,-0.11072369055717911
0.0,0.8565742631139731
0.0,0.30265788570524843
0.0,-0.37418265729039396
7.000000358621273,3.6937711429654465
0.0,-0.1516854123983264
0.0,0.6186731138403784
0.0,0.08449179958665312
0.0,-0.1290697686928649
0.0,0.30265788570524843
0.0,0.08060138635811849
7.000000358621273,3.560287284329649
0.0,-0.02009713615809747
0.0,-0.30670411987705026
0.0,-0.11072369055717911
0.0,0.8565742631139731
0.0,-0.02009713615809747
0.0,-0.30670411987705026
0.0,0.30265788570524843
0.0,0.08060138635811849
7.000000358621273,3.560287284329649
0.0,0.30265788570524843
0.0,0.1570134486563716
7.000000358621273,4.116738038277083
0.0,-0.02009713615809747
0.0,-0.030107421416216924
0.0,0.02266239895397347
0.0,0.5251833720225917
0.0,0.5891620347740704
0.0,0.48601852207152557
0.0,0.7734558036935839
2.0,0.9190797993298803
7.000000358621273,2.4032436218309985
0.0,0.0060303063665676036
0.0,-0.12113536267548684
0.0,0.5060491339834181
0.0,0.5866492651670798
0.0,0.6131638393563178
0.0,0.581911250559001
0.0,0.5756695817794573
7.000000358621273,3.4805378028063547
0.0,0.014550206440336
0.0,0.05115459015505708
0.0,0.005958313145944155
0.0,-0.27833950819395814
0.0,0.5804432792042338
0.0,0.3753277798438348
0.0,0.5740991792234917
0.0,0.4979188310954768
0.0,0.5857011601756814
0.0,0.6649513064035056
0.0,1.475993533341199
0.0,1.8732433385201923
0.0,2.425895934561659
0.0,3.8561308279094852
0.0,-0.011868302075305447
0.0,-0.2035944968848363
0.0,0.35180477948915834
0.0,0.5006760459279093
3.0,0.5891620347740704
0.0,1.5635292206406626
7.000000358621273,2.015331238746016
0.0,-0.0429461526571864
0.0,0.005346415598304008
3.0,0.5995879172603343
0.0,3.7384227190880117
7.000000358621273,3.093155820584646
0.0,0.30265788570524843
0.0,-0.37418265729039396
0.0,0.36102605311826574
0.0,2.485747135422924
0.0,3.738847326675649
0.0,3.3714251286643475
0.0,0.30265788570524843
0.0,0.1570134486563716
7.000000358621273,4.116738038277083
0.0,-0.11072369055717911
0.0,0.8565742631139731
0.0,-0.030107421416216924
0.0,0.02266239895397347
0.0,-0.030574346314108485
0.0,0.6865938761114122
0.0,2.102621449783877
0.0,2.0889212205890213
0.0,2.935235149762037
0.0,2.955982286978067
0.0,3.247682141055071
0.0,3.2139279895655553
0.0,4.0603656430778745
0.0,0.30265788570524843
0.0,0.48900646486569455
0.0,0.934726983417711
7.000000358621273,2.3440587392956034
0.0,0.30265788570524843
0.0,0.08060138635811849
7.000000358621273,3.560287284329649
0.0,0.005958313145944155
0.0,-0.27833950819395814
0.0,0.014550206440336
0.0,0.05115459015505708
0.0,-0.0429461526571864
0.0,0.005346415598304008
3.0,0.5995879172603343
0.0,3.7384227190880117
7.000000358621273,3.093155820584646
0.0,0.32806911671939
0.0,-0.17846859392129769
0.0,0.5352033400550914
0.0,0.8778675805293035
7.000000358621273,4.8213607023525915
0.0,0.30265788570524843
0.0,-0.37418265729039396
7.000000358621273,3.6937711429654465
0.0,0.30265788570524843
0.0,0.1570134486563716
7.000000358621273,4.116738038277083
0.0,0.026566170824940102
0.0,0.050277626658757874
7.000000358621273,3.3091376341826324
0.0,0.30265788570524843
0.0,0.1570134486563716
7.000000358621273,4.116738038277083
0.0,0.30265788570524843
0.0,0.08060138635811849
7.000000358621273,3.560287284329649
0.0,0.30265788570524843
0.0,0.08060138635811849
7.000000358621273,3.560287284329649
0.0,0.30265788570524843
0.0,0.1570134486563716
7.000000358621273,4.116738038277083
0.0,0.30265788570524843
0.0,0.08060138635811849
0.0,0.5155222942293892
0.0,0.48608437390284304
0.0,3.758912904161692
7.000000358621273,4.991683572671194
0.0,0.3347791000542594
0.0,0.28907449980401345
0.0,0.3221258656669262
7.000000358621273,3.5606265400542307
0.0,0.30265788570524843
0.0,0.1570134486563716
7.000000358621273,4.116738038277083
0.0,0.03435372143088453
0.0,-0.10434596983206125
0.0,0.30265788570524843
0.0,0.08060138635811849
7.000000358621273,3.560287284329649
0.0,-0.03757472322506677
0.0,-0.2080474075806082
0.0,0.5419736614192007
0.0,0.8503933358126018
0.0,0.5398936132061567
0.0,1.6084940524454923
0.0,0.5597656248599135
0.0,1.3548918810654065
0.0,0.5492772077891106
0.0,0.6273563659041541
0.0,3.4445365304180773
0.0,0.3347791000542594
0.0,0.28907449980401345
0.0,0.3221258656669262
0.0,0.5186092164950007
0.0,0.4538743111333616
0.0,0.41851532944563963
0.0,0.35573811520134613
2.0,0.3466182641511058
7.000000358621273,3.067168688633176
0.0,0.021086527423589463
0.0,-0.17067037433247131
0.0,0.6569909451714694
0.0,0.49521330255406487
0.0,0.4950740678446897
0.0,0.4478226668010301
10.0,0.7982593957877062
7.000000358621273,1.6009327022077084
0.0,0.30265788570524843
0.0,0.48900646486569455
0.0,0.934726983417711
7.000000358621273,2.3440587392956034
0.0,-0.16710971336477484
0.0,-0.39113172625577514
0.0,0.5307701087016942
0.0,2.500970967097574
7.000000358621273,5.086604885784504
0.0,0.30265788570524843
0.0,0.8886107083594977
0.0,2.364207158295789
7.000000358621273,4.507587170969464
0.0,0.005494481356535174
0.0,-0.42943436101040827
3.0,0.647629674762781
0.0,6.98561103864969
7.000000358621273,2.538037344667678
0.0,0.03435372143088453
0.0,-0.10434596983206125
0.0,0.4154560210180756
0.0,0.5609882096083963
0.0,3.9656135992055823
0.0,0.32640170710898536
0.0,-0.09084629958432208
7.000000358621273,2.0505609374646983
0.0,-0.012323123505221705
0.0,-0.26899733436807527
0.0,0.30265788570524843
0.0,0.8886107083594977
0.0,2.364207158295789
7.000000358621273,4.507587170969464
0.0,-0.012323123505221705
0.0,-0.26899733436807527
0.0,0.30265788570524843
0.0,0.1570134486563716
7.000000358621273,4.116738038277083
0.0,0.30265788570524843
0.0,0.48900646486569455
0.0,1.239083837405418
0.0,0.46466710800991373
0.0,0.6858897232412047
7.000000358621273,3.310320367142115
0.0,0.14990476812086398
0.0,-0.1971105346074908
0.0,0.30265788570524843
0.0,0.08060138635811849
7.000000358621273,3.560287284329649
0.0,0.30265788570524843
0.0,0.08060138635811849
7.000000358621273,3.560287284329649
0.0,0.30265788570524843
0.0,0.8886107083594977
0.0,2.364207158295789
7.000000358621273,4.507587170969464
0.0,0.30265788570524843
0.0,0.8886107083594977
0.0,2.364207158295789
7.000000358621273,4.507587170969464
0.0,0.0920318118586731
0.0,-0.019770521833401052
0.0,0.5000433483464153
0.0,0.14024933861271663
2.0,0.5613948413047072
0.0,3.97993262940759
0.0,2.4554378998851334
0.0,1.39233588683634
0.0,2.083445432366359
0.0,1.2706626819061582
0.0,1.7044010361285828
0.0,0.1358507590398561
0.0,-0.12323656954365801
0.0,1.3433362967404554
0.0,0.515729308359426
0.0,3.312708067580027
0.0,3.885447758383938
0.0,4.377216862228824
7.000000358621273,4.719684757555881
0.0,-0.31106316145452484
0.0,2.3515175238492114
7.000000358621273,4.85657444242461
0.0,0.1358507590398561
0.0,-0.12323656954365801
0.0,0.30265788570524843
0.0,0.4720915994042583
0.0,0.4624808630723013
0.0,0.9643793144380566
0.0,1.4953400751741912
0.0,1.640078186610014
7.000000358621273,3.7941861753650854
0.0,0.026566170824940102
0.0,0.050277626658757874
0.0,0.5418316473949571
0.0,1.214976598168808
0.0,2.878462533221778
7.000000358621273,4.454236159998164
0.0,0.021086527423589463
0.0,-0.17067037433247131
0.0,0.5090781837410439
0.0,0.6984305746870043
0.0,1.6501889754799877
0.0,1.7436775966062952
7.000000358621273,4.173723675853707
0.0,0.026566170824940102
0.0,0.050277626658757874
0.0,0.5418316473949571
0.0,1.214976598168808
0.0,2.878462533221778
7.000000358621273,4.454236159998164
0.0,0.026566170824940102
0.0,0.050277626658757874
0.0,0.5418316473949571
0.0,1.214976598168808
0.0,2.878462533221778
7.000000358621273,4.454236159998164
0.0,0.021086527423589463
0.0,-0.17067037433247131
0.0,0.5090781837410439
0.0,0.6984305746870043
0.0,1.6501889754799877
0.0,1.7436775966062952
7.000000358621273,4.173723675853707
0.0,0.14990476812086398
0.0,-0.1971105346074908
0.0,0.4229784608477018
0.0,0.475882091780508
0.0,0.021086527423589463
0.0,-0.17067037433247131
0.0,0.5090781837410439
0.0,0.6984305746870043
0.0,1.6501889754799877
0.0,1.7436775966062952
7.000000358621273,4.173723675853707
0.0,0.021086527423589463
0.0,-0.17067037433247131
0.0,0.5090781837410439
0.0,0.6984305746870043
0.0,1.6501889754799877
0.0,1.7436775966062952
7.000000358621273,4.173723675853707
0.0,0.1358507590398561
0.0,-0.12323656954365801
0.0,-0.01380916040663349
0.0,-0.29523343913856304
0.0,2.7389968717466324
0.0,0.6294580658765762
0.0,3.353968879563142
0.0,0.30265788570524843
0.0,0.4720915994042583
0.0,0.4624808630723013
0.0,0.9643793144380566
0.0,1.4953400751741912
0.0,1.640078186610014
0.0,1.8574109265446805
0.0,2.371551184041927
0.0,2.6848893491992167
7.000000358621273,3.698622930172493
0.0,-0.0626392571232047
0.0,-0.4218863694150564
0.0,1.8920257690902174
0.0,4.770856068427808
0.0,0.30265788570524843
0.0,0.8886107083594977
0.0,2.364207158295789
7.000000358621273,4.507587170969464
0.0,0.1358507590398561
0.0,-0.12323656954365801
3.0,1.3433362967404554
0.0,4.008976290471756
7.000000358621273,2.4557368107164645
0.0,0.10497839844760024
0.0,0.13996203814511035
0.0,0.5891620347740704
0.0,0.48918967550871323
0.0,0.7385276158104643
7.000000358621273,2.2865098870091956
0.0,-0.02557704852540312
0.0,-0.21109882634015872
0.0,0.5681986489302148
0.0,0.6475742677760497
0.0,2.241138378680396
0.0,2.8804464261059075
7.000000358621273,5.271872580427097
0.0,0.30265788570524843
0.0,0.08060138635811849
7.000000358621273,3.560287284329649
0.0,0.30265788570524843
0.0,0.08060138635811849
7.000000358621273,3.560287284329649
0.0,0.06873043945092214
0.0,-0.1527347382441257
0.0,0.7436895207636338
0.0,0.6360016041129557
7.000000358621273,3.2005758023164783
0.0,0.021086527423589463
0.0,-0.17067037433247131
0.0,0.5090781837410439
0.0,2.833813467448126
7.000000358621273,4.756684790190417
0.0,-0.3858093382827851
0.0,0.7807706914612633
0.0,1.5029037564502519
7.000000358621273,4.028994171328445
0.0,0.0626030812022563
0.0,0.9096943219852412
0.0,1.9133289485905647
0.0,0.5409319562754599
0.0,3.7318391497519956
7.000000358621273,4.993595024058108
0.0,-0.01380916040663349
0.0,-0.29523343913856304
0.0,0.5034669711600358
0.0,0.5850458694539669
0.0,0.4982089557056107
0.0,0.8005248960267273
0.0,0.5110091799873551
0.0,0.8871902991511076
7.000000358621273,3.941304097570807
0.0,0.30265788570524843
0.0,0.8886107083594977
0.0,0.9109161446635182
0.0,1.682268365622995
7.000000358621273,4.644032524080522
0.0,-0.01380916040663349
0.0,-0.29523343913856304
0.0,0.13319516851075702
0.0,0.20650511196694085
7.000000358621273,3.84930483059269
0.0,0.2882516432923298
0.0,0.15945346297253285
7.000000358621273,2.0144016924055133
0.0,0.005958313145944155
0.0,-0.27833950819395814
0.0,-0.0429461526571864
0.0,0.005346415598304008
3.0,0.5995879172603343
0.0,6.935903261194273
7.000000358621273,2.2684464920922216
0.0,0.13417913562948972
0.0,-0.07077646347065779
0.0,0.5233908484154498
0.0,0.6286264679713548
0.0,1.0840868265137313
0.0,1.307278720812263
0.0,1.2603099133319968
7.000000358621273,3.4374085739891274
0.0,0.005494481356535174
0.0,-0.42943436101040827
7.000000358621273,3.1197795052962984
0.0,-0.048912489954121584
0.0,-0.2886184007858109
7.000000358621273,4.057317003633192
0.0,0.14990476812086398
0.0,-0.1971105346074908
0.0,0.13319516851075702
0.0,0.20650511196694085
7.000000358621273,3.84930483059269
0.0,-0.048912489954121584
0.0,-0.2886184007858109
7.000000358621273,4.057317003633192
0.0,-0.03757472322506677
0.0,-0.2080474075806082
2.0,0.5419736614192007
0.0,3.303540273348307
0.0,1.0062392032582894
0.0,1.4823358402155744
0.0,1.603844348325974
0.0,1.19647819564727
0.0,2.003270088080971
0.0,-0.048912489954121584
0.0,-0.2886184007858109
7.000000358621273,4.057317003633192
0.0,0.04944428047482891
0.0,-0.10399201063527248
0.0,0.43116955004147456
0.0,0.4955649307125769
0.0,0.5483254717573196
2.0,0.6661126565695652
0.0,3.3124728120247147
7.000000358621273,2.46255097353124
0.0,0.30265788570524843
0.0,0.06548294451017175
7.000000358621273,3.9609361019373797
0.0,0.10497839844760024
0.0,0.13996203814511035
0.0,0.5891620347740704
0.0,2.42607309347069
0.0,0.30265788570524843
0.0,0.022191170600801804
0.0,0.5648732435178309
0.0,0.933248656873676
7.000000358621273,4.583467846195942
0.0,0.03435372143088453
0.0,-0.10434596983206125
0.0,0.4154560210180756
0.0,0.49852270449212593
0.0,0.45758783441882017
0.0,0.5288517090276091
3.0,0.5367205770072839
7.000000358621273,3.1937160945999885
0.0,0.30265788570524843
0.0,0.06548294451017175
0.0,0.5118718882880389
0.0,0.8259883512637993
7.000000358621273,4.52519260652038
0.0,0.005958313145944155
0.0,-0.27833950819395814
0.0,0.5804432792042338
0.0,1.6878338091639928
0.0,4.947277652120868
0.0,0.005494481356535174
0.0,-0.42943436101040827
0.0,0.33788879477072803
0.0,0.9740412887844424
0.0,2.9008501834527123
0.0,3.049411197662363
0.0,3.5389231392128333
7.000000358621273,4.526370318782036
0.0,0.10497839844760024
0.0,0.13996203814511035
0.0,-0.07913238396719045
0.0,0.36206775826200654
0.0,0.4729708491111751
0.0,0.2423773703521338
0.0,0.5543280298028623
0.0,0.016856723987495593
2.0,0.5891620347740704
0.0,1.5986536640156186
0.0,2.345990990716371
0.0,2.2279160123322685
0.0,3.2568545973633447
0.0,1.6296378247898389
0.0,2.2149201153182565
0.0,1.4710128217863858
0.0,1.605236157487815
0.0,1.6391030953677965
0.0,1.2303658439057874
0.0,1.1741948145515602
0.0,1.472036237245186
0.0,1.1400443865550016
0.0,1.6254952111508265
0.0,1.6592332246830415
0.0,1.6332869755567325
0.0,1.657273000802953
0.0,1.5069276664477882
0.0,1.5939166356160415
0.0,1.8786744783943234
0.0,1.5734189194956207
0.0,1.6633372865351699
0.0,1.419504765538791
0.0,1.5133312079045866
0.0,1.5256848142180424
0.0,1.3957900372858538
0.0,1.45677232964324
0.0,1.4499100219225185
0.0,1.4342507343667126
2.0,1.4475732457054207
0.0,1.2819354037017605
0.0,1.3426853991293393
0.0,-0.0596619384842585
0.0,-0.28505854671597947
0.0,0.6143590344050491
0.0,0.4501904189306129
0.0,0.21659456287115061
0.0,0.5906589199690008
0.0,-0.21994215797482264
2.0,-0.25697957687710443
0.0,3.2640141124643485
0.0,1.7626239170982374
0.0,4.1163557479997
0.0,1.3065564575677515
0.0,1.9395274877826698
0.0,0.07439907626332412
0.0,-0.20657481897694674
0.0,0.13417913562948972
0.0,-0.07077646347065779
0.0,-0.05879237155172198
0.0,-0.08280134855943627
0.0,0.04944428047482891
0.0,-0.10399201063527248
0.0,-0.050135522979196025
0.0,-0.026555143220784828
0.0,0.30265788570524843
0.0,0.022191170600801804
7.000000358621273,3.987288310345112
0.0,0.13319516851075702
0.0,0.20650511196694085
7.000000358621273,3.84930483059269
0.0,0.13319516851075702
0.0,0.20650511196694085
7.000000358621273,3.84930483059269
0.0,-0.050135522979196025
0.0,-0.026555143220784828
0.0,0.08965146315686418
0.0,-0.3495156102460967
0.0,0.5891620347740704
0.0,0.5707526151559805
0.0,0.5487426827811941
0.0,1.78575283750117
0.0,1.6104777660189846
0.0,2.4461478157992036
0.0,1.0688601258688946
0.0,2.5638968074458384
0.0,4.262937531401775
0.0,0.13319516851075702
0.0,0.20650511196694085
7.000000358621273,3.84930483059269
0.0,-0.11250056931127143
0.0,-0.1340884492749933
0.0,0.47659512052723063
0.0,0.4976964859060046
0.0,1.522866409630846
0.0,2.508715034874126
7.000000358621273,4.115813512634407
0.0,0.014608527224913277
0.0,-0.11228503792599276
0.0,0.3599599617279377
0.0,1.5464297997064327
0.0,2.979220048937459
0.0,2.3252074534410965
0.0,0.9670323049629239
0.0,-0.3788319131333207
0.0,0.6927376412833334
0.0,0.6802144967629051
7.000000358621273,0.44377342917606405
0.0,0.08965146315686418
0.0,-0.3495156102460967
0.0,0.02900403341346128
0.0,-0.13750767897801544
3.0,0.5073377050461958
0.0,6.3664671895603915
7.000000358621273,2.208873222717797
0.0,0.008829704026276898
0.0,-0.16862372272550732
0.0,0.5215358350514281
0.0,0.5891620347740704
0.0,3.9271005434188155
0.0,0.25586861299994945
0.0,-0.005226815403644381
7.000000358621273,2.663319176160866
0.0,0.06873043945092214
0.0,-0.1527347382441257
3.0,0.7436895207636338
0.0,4.252662673299247
7.000000358621273,1.7072777166726976
0.0,0.13417913562948972
0.0,-0.07077646347065779
0.0,0.7212588359798986
7.000000358621273,2.5924588401399054
0.0,-0.048912489954121584
0.0,-0.2886184007858109
7.000000358621273,4.057317003633192
0.0,-0.11433841368183192
3.0,0.14035558016494426
0.0,0.13319516851075702
0.0,0.20650511196694085
7.000000358621273,3.84930483059269
0.0,-0.048912489954121584
0.0,-0.2886184007858109
7.000000358621273,4.057317003633192
0.0,-0.31106316145452484
0.0,2.3515175238492114
7.000000358621273,4.85657444242461
0.0,-0.050135522979196025
0.0,-0.026555143220784828
7.000000358621273,3.1249741344406603
0.0,0.10497839844760024
0.0,0.13996203814511035
2.0,0.5891620347740704
0.0,6.838976537920434
0.0,2.213324071341247
0.0,-0.003078180872073695
0.0,-0.09123504504462504
0.0,0.7345241023978494
0.0,2.260968341989853
0.0,5.437534091434797
0.0,5.093623821346357
0.0,0.07851394158131182
0.0,-0.06046542944718172
0.0,0.06873043945092214
0.0,-0.1527347382441257
0.0,-0.012967431450440154
0.0,0.36153664015618675
0.0,0.13319516851075702
0.0,0.20650511196694085
7.000000358621273,3.84930483059269
0.0,0.21141548892451992
0.0,-0.14612741024875048
0.0,-0.07913238396719045
0.0,0.36206775826200654
0.0,-0.005122142819487623
0.0,0.1320081320959943
0.0,-0.010204030401042584
0.0,-0.17123125800397854
0.0,0.5219955426961936
0.0,0.5891620347740704
0.0,4.1053181024487735
0.0,0.014485385645179394
0.0,-0.18145752292396836
0.0,0.40166613650488425
0.0,0.5588005750133497
0.0,-0.10074595017961546
0.0,-1.402687758857318
7.000000358621273,4.513008090137306
0.0,0.10497839844760024
0.0,0.13996203814511035
0.0,0.29895579347287765
0.0,-0.16135169019999232
4.0,0.5772733809415028
0.0,5.016335916243285
0.0,2.3691080766172834
0.0,2.6007067708055027
7.000000358621273,2.6749964227527983
0.0,0.13319516851075702
0.0,0.20650511196694085
0.0,0.5337916274125798
0.0,0.5717260477748088
7.000000358621273,4.195181421122864
0.0,0.30265788570524843
0.0,-0.05795924950608885
0.0,0.5179903258325304
0.0,0.46966960580708256
0.0,0.5419305820387404
0.0,0.5618470627303918
0.0,0.5891620347740704
0.0,0.548776617319184
0.0,0.5852867284666753
0.0,0.5675603478913248
0.0,0.5891620347740704
0.0,0.5720668276398022
0.0,0.5534853594658264
7.000000358621273,2.4348333146252568
0.0,-0.008452613757357563
0.0,-0.23740235191003484
7.000000358621273,3.7482876730751093
0.0,0.014485385645179394
0.0,-0.18145752292396836
0.0,0.05323952458295036
0.0,-0.15636080276654796
0.0,0.5167323720609642
0.0,0.4913071548171623
0.0,3.8229884843122917
5.0,1.03871540784025
0.0,2.5086088829772164
1.0,2.3959307961356404
0.0,3.8438007112894335
0.0,2.998479804422302
0.0,3.2857956927433345
0.0,2.941801684587569
0.0,3.4113827109401362
3.0,3.152504772352595
0.0,3.3621874032843255
0.0,2.4395603016291805
0.0,0.03500735352920988
0.0,-0.08373878456795282
0.0,0.21141548892451992
0.0,-0.14612741024875048
0.0,0.30265788570524843
0.0,0.1292011137342265
7.000000358621273,3.6475900471120766
0.0,-0.005122142819487623
0.0,0.1320081320959943
0.0,-0.01154948776330422
0.0,-0.2269979418725123
7.000000358621273,2.9280150276658383
0.0,0.014485385645179394
0.0,-0.18145752292396836
0.0,0.4563626496661057
0.0,0.891865913657625
0.0,3.38042580538269
7.000000358621273,4.595023340865575
0.0,-0.03321855061777894
0.0,-0.07096783274764502
0.0,0.8135703724317785
0.0,0.4740546025992153
0.0,0.49802005194987764
0.0,0.7766552433837065
0.0,1.0802548685527515
3.0,1.841998101458979
0.0,2.592846151115115
0.0,2.644028041314605
0.0,0.09485138196500789
0.0,0.2402251496078297
0.0,-0.05879237155172198
0.0,-0.08280134855943627
0.0,0.7313307144417145
0.0,0.5891620347740704
0.0,0.585819953472476
0.0,0.5810824319686478
7.000000358621273,2.1359527867921217
0.0,0.008205030595773936
0.0,-0.05017676442563038
0.0,1.3066278232011468
0.0,1.2874474126730302
0.0,0.5520281467492595
0.0,0.5891634244315046
0.0,0.7910988944782007
0.0,3.3019132086311536
2.0,3.64409671728845
1.0,2.976631879207748
0.0,2.332151795778095
0.0,-0.012967431450440154
0.0,0.36153664015618675
0.0,1.583431266826062
0.0,0.4658395754354469
0.0,2.068839325835041
0.0,4.226707817262379
0.0,0.014608527224913277
0.0,-0.11228503792599276
3.0,0.3599599617279377
0.0,5.201792962918201
7.000000358621273,1.9456023528424502
0.0,-0.06389972124368423
0.0,-0.6042552386499057
0.0,-0.01154948776330422
0.0,-0.2269979418725123
7.000000358621273,2.9280150276658383
0.0,0.13417913562948972
0.0,-0.07077646347065779
0.0,-0.055542455917376526
0.0,-0.19795840495299014
4.0,0.02603500789146112
0.0,0.21141548892451992
0.0,-0.14612741024875048
0.0,-0.10074595017961546
0.0,-1.402687758857318
0.0,0.03435372143088453
0.0,-0.10434596983206125
0.0,0.3352952233080876
0.0,0.4736145294691652
0.0,0.48989288699807815
0.0,0.47434871687101504
0.0,0.461257605908931
2.0,0.5345151458315477
7.000000358621273,2.83154823617506
0.0,0.18264832486210114
0.0,-0.17434964928632574
0.0,-0.06814727643280855
0.0,-0.24640697346238438
0.0,-0.05879237155172198
0.0,-0.08280134855943627
0.0,-0.0429461526571864
0.0,0.005346415598304008
7.000000358621273,4.27944737896263
0.0,0.011059611103918763
0.0,-0.4963560492415698
0.0,0.5183689402418613
0.0,0.4918092694275006
0.0,0.5586625506507721
0.0,0.6112886983733298
0.0,0.6445387628355036
3.0,0.8218070065272658
0.0,4.664125356783339
0.0,2.6712368166337153
0.0,2.785956893005702
0.0,1.6094827712960966
0.0,2.9794628355395116
0.0,1.831247532237363
0.0,2.7806675878451776
0.0,1.9909071576144082
0.0,1.9325044280761725
0.0,2.350809426144997
0.0,2.1268923996317675
0.0,2.752491073019953
0.0,2.412576919780366
0.0,0.014608527224913277
0.0,-0.11228503792599276
0.0,0.3599599617279377
0.0,0.4919040350989813
0.0,0.5391134774536599
0.0,0.48132775581620946
0.0,1.7420593181103385
0.0,0.9903012669730966
0.0,0.3468903904560838
0.0,0.3502381424565629
0.0,0.4429213002029438
0.0,0.4899355181019467
7.000000358621273,1.6717688312927186
0.0,-0.17975012704158608
0.0,0.036604697508335254
0.0,0.07851394158131182
0.0,-0.06046542944718172
0.0,0.3598889771296455
0.0,0.01848943698970434
0.0,0.6578836431761365
4.0,2.470036296059075
0.0,2.6262956538329263
0.0,2.1960347604427826
0.0,2.3896149375801743
0.0,2.427643316716019
0.0,2.44411030903471
0.0,1.9415006220285986
0.0,2.1606944270612742
0.0,1.6401920488643003
0.0,2.004129882583809
0.0,1.6811645293436477
0.0,1.7659800742848106
0.0,1.8146930363279763
7.000000358621273,2.3125231983136194
0.0,-0.09614600476177326
0.0,-0.07647500033172468
0.0,0.13319516851075702
0.0,0.20650511196694085
0.0,0.5337916274125798
0.0,0.7779328316699881
0.0,0.5549237893932021
0.0,0.17771773063023744
7.000000358621273,3.7097860931690896
0.0,-0.04612595783259344
0.0,0.030933012415109862
0.0,0.5327041532288287
0.0,3.000841146196624
7.000000358621273,4.918977771577614
0.0,0.10497839844760024
0.0,0.13996203814511035
2.0,0.48473564412146214
0.0,4.707943138445384
1.0,2.3015856080979553
0.0,3.010302471940575
0.0,0.019097927635247737
0.0,-0.014927386364573669
0.0,0.5196065870838245
0.0,0.5806443312556012
0.0,1.199218689762833
0.0,2.145827244242963
0.0,4.03112151272191
0.0,2.4769709556216934
0.0,1.615349994638612
0.0,2.134104990681226
3.0,3.0563627124248285
0.0,4.1615047318283915
7.000000358621273,2.262832455368686
0.0,0.014485385645179394
0.0,-0.18145752292396836
0.0,0.4563626496661057
0.0,0.4926880260301665
0.0,0.5087690073757637
3.0,0.5463114995138889
0.0,3.5813451668790304
2.0,2.4715182984711617
0.0,3.510565162023298
4.0,2.4180186389820606
0.0,3.049490452963772
0.0,1.7248600211514826
0.0,1.6263847712193518
0.0,1.2344600436728987
0.0,0.059800276640450255
0.0,-0.05230249202336633
0.0,-0.050135522979196025
0.0,-0.026555143220784828
0.0,-0.0805592035308416
0.0,-0.47763583946246974
0.0,-0.027746527918486818
0.0,-0.13065729541463253
0.0,0.5360135551668898
0.0,0.5979708939388343
0.0,0.7357967148139635
0.0,1.063922628177519
7.000000358621273,1.8673255495781358
0.0,0.005958313145944155
0.0,-0.27833950819395814
0.0,0.30265788570524843
0.0,0.4720915994042583
0.0,1.251923734165526
0.0,0.4467772409615784
0.0,1.2776575001873796
0.0,1.5615969692198948
7.000000358621273,3.5734074436148737
0.0,-0.0805592035308416
0.0,-0.47763583946246974
0.0,0.02581911788490911
0.0,0.4870878858809729
0.0,3.575565267816574
0.0,2.2767349469617066
2.0,2.748279604096459
7.000000358621273,2.963600299377039
0.0,-0.16231983315503878
0.0,0.06409611121849826
0.0,0.2840070019010514
0.0,0.061707379744424966
0.0,0.440215547523236
0.0,0.4023846342260254
2.0,0.5125304514288727
0.0,3.3322134786371103
7.000000358621273,3.2659937018931977
0.0,-0.04897941764925907
0.0,-0.11354612963370064
0.0,0.13417913562948972
0.0,-0.07077646347065779
0.0,0.5233908484154498
0.0,0.5496932532938468
0.0,0.6380791419770863
0.0,0.6879581162628651
0.0,0.6339515007762357
0.0,0.637685779267889
0.0,1.0578956390577299
0.0,1.0050703668731489
0.0,1.1433038056530906
0.0,0.6246342959565093
0.0,0.45619867008886994
0.0,0.5703639593509959
2.0,0.9284177593558014
0.0,1.30056084780938
0.0,3.7274295425749795
3.0,1.3352475042649035
0.0,2.039442960748543
0.0,-0.03651885254102896
0.0,0.02284964408631727
0.0,0.34351885738241617
0.0,-0.023487541676274728
0.0,0.46310827099001345
0.0,0.3476750762159861
7.000000358621273,4.279192040616011
2.0,0.12456364756566086
0.0,2.576966401131522
0.0,0.30265788570524843
0.0,0.4720915994042583
0.0,0.4624808630723013
0.0,0.9643793144380566
0.0,1.4953400751741912
7.000000358621273,3.875201948604551
0.0,0.1254223213770196
0.0,0.9651326880780302
0.0,0.7830038261303653
11.000000358621273,0.5402174482159847
0.0,1.9000230234857485
0.0,0.014608527224913277
0.0,-0.11228503792599276
6.0,0.4859402978062778
0.0,-0.09614600476177326
0.0,-0.07647500033172468
0.0,-0.012967431450440154
2.0,0.36153664015618675
0.0,-0.055542455917376526
0.0,-0.19795840495299014
0.0,-0.07244911791718503
0.0,-0.44649280946415887
0.0,0.5364067385654504
0.0,0.48962275552393314
0.0,0.5005406215695634
0.0,0.6887573037705083
0.0,0.5353842644874925
0.0,-0.063856641863224
0.0,0.6348245642661874
0.0,0.0498638673646393
0.0,-0.11987126751461472
0.0,0.17856954580974352
0.0,-0.07160546137164747
2.0,0.39745296413034165
0.0,3.34986015563446
0.0,2.8322592028494613
0.0,3.218846480329444
0.0,4.241641882948168
0.0,1.7392172445191014
0.0,1.7485297424346153
0.0,2.7893942779106866
0.0,2.7246088069495067
0.0,2.3697557466369394
0.0,1.3084713158567625
0.0,-0.09614600476177326
0.0,-0.07647500033172468
0.0,-0.005122142819487623
0.0,0.1320081320959943
0.0,0.12724644848387479
0.0,0.08662631340558595
0.0,0.5273833342239095
0.0,0.22919333165259498
0.0,0.3554098422532605
0.0,0.4422329266687634
10.0,0.5891620347740704
0.0,2.1154380361612173
7.000000358621273,1.4076941118331752
0.0,-0.010204030401042584
0.0,-0.17123125800397854
0.0,0.5219955426961936
0.0,0.5891620347740704
3.0,0.8908396292286379
0.0,4.404078312844702
0.0,2.5339564138876804
0.0,2.403649939733695
0.0,0.03297742263911547
0.0,0.10643278702163957
0.0,0.5520704640595139
0.0,0.44012082667941443
0.0,0.8515800136060911
7.000000358621273,4.453055220145048
0.0,0.13319516851075702
0.0,0.20650511196694085
7.000000358621273,3.84930483059269
0.0,-0.013502987494517577
3.0,-0.28172067921434685
0.0,-0.086641554809703
0.0,-0.2854729335973264
0.0,-0.0429461526571864
0.0,0.005346415598304008
0.0,-0.07913238396719045
0.0,0.36206775826200654
0.0,-0.03321855061777894
0.0,-0.07096783274764502
0.0,0.49652504951663234
0.0,0.4204583843322669
3.0,0.3690922076259379
7.000000358621273,2.0813268771940896
0.0,0.05323952458295036
0.0,-0.15636080276654796
0.0,0.5382765898846567
0.0,0.501669650993363
0.0,0.03268604285452492
0.0,0.03021518710885626
0.0,0.6081334139274875
7.000000358621273,3.000316303963088
0.0,0.2977045414363571
0.0,0.2711072826297841
0.0,0.5737758821455737
0.0,0.5891620347740704
7.000000358621273,2.3903214214886583
0.0,-0.16231983315503878
0.0,0.06409611121849826
0.0,-0.048912489954121584
0.0,-0.2886184007858109
7.000000358621273,4.057317003633192
0.0,-0.17975012704158608
0.0,0.036604697508335254
0.0,0.008829704026276898
0.0,-0.16862372272550732
0.0,0.5215358350514281
0.0,0.5891620347740704
0.0,0.8813724758889953
0.0,0.4605634047790588
0.0,0.4688561182761649
0.0,0.43329438108602714
0.0,0.4613918647481385
2.0,0.7774356929298175
0.0,2.5220464220893493
0.0,1.5185129266831083
7.000000358621273,2.840548733582766
0.0,0.21141548892451992
0.0,0.2053695825325619
0.0,0.48156171136940606
0.0,0.636264339023338
4.0,2.40411668532095
0.0,2.768976713644858
0.0,-0.03651885254102896
0.0,0.02284964408631727
0.0,0.014485385645179394
0.0,-0.18145752292396836
0.0,0.40166613650488425
0.0,0.4821242536643025
0.0,0.5014303161210663
0.0,0.5830135178702773
0.0,0.7249193729722209
0.0,1.0016033060577947
0.0,1.0603279878441734
5.0,1.0029116461182654
0.0,1.6800886655236211
0.0,1.946476312885585
0.0,-0.01380916040663349
0.0,-0.29523343913856304
0.0,0.1358507590398561
0.0,-0.12323656954365801
0.0,-0.0596619384842585
0.0,-0.28505854671597947
0.0,0.6143590344050491
0.0,2.477012555689401
0.0,0.03435372143088453
0.0,-0.10434596983206125
0.0,0.30265788570524843
0.0,0.48900646486569455
0.0,0.7576137985990101
7.000000358621273,3.6613578764169574
0.0,-0.00485349065809514
0.0,-0.19399572953787705
0.0,0.5689326121937688
7.000000358621273,3.0697263755546524
0.0,-0.06389972124368423
0.0,-0.6042552386499057
0.0,0.059800276640450255
0.0,-0.05230249202336633
0.0,1.0733282779687834
0.0,0.5195035282953978
0.0,1.9249961537868434
5.0,2.0489639969345053
4.0,2.0714556473347088
7.000000358621273,1.9078933259505166
0.0,-0.013502987494517577
0.0,-0.28172067921434685
0.0,-0.03321855061777894
0.0,-0.07096783274764502
0.0,0.8135703724317785
0.0,0.6595387700079292
0.0,0.07439907626332412
0.0,-0.20657481897694674
4.0,0.14666206973964455
0.0,0.13417913562948972
0.0,-0.07077646347065779
0.0,0.5233908484154498
0.0,0.5501591471555775
0.0,0.4409281728210261
0.0,0.6682824049286039
2.0,0.7051679477216253
7.000000358621273,3.7185289211918993
7.000000358621273,1.6171448941116897
0.0,-0.022217125815459947
0.0,-0.17889293254297986
0.0,0.5589619994140128
7.000000358621273,3.398178992898223
0.0,-0.04897941764925907
0.0,-0.11354612963370064
0.0,0.5218670217973597
0.0,0.4831612519038307
0.0,0.6022233353428079
0.0,1.244932771062993
7.000000358621273,3.6210502797783866
0.0,-0.010204030401042584
0.0,-0.17123125800397854
0.0,0.18264832486210114
0.0,-0.17434964928632574
0.0,0.3076760283554668
0.0,0.29597432827545844
0.0,0.1564421201402783
0.0,0.4680423169516331
0.0,0.5596746695394621
0.0,0.6570106245138441
0.0,2.507207391040995
7.000000358621273,4.5934185106673695
0.0,-0.04291038018517051
0.0,-0.20839428400724846
0.0,0.3062220880580192
0.0,-0.10663235976025451
0.0,2.8343881580386574
0.0,0.5140179228153778
3.0,0.6192112250610283
0.0,0.30265788570524843
0.0,0.48900646486569455
0.0,0.8540719831792278
7.000000358621273,3.1288701959542498
0.0,-0.005122142819487623
0.0,0.1320081320959943
0.0,0.005958313145944155
0.0,-0.27833950819395814
0.0,0.3926786391183368
0.0,0.48401835674711857
0.0,0.6198578192168643
0.0,0.5936136902953856
0.0,1.53190850710626
0.0,2.914466495269606
0.0,2.9753003184198286
0.0,3.377540338617379
3.0,4.197031906893311
0.0,3.383545810460767
0.0,0.02908848872333337
0.0,-0.4981048658810231
0.0,-0.16710971336477484
0.0,-0.39113172625577514
2.0,0.5307701087016942
0.0,5.21386523084272
0.0,2.7955489362037858
7.000000358621273,3.381913725045787
0.0,-0.046514344671623055
0.0,-0.4662363450467409
0.0,0.1358507590398561
0.0,-0.12323656954365801
0.0,-0.16231983315503878
0.0,0.06409611121849826
0.0,0.24525171985797162
0.0,0.6053591197569121
0.0,0.45718200962037425
0.0,0.44104024196894553
0.0,3.288624497347458
0.0,-0.05879237155172198
0.0,-0.08280134855943627
0.0,0.48523645872968457
0.0,0.7284875649866575
2.0,1.988864988773361
0.0,2.711851034460994
0.0,0.5891620347740704
7.000000358621273,2.7831117711336413
0.0,-0.04612595783259344
0.0,0.030933012415109862
0.0,0.5327041532288287
0.0,1.34621835660367
0.0,3.34904357499506
0.0,4.910264709120492
0.0,5.974817972807183
7.000000358621273,5.162719382081201
0.0,-0.09614600476177326
0.0,-0.07647500033172468
0.0,4.279241530351732
0.0,2.6853299154335177
0.0,4.71588301343718
0.0,2.1056218546672945
0.0,0.9058468536541894
0.0,1.1672139824999992
0.0,1.6712755477312362
0.0,1.819620671934335
0.0,2.6893016460357826
0.0,3.116425679148002
2.0,4.000482704233919
0.0,4.968596610957243
0.0,3.7221793271332495
0.0,3.5350930640135387
7.000000358621273,3.13359574847308
0.0,0.05323952458295036
0.0,-0.15636080276654796
0.0,0.022660471364629255
0.0,0.6334050516109806
7.000000358621273,3.0571434309368946
0.0,-0.03651885254102896
0.0,0.02284964408631727
0.0,-0.11250056931127143
0.0,-0.1340884492749933
0.0,0.47659512052723063
0.0,0.9690081288684028
7.000000358621273,4.821782440970042
0.0,-0.07612556872851187
0.0,0.16508211351295718
7.000000358621273,3.110883187368498
0.0,-0.06389972124368423
0.0,-0.6042552386499057
0.0,-0.09513845829431833
0.0,-0.2542845380079377
0.0,0.3579854602384043
0.0,0.45599546630986243
0.0,2.3222387865403697
0.0,0.42906574316907165
0.0,0.43305701863073376
0.0,0.4371832253464909
0.0,0.47233604462970025
7.000000358621273,2.8162177146715908
0.0,-0.04363909861260188
0.0,-0.3634572812132301
0.0,0.7119950209022409
0.0,0.7705946335195415
0.0,1.4795763391725245
2.0,1.4209828231168706
0.0,4.449449283241592
3.0,1.4650650879680052
0.0,4.963361816230266
0.0,1.7254278979378201
0.0,1.4794911666201056
0.0,0.36104804108508753
0.0,0.3692407216607608
0.0,2.650584176123211
0.0,3.0158560809795527
0.0,-0.04897941764925907
0.0,-0.11354612963370064
0.0,0.005958313145944155
0.0,-0.27833950819395814
0.0,-0.09614600476177326
0.0,-0.07647500033172468
0.0,0.9063467717092284
0.0,0.8626869627180911
0.0,0.30265788570524843
0.0,0.06548294451017175
0.0,0.5118718882880389
0.0,0.7993490665267565
7.000000358621273,4.482140481276922
0.0,0.21141548892451992
0.0,-0.14612741024875048
0.0,-0.027746527918486818
0.0,-0.13065729541463253
7.000000358621273,4.331188539037898
0.0,-0.008452613757357563
0.0,-0.23740235191003484
0.0,0.30265788570524843
0.0,0.022191170600801804
7.000000358621273,3.987288310345112
0.0,-0.012967431450440154
0.0,0.36153664015618675
3.0,0.47034766897965435
0.0,3.7708492546236143
0.0,2.6456328715128117
0.0,0.1649113649591871
0.0,0.07438195209752203
0.0,0.3517331448898082
0.0,0.47701537983192854
0.0,0.7117029238751037
0.0,0.8053789246167324
0.0,1.0475669877642009
0.0,2.5923179019794818
2.0,3.998129072816974
7.000000358621273,4.472496437994202
0.0,-0.03651885254102896
0.0,0.02284964408631727
0.0,0.5752396397003791
0.0,-0.07175626161708787
0.0,0.5069344802519816
0.0,1.1688359368640076
7.000000358621273,3.4925677534206194
0.0,-0.17975012704158608
0.0,0.036604697508335254
0.0,0.5643232529675014
0.0,0.3177045584708676
0.0,0.4206681777771721
0.0,0.39703023930438947
0.0,3.8437379525665984
0.0,0.11101022895457954
0.0,-0.29412260974438553
0.0,0.5891620347740704
0.0,-0.009638394997663582
0.0,0.2574747432002717
0.0,1.4183252601707683
7.000000358621273,3.290163341231369
0.0,0.13319516851075702
0.0,0.20650511196694085
7.000000358621273,3.84930483059269
0.0,-0.06389972124368423
0.0,-0.6042552386499057
0.0,0.10497839844760024
0.0,0.13996203814511035
4.0,0.5891620347740704
0.0,4.228915489821073
0.0,1.6129137010181616
0.0,-0.06814727643280855
0.0,-0.24640697346238438
0.0,-0.027746527918486818
0.0,-0.13065729541463253
0.0,-0.041870064698863924
0.0,-0.12259006504314035
0.0,0.3177534654470196
0.0,0.45108060658636656
7.000000358621273,0.40097807676431807
0.0,-0.05879237155172198
0.0,-0.08280134855943627
0.0,-0.07913238396719045
0.0,0.36206775826200654
0.0,0.014938369141069774
0.0,-0.3063852159097307
7.000000358621273,3.3247606113345123
0.0,0.059800276640450255
0.0,-0.05230249202336633
0.0,0.21141548892451992
0.0,-0.14612741024875048
0.0,0.014608527224913277
0.0,-0.11228503792599276
0.0,0.09485138196500789
0.0,0.2402251496078297
0.0,0.5328503362253748
0.0,0.05843738131877235
0.0,0.6575174460283949
0.0,1.1354321583585474
7.000000358621273,3.7112833369852933
0.0,-0.03757472322506677
0.0,-0.2080474075806082
0.0,0.5419736614192007
0.0,-0.061254172110238744
0.0,0.5636587725756574
0.0,0.41676983005296475
0.0,4.602763822429393
0.0,0.09485138196500789
0.0,0.2402251496078297
0.0,0.5328503362253748
0.0,0.7968770900896087
0.0,0.5709380223542985
0.0,3.25613627895284
7.000000358621273,3.9898581903898824
0.0,-0.16231983315503878
0.0,0.06409611121849826
5.0,0.37224204551119133
5.0,2.70952322377573
0.0,0.13417913562948972
0.0,-0.07077646347065779
0.0,0.7212588359798986
0.0,0.5054080088020005
0.0,0.8985357314098801
0.0,0.9105785027346666
2.0,0.5316004514324589
0.0,1.6203638786612093
0.0,0.952651771212538
7.000000358621273,2.8759120187257685
0.0,-0.086641554809703
0.0,-0.2854729335973264
0.0,0.5916739974831959
0.0,0.47256188637658747
0.0,0.5298452692654038
0.0,-0.15891454485401782
0.0,0.5658967038042904
0.0,-0.15787911558256054
6.0,0.7026356332552376
0.0,5.687249615109718
0.0,4.782140804036067
0.0,2.002693066452163
0.0,1.6176530604560155
0.0,-0.09513845829431833
0.0,-0.2542845380079377
7.000000358621273,2.8558747723203193
0.0,0.05323952458295036
0.0,-0.15636080276654796
0.0,0.5167323720609642
0.0,0.4852507139252999
2.0,1.2897693957626029
7.000000358621273,2.92500063655276
0.0,0.08965146315686418
0.0,-0.3495156102460967
0.0,0.8635623572463194
0.0,0.5891620347740704
0.0,2.4751961389399226
0.0,1.9515728591116879
0.0,0.6228398447600232
0.0,3.9245884013990535
0.0,1.3005936616558906
0.0,2.9581725664050045
0.0,2.251100877653842
7.000000358621273,3.546329385749897
0.0,0.011059611103918763
0.0,-0.4963560492415698
0.0,0.5183689402418613
0.0,0.3482332254002841
0.0,1.011016128274526
2.0,0.9107554823330609
0.0,3.5233327965968275
7.000000358621273,2.6214300597068556
0.0,-0.027746527918486818
0.0,-0.13065729541463253
0.0,0.5360135551668898
0.0,0.5979708939388343
0.0,0.7357967148139635
0.0,1.063922628177519
7.000000358621273,3.5030237152661847
0.0,0.07439907626332412
0.0,-0.20657481897694674
0.0,0.3110229958719105
0.0,0.47687663822680426
0.0,0.42176268990341254
0.0,0.43854343100861876
0.0,0.45445778794508934
0.0,0.5729704187656471
7.000000358621273,3.040431320977874
0.0,0.18264832486210114
0.0,-0.17434964928632574
0.0,0.686936628393409
0.0,0.6549133176520204
4.0,1.8605158695292774
0.0,2.4728871558715086
0.0,-0.03651885254102896
0.0,0.02284964408631727
0.0,-0.049708449870304615
0.0,-0.2578720955711349
0.0,0.5360850552832624
0.0,0.5234634243956424
0.0,0.9459252912990948
0.0,0.7259479436118255
0.0,1.070333252404466
7.000000358621273,3.739888045610888
0.0,0.014938369141069774
0.0,-0.3063852159097307
7.000000358621273,3.3247606113345123
0.0,0.10497839844760024
0.0,0.13996203814511035
0.0,0.043104125328093636
0.0,0.3333927374530072
7.000000358621273,3.7014043967685355
0.0,-0.04291038018517051
0.0,-0.20839428400724846
0.0,-0.011506901487094835
0.0,0.30320543314815324
0.0,-0.013502987494517577
0.0,-0.28172067921434685
0.0,0.8138419383910169
0.0,-0.2182681138708612
0.0,0.4866240540915639
0.0,0.4703122551289118
0.0,2.0663298734748285
7.000000358621273,3.990001638899219
0.0,0.03435372143088453
0.0,-0.10434596983206125
0.0,-0.12122448006191237
0.0,0.14746784691318532
0.0,0.04944428047482891
0.0,-0.10399201063527248
5.0,2.164125356783339
0.0,1.7426426156114296
0.0,1.6806075905061473
0.0,0.07851394158131182
0.0,-0.06046542944718172
0.0,-0.003078180872073695
0.0,-0.09123504504462504
0.0,0.7345241023978494
0.0,0.7642221128028871
0.0,1.063385054888779
0.0,2.990944454226836
0.0,0.028174452752902413
0.0,-0.3285146588238585
0.0,0.5319432933697741
0.0,0.28107103677768747
0.0,4.365182249538006
0.0,0.30265788570524843
0.0,0.19684909969922434
0.0,0.48658751954934215
0.0,0.5586733092889724
7.000000358621273,3.9036585466442553
0.0,0.30265788570524843
0.0,0.06920247470195882
7.000000358621273,3.228129391989907
0.0,-0.050135522979196025
0.0,-0.026555143220784828
0.0,0.30265788570524843
0.0,0.022191170600801804
7.000000358621273,3.987288310345112
0.0,0.30265788570524843
0.0,0.022191170600801804
7.000000358621273,3.987288310345112
0.0,0.30265788570524843
0.0,0.022191170600801804
7.000000358621273,3.987288310345112
0.0,0.30265788570524843
0.0,0.022191170600801804
7.000000358621273,3.987288310345112
0.0,0.30265788570524843
0.0,0.022191170600801804
7.000000358621273,3.987288310345112
0.0,0.059800276640450255
0.0,-0.05230249202336633
0.0,0.30265788570524843
0.0,0.022191170600801804
7.000000358621273,3.987288310345112
0.0,0.05323952458295036
0.0,-0.15636080276654796
0.0,0.5382765898846567
0.0,0.5691300780324029
0.0,0.30265788570524843
0.0,0.022191170600801804
0.0,0.5648732435178309
0.0,0.8605054695123504
7.000000358621273,4.415601531599735
0.0,0.30265788570524843
0.0,0.022191170600801804
7.000000358621273,3.987288310345112
5.0,0.014938369141069774
5.0,1.897724799055535
0.0,0.30265788570524843
0.0,0.022191170600801804
7.000000358621273,3.987288310345112
4.0,-0.07882298346361447
0.0,0.30265788570524843
0.0,0.022191170600801804
7.000000358621273,3.987288310345112
0.0,-0.056757106170186596
0.0,-0.20301362007734025
0.0,0.014500940842910613
0.0,-0.15548800824255135
0.0,0.46996874077670914
0.0,-0.048479140972946685
7.000000358621273,3.7523354313873227
0.0,0.13417913562948972
0.0,-0.07077646347065779
0.0,0.5233908484154498
0.0,0.10097062640736436
0.0,0.5541305191365691
0.0,0.5846404481044535
0.0,0.4855327247291244
0.0,0.5819783575647751
0.0,0.49409135590041375
0.0,0.5175359975068649
2.0,0.5596193970357083
0.0,3.854681280722636
0.0,0.36347657952050183
0.0,0.16522708616270576
0.0,0.4493092416343519
0.0,0.7950043698002157
0.0,0.6613489108851239
0.0,0.5373919160309806
0.0,0.4830759448684344
0.0,0.49173238999202784
0.0,0.47150789845423474
0.0,0.436844193760205
2.0,0.5949601338661489
0.0,4.3186432496538405
0.0,4.448947572080186
0.0,3.688599106961305
0.0,4.300907634580702
0.0,3.358823894361649
7.000000358621273,1.935524019197714
0.0,-0.03424313159571763
0.0,-0.27295749943427494
7.000000358621273,3.3154938376313496
0.0,-0.06389972124368423
0.0,-0.6042552386499057
0.0,0.07439907626332412
0.0,-0.20657481897694674
0.0,0.03435372143088453
0.0,-0.10434596983206125
0.0,0.4154560210180756
0.0,0.44974052854320506
0.0,0.5120987162434278
0.0,0.5362176554990806
2.0,0.48812318066945265
7.000000358621273,3.6007397639626504
0.0,0.005958313145944155
0.0,-0.27833950819395814
0.0,0.054379133334313566
0.0,-0.20603141809251496
0.0,1.6325329743295307
7.000000358621273,3.890251490340357
0.0,0.03435372143088453
0.0,-0.10434596983206125
2.0,0.3352952233080876
0.0,6.6381242386022095
0.0,0.6198923813420827
0.0,0.7377978215192129
0.0,0.8766568751105002
0.0,1.5086763037766047
0.0,0.6830607841541039
0.0,1.1812731915894705
0.0,2.0821992234414948
0.0,1.0372513364918303
0.0,1.7571067081185043
2.0,1.852248752625556
0.0,4.996286118093268
0.0,1.3065381678828112
0.0,0.21141548892451992
0.0,-0.14612741024875048
0.0,0.5252885377109993
0.0,0.9654357230540044
0.0,1.9474831421104934
0.0,1.559869669856842
7.000000358621273,3.2850820364093836
0.0,-0.011506901487094835
0.0,0.30320543314815324
0.0,0.13417913562948972
0.0,-0.07077646347065779
7.000000358621273,2.1925100512577385
0.0,-0.010204030401042584
0.0,-0.17123125800397854
0.0,-0.0805592035308416
0.0,-0.47763583946246974
0.0,-0.16231983315503878
0.0,0.06409611121849826
0.0,0.02908848872333337
0.0,-0.4981048658810231
0.0,0.6133457499972207
0.0,0.4562947805901256
0.0,0.5891620347740704
0.0,2.827886892284873
7.000000358621273,3.9148615166021927
0.0,0.014608527224913277
0.0,-0.11228503792599276
0.0,0.011059611103918763
0.0,-0.4963560492415698
3.0,0.5183689402418613
1.0,8.033414895764933
0.0,0.12724644848387479
0.0,0.08662631340558595
0.0,0.5891620347740704
0.0,0.5178060393256916
0.0,0.6478664544585052
0.0,0.46988926133700465
0.0,0.23524197253176218
0.0,0.5891620347740704
0.0,0.5316080721345174
0.0,0.4877710145790306
0.0,0.4907114848821409
3.0,0.5678541931971696
0.0,2.899875450831768
0.0,3.0468807659576607
1.0,2.6715272998651227
0.0,2.551648097854835
0.0,1.8003453164241012
0.0,1.4389106591925211
0.0,1.9959708899940003
0.0,1.4655605232571276
0.0,1.5538166806947356
0.0,1.6840829892661067
0.0,1.451222844748906
0.0,1.7894448435102281
0.0,-0.005589202200356685
0.0,-0.47570672597784364
0.0,0.581914747116416
0.0,0.5496639808324102
1.0,0.5891620347740704
2.0,4.05466428207428
0.0,5.423076274800006
0.0,4.356867615315567
0.0,8.62442418871799
0.0,4.738004925304568
0.0,2.517695628801161
2.0,1.7874475023283487
2.0,4.018399064428822
0.0,2.5750203427917304
0.0,2.5438097126833945
7.000000358621273,1.713383602472622
0.0,-0.04291038018517051
0.0,-0.20839428400724846
0.0,0.30265788570524843
0.0,0.06920247470195882
0.0,0.5077723988571458
0.0,0.5647999502950916
7.000000358621273,3.892714501245671
0.0,0.08965146315686418
0.0,-0.3495156102460967
0.0,2.7946505899140637
0.0,1.3047705236265075
0.0,2.3895727995805567
0.0,1.5534245283323358
0.0,1.7669870828203555
0.0,4.016274233384269
0.0,3.2970119316883855
0.0,2.8829284439387086
0.0,2.6280007186770318
0.0,4.2771084510178925
0.0,2.566440149516381
7.000000358621273,4.108905391046016
0.0,0.3553445507676826
0.0,-0.031577365187987476
2.0,0.4704834967869327
1.0,3.8773855935379316
7.000000358621273,3.1033815475727256
0.0,-0.050135522979196025
0.0,-0.026555143220784828
0.0,0.5256190072143841
0.0,0.5355193750522242
0.0,0.5557081389456606
0.0,1.2585844070753107
7.000000358621273,3.4791650005720007
0.0,-0.027746527918486818
0.0,-0.13065729541463253
0.0,0.13417913562948972
0.0,-0.07077646347065779
7.000000358621273,2.1925100512577385
0.0,0.059800276640450255
0.0,-0.05230249202336633
0.0,-0.005122142819487623
0.0,0.1320081320959943
0.0,0.30265788570524843
0.0,0.022191170600801804
7.000000358621273,3.987288310345112
0.0,0.1280777774231412
0.0,-0.3870871955350217
0.0,0.5891620347740704
0.0,1.087327686960925
7.000000358621273,4.313711489902839
0.0,0.10497839844760024
0.0,0.13996203814511035
3.0,0.5891620347740704
0.0,5.806974609972468
0.0,0.09485138196500789
0.0,0.2402251496078297
0.0,0.07439907626332412
0.0,-0.20657481897694674
0.0,0.059800276640450255
0.0,-0.05230249202336633
0.0,-0.010204030401042584
0.0,-0.17123125800397854
0.0,0.011059611103918763
0.0,-0.4963560492415698
0.0,-0.005551098690064075
0.0,0.12747237988608037
3.0,0.3186984773299355
7.000000358621273,1.200342698488806
0.0,-0.12122448006191237
0.0,0.14746784691318532
0.0,0.4919861593705766
0.0,0.6530383559796691
0.0,1.3540229417200982
0.0,2.9286042424179395
0.0,4.12445377497304
0.0,4.752635238771837
0.0,0.02603500789146112
0.0,0.5851946972824038
0.0,0.028174452752902413
0.0,-0.3285146588238585
0.0,0.5319432933697741
0.0,0.5195380007652978
0.0,1.5535303216079717
0.0,1.4555639552627133
0.0,1.745254454345181
0.0,4.027418389453379
0.0,0.05101844855416454
0.0,-0.17147099632520782
0.0,0.5990513750077552
0.0,0.5891620347740704
7.000000358621273,4.324174982795144
0.0,0.06873043945092214
0.0,-0.1527347382441257
2.0,0.7436895207636338
0.0,4.541884992309367
7.000000358621273,2.0628340333022885
0.0,0.03297742263911547
0.0,0.10643278702163957
0.0,0.4553509790540073
0.0,2.4910995579275563
7.000000358621273,5.119267394117966
0.0,0.1876190846765792
0.0,-0.23930385155661357
0.0,0.41194354978398445
7.000000358621273,2.7857490719777998
0.0,0.09485138196500789
0.0,0.2402251496078297
0.0,3.982226371071887
0.0,1.36931562867923
0.0,0.6796758924380042
0.0,2.014125374714403
0.0,0.599038240503619
0.0,3.6250460380059653
7.000000358621273,4.19918004832063
0.0,0.014485385645179394
0.0,-0.18145752292396836
0.0,0.19996148407524306
0.0,0.19277457927448766
0.0,0.4674544918569661
2.0,1.3718627362731433
0.0,6.5719729585215045
0.0,3.6903240752860813
7.000000358621273,2.5758930476604087
0.0,0.019097927635247737
0.0,-0.014927386364573669
2.0,0.3123274359260336
1.0,1.8278427818682519
0.0,-0.027746527918486818
0.0,-0.13065729541463253
0.0,0.12724644848387479
0.0,0.08662631340558595
0.0,0.08284563828669404
0.0,-0.07339022979375331
0.0,0.7053040444948586
0.0,2.298889314054332
3.0,3.7107877223855343
0.0,3.4900932666345583
0.0,2.6358489659334894
0.0,-0.027746527918486818
0.0,-0.13065729541463253
0.0,0.03297742263911547
0.0,0.10643278702163957
0.0,0.4553509790540073
0.0,0.4180766011453646
0.0,0.32846368977538476
0.0,0.3922452004818435
0.0,0.27593537841896076
0.0,0.2756381486248488
0.0,3.2509911395441997
0.0,-0.3858093382827851
0.0,0.7807706914612633
0.0,0.13714448528343812
0.0,0.16534372773186032
0.0,0.5062124859734255
0.0,0.5043536622583744
0.0,0.9642277969500695
7.000000358621273,3.668456425901493
0.0,-0.10991558234536161
0.0,0.3460440218371666
0.0,0.44545720088206486
0.0,0.5554010246527022
0.0,0.565627020606737
0.0,0.527450261919047
0.0,0.5891620347740704
0.0,0.5475814222704528
0.0,0.5829120728775807
0.0,0.5171054278405585
0.0,0.5744181280184705
0.0,0.5514099285016767
0.0,0.5862395851899456
0.0,0.5160719261584453
0.0,0.586343092254964
0.0,0.5774879261182797
0.0,0.5638945660628799
2.0,0.5548327892450915
0.0,1.2606371552439217
0.0,2.173507247915245
0.0,1.3567299047466035
0.0,1.2686121751205057
0.0,1.273872611268526
0.0,1.2192535154746873
0.0,1.0919632255401464
7.000000358621273,2.204757505674285
0.0,0.043104125328093636
0.0,0.3333927374530072
0.0,0.5663659597404586
0.0,1.882142166796906
0.0,4.324351783082902
0.0,0.30265788570524843
0.0,-0.060951092306605406
0.0,0.5635289965023668
0.0,2.7918936888752452
7.000000358621273,4.8386742201870065
0.0,0.13417913562948972
0.0,-0.07077646347065779
0.0,0.5233908484154498
0.0,0.6286264679713548
0.0,0.5247003539950589
0.0,2.094420677815724
0.0,2.945463566409667
7.000000358621273,4.755677423033599
0.0,0.04013985153796526
0.0,-0.12443799563701359
0.0,-0.056757106170186596
0.0,-0.20301362007734025
0.0,0.5466151172494322
0.0,0.7017675904631128
0.0,1.5725607387885128
7.000000358621273,3.6508165627083367
0.0,0.3131593252110397
0.0,-0.06447602562994516
0.0,0.46044322182483
0.0,0.4561629872721724
0.0,0.4461868158626796
0.0,-0.06120611685961089
2.0,0.559735545500612
0.0,7.6616164423550375
0.0,5.694123309055868
0.0,2.349581506905073
3.0,3.3278440370427087
0.0,3.5991987683510986
2.0,3.2696147008901337
0.0,2.9102928608904493
7.000000358621273,1.7330321034177683
0.0,-0.11250056931127143
0.0,-0.1340884492749933
0.0,-0.005122142819487623
0.0,0.1320081320959943
0.0,0.059800276640450255
0.0,-0.05230249202336633
0.0,1.0733282779687834
0.0,1.0588924268869844
0.0,-0.013502987494517577
0.0,-0.28172067921434685
0.0,0.48111451064154837
0.0,0.5891620347740704
7.000000358621273,4.052276940257641
0.0,-0.017414111101587724
0.0,-0.17574818259704203
0.0,0.014608527224913277
0.0,-0.11228503792599276
0.0,-0.010204030401042584
0.0,-0.17123125800397854
0.0,0.5219955426961936
0.0,0.5782448859709868
7.000000358621273,4.014585485808101
0.0,0.07851394158131182
0.0,-0.06046542944718172
3.0,1.2673329730384941
0.0,0.021086527423589463
0.0,-0.17067037433247131
0.0,0.5090781837410439
0.0,0.6984305746870043
0.0,1.6501889754799877
7.000000358621273,3.841089175841693
0.0,0.03435372143088453
0.0,-0.10434596983206125
2.0,0.4154560210180756
2.0,3.7551771463572865
0.0,9.45558780357739
0.0,3.5935709247085397
0.0,2.8981610618345557
0.0,1.9854491211447765
0.0,1.8984703726828134
0.0,1.7991037695757905
0.0,1.610851090764534
0.0,1.5057018989355044
0.0,1.5475781050236743
2.0,1.2761300425288968
0.0,2.057454893512792
0.0,1.7072346821198965
0.0,1.4999320412687016
0.0,1.8681670543960334
0.0,1.8499144867573716
0.0,1.7965727999391778
7.000000358621273,1.3192857196650334
0.0,0.12004972642576163
0.0,0.3401444553385618
2.0,1.3464958398139186
2.0,4.409271148882698
0.0,4.374835975595105
0.0,1.4090130312212095
0.0,0.07439907626332412
0.0,-0.20657481897694674
0.0,0.21141548892451992
0.0,-0.14612741024875048
0.0,0.005958313145944155
0.0,-0.27833950819395814
0.0,0.31247662237574403
0.0,-0.08016642358121355
0.0,-0.34058432674414557
0.0,-0.008452613757357563
0.0,-0.23740235191003484
0.0,-0.03909222914321433
0.0,-0.0010369534118690013
0.0,-0.11250056931127143
0.0,-0.1340884492749933
7.000000358621273,3.5592501516071433
0.0,0.04013985153796526
0.0,-0.12443799563701359
0.0,0.03297742263911547
0.0,0.10643278702163957
0.0,-0.055542455917376526
0.0,-0.19795840495299014
0.0,-0.003078180872073695
0.0,-0.09123504504462504
3.0,0.7345241023978494
0.0,4.879422562370515
0.0,2.8532702853226715
0.0,-0.16231983315503878
0.0,0.06409611121849826
0.0,-0.09614600476177326
0.0,-0.07647500033172468
0.0,0.6115456056880203
0.0,0.953369731001769
0.0,0.7403380256536142
0.0,1.8099411251455555
0.0,3.3869634711957186
0.0,2.633784562573495
0.0,3.4042346717198795
0.0,3.3484457533323986
0.0,4.502777342451399
0.0,2.2037467316153703
0.0,4.164512847069186
0.0,3.7448520812764907
0.0,4.101728303502618
7.000000358621273,3.4622359247426084
0.0,-0.13326738586967632
0.0,-0.2532292949111283
7.000000358621273,2.5553024486301923
0.0,0.059800276640450255
0.0,-0.05230249202336633
0.0,0.5406301316462833
0.0,3.8514142409224887
0.0,5.756220734262713
7.000000358621273,5.006921390575505
0.0,-0.011506901487094835
0.0,0.30320543314815324
0.0,0.11314599794796908
0.0,0.19094359353577983
0.0,0.5488311725803913
0.0,0.49359511371342646
0.0,0.5377166924216511
7.000000358621273,3.496618739324293
0.0,0.03297742263911547
0.0,0.10643278702163957
0.0,-0.003078180872073695
0.0,-0.09123504504462504
0.0,0.7345241023978494
0.0,0.4508209647844668
0.0,4.284975884512474
0.0,0.3588305960966943
0.0,0.3391935710322949
0.0,0.48319191402270145
0.0,0.4719050715144612
0.0,0.8135623034531284
0.0,0.5557429252091748
0.0,0.9548792575965848
0.0,2.35321971972313
7.000000358621273,3.7875276541829406
0.0,-0.007435384515522384
0.0,-0.23947285183167608
0.0,0.5015816991260759
0.0,0.8178164483081504
0.0,2.4271034123890023
0.0,4.299216018034347
0.0,3.47522160105033
0.0,0.887314382111684
0.0,1.0883261782412281
7.000000358621273,3.2862002175396645
0.0,0.03500735352920988
0.0,-0.08373878456795282
0.0,-0.056757106170186596
0.0,-0.20301362007734025
0.0,0.014485385645179394
0.0,-0.18145752292396836
0.0,0.4563626496661057
0.0,0.5249833061797259
0.0,1.1727562949688664
7.000000358621273,4.196968072306656
0.0,0.03435372143088453
0.0,-0.10434596983206125
2.0,0.4154560210180756
2.0,3.7551771463572865
0.0,9.45558780357739
0.0,3.5935709247085397
0.0,2.8981610618345557
0.0,1.9854491211447765
0.0,1.8984703726828134
0.0,1.7991037695757905
0.0,1.610851090764534
0.0,1.5057018989355044
0.0,1.5475781050236743
2.0,1.2761300425288968
0.0,2.057454893512792
0.0,1.7072346821198965
0.0,1.4999320412687016
7.000000358621273,1.4252566024866082
0.0,0.09485138196500789
0.0,0.2402251496078297
0.0,0.5328503362253748
0.0,0.4875306934982322
0.0,1.4634647405357157
7.000000358621273,4.529532282549094
0.0,-0.013502987494517577
0.0,-0.28172067921434685
0.0,-0.16231983315503878
0.0,0.06409611121849826
0.0,0.03297742263911547
0.0,0.10643278702163957
0.0,0.4553509790540073
0.0,0.548422837433032
7.000000358621273,4.753274660502206
0.0,0.014485385645179394
0.0,-0.18145752292396836
0.0,-0.008452613757357563
0.0,-0.23740235191003484
0.0,0.5491668869198987
0.0,0.6762750420752409
0.0,2.3008782276362876
0.0,2.894148807028403
0.0,3.4748522211387876
0.0,5.014051140110821
0.0,4.01682794463031
2.0,3.5114749841937676
7.000000358621273,3.6629558928109702
0.0,0.07439907626332412
0.0,-0.20657481897694674
0.0,2.9641077484788183
0.0,1.0310099815059008
0.0,4.623086531368424
0.0,3.349277396065279
0.0,1.9308581771208952
0.0,2.003468584955766
0.0,2.5431695737104785
0.0,2.928939911929788
0.0,3.7083480218629874
7.000000358621273,4.6023693390287175
0.0,-0.07612556872851187
0.0,0.16508211351295718
0.0,-0.024626522840409587
3.0,-0.3610537117839723
0.0,8.18905939736564
0.0,2.8687017587145864
0.0,2.750101579475674
0.0,-0.04064407304828441
0.0,-0.3473498963763831
0.0,-0.046514344671623055
0.0,-0.4662363450467409
0.0,0.51717266932931
0.0,0.48139835937939873
0.0,1.9580899042014992
7.000000358621273,3.533743572161952
0.0,-0.008452613757357563
0.0,-0.23740235191003484
0.0,0.5491668869198987
0.0,1.08106831125601
3.0,3.0990866992031796
0.0,3.1302716878904713
0.0,3.2417358417217836
0.0,3.958203766455785
0.0,4.169285378974823
0.0,3.6643742399470387
7.000000358621273,3.7579503646640418
0.0,-0.2077586278002494
0.0,0.23906283564709802
0.0,0.3941007517777753
0.0,0.39443319369816354
0.0,0.11412848575394922
3.0,-0.04187548884562323
0.0,5.151096825233454
0.0,7.745192412864893
0.0,7.244922908977976
0.0,2.057878604547246
0.0,0.08284563828669404
0.0,-0.07339022979375331
0.0,0.7053040444948586
0.0,0.11192045457398124
7.000000358621273,4.121304721571823
0.0,-0.16231983315503878
0.0,0.06409611121849826
0.0,0.48250179220981354
0.0,0.988645871175349
0.0,3.283980351857676
7.000000358621273,4.564831015862895
0.0,0.12173327399346663
0.0,0.6911833318570091
7.000000358621273,3.73713921355072
0.0,0.08965146315686418
0.0,-0.3495156102460967
7.000000358621273,2.7946505899140637
0.0,0.13417913562948972
0.0,-0.07077646347065779
0.0,0.7212588359798986
0.0,0.7694184453982973
0.0,1.0683009456484356
0.0,0.9915652276509912
7.000000358621273,3.2243696065601872
0.0,0.09485138196500789
0.0,0.2402251496078297
0.0,0.5328503362253748
0.0,3.5565099264575353
0.0,3.497061995218144
3.0,2.681496433332126
0.0,2.842322474400717
0.0,3.2087573880465072
0.0,4.411153910567744
7.000000358621273,2.267147565840176
0.0,-0.056757106170186596
0.0,-0.20301362007734025
0.0,0.038948063391330764
0.0,3.132985733687125
2.0,2.68878039001498
7.000000358621273,3.406705213671934
0.0,-0.027746527918486818
0.0,-0.13065729541463253
0.0,0.6887239071644282
0.0,1.0174904077774913
0.0,1.5263380428674354
0.0,3.126700895871803
0.0,2.8675717430822854
7.000000358621273,4.515971377718932
0.0,-0.10620497285774892
0.0,-0.1680902735814108
0.0,0.6403773664072998
2.0,-0.05043488208711843
7.000000358621273,3.9310030601153256
0.0,-0.07913238396719045
0.0,0.36206775826200654
0.0,1.4844076849669907
0.0,0.455447896453128
0.0,0.496902498406825
0.0,0.4789519347079765
0.0,2.1141667237472195
0.0,2.6232981179196955
0.0,2.830750303841874
0.0,1.4827686064371801
0.0,3.23647450902058
0.0,3.6639001426236804
0.0,4.413236065680769
0.0,0.019097927635247737
0.0,-0.014927386364573669
0.0,0.6405594563588393
0.0,-0.06389972124368423
0.0,-0.6042552386499057
0.0,1.8210189362790963
0.0,1.9330468427521026
7.000000358621273,3.1523670617836315
0.0,-0.05879237155172198
0.0,-0.08280134855943627
0.0,-0.06310524064025373
0.0,0.13996871746632636
2.0,1.2429230574471832
0.0,4.414700674961098
0.0,2.419528075921558
0.0,3.3865238015146013
0.0,3.423906483047793
0.0,1.9356909574004548
0.0,0.8039470395275954
0.0,1.3825267881125656
7.000000358621273,3.6483919242792697
0.0,-0.005122142819487623
0.0,0.1320081320959943
0.0,-0.048912489954121584
0.0,-0.2886184007858109
7.000000358621273,4.057317003633192
0.0,-0.1060558760633569
0.0,-0.17936532641528988
0.0,0.19593412234795085
0.0,0.2178152872717779
0.0,0.4400929887030713
0.0,0.29538527042016427
3.0,0.35308427295095457
0.0,-0.08016642358121355
0.0,-0.34058432674414557
0.0,0.4275353268850838
0.0,0.2569973062163053
0.0,0.4999928724021923
0.0,0.6245306992361725
0.0,1.9650916259422326
0.0,1.2668098342560061
0.0,0.582743565706769
0.0,0.6787831047780188
0.0,0.5589058303570756
0.0,1.6639808324101824
0.0,3.9230900817190295
0.0,2.063634117363115
2.0,1.764622872075847
0.0,5.163740018225133
0.0,2.259133994176708
0.0,0.21141548892451992
0.0,-0.14612741024875048
0.0,0.5252885377109993
0.0,0.5774009604594943
0.0,0.6670812926288625
0.0,0.5565821886441139
0.0,0.5891620347740704
7.000000358621273,2.5952164584212705
0.0,0.13319516851075702
0.0,0.20650511196694085
7.000000358621273,3.84930483059269
0.0,-0.027746527918486818
0.0,-0.13065729541463253
0.0,0.04013985153796526
0.0,-0.12443799563701359
0.0,0.4906401192487458
0.0,0.5926267645511478
2.0,2.102126911047938
7.000000358621273,2.856232855661751
0.0,-0.10099384713481327
0.0,-0.39481082189899286
7.000000358621273,3.148709842038088
0.0,0.05323952458295036
0.0,-0.15636080276654796
3.0,0.5382765898846567
7.000000358621273,2.4157595042706412
0.0,-0.07658151084990732
0.0,-0.34354653846195227
2.0,1.041946495857745
1.0,7.840558416357147
0.0,5.522859057894743
0.0,1.9665691455884025
0.0,0.13200557691942175
0.0,-0.3093545103976859
7.000000358621273,3.5480360643897324
0.0,0.3209304464798991
0.0,0.13168716605635303
0.0,0.5734605643909876
0.0,0.588826634228177
0.0,0.7598095470003662
7.000000358621273,3.3866102292414766
0.0,0.09485138196500789
0.0,0.2402251496078297
3.0,3.3813646758763
7.000000358621273,3.1328874714582295
0.0,-0.04064407304828441
0.0,-0.3473498963763831
0.0,-0.13840122870820673
0.0,-0.6084313833779758
0.0,0.792701841914722
2.0,1.1520810613181411
0.0,7.551277283458199
0.0,6.25841316541729
0.0,4.471664078018775
7.000000358621273,3.0563049743998203
0.0,0.3240991792234917
0.0,-0.046651606963994785
0.0,0.6467698354322838
0.0,0.5136242911402256
0.0,0.7794524893157757
0.0,0.6758018861327251
0.0,0.6202110611711065
2.0,1.607136132993982
0.0,2.2649698381578056
7.000000358621273,2.9458869188228474
0.0,-0.02756766555840739
0.0,-0.08874666168422178
0.0,0.84594472857211
0.0,1.8572866642734673
0.0,0.014485385645179394
0.0,-0.18145752292396836
0.0,0.4563626496661057
0.0,0.47109772537284955
0.0,0.5624337223059205
7.000000358621273,3.4772865423422346
0.0,-0.2077586278002494
0.0,0.23906283564709802
0.0,2.092453998752715
0.0,-0.17975012704158608
0.0,0.036604697508335254
0.0,0.33238476512279014
0.0,-0.0686278289390871
0.0,0.5008542807007603
0.0,0.5225618505144601
7.000000358621273,3.516893751633968
0.0,-0.007435384515522384
0.0,-0.23947285183167608
0.0,0.5015816991260759
0.0,0.5585545608198369
7.000000358621273,4.511437328960066
0.0,-0.086641554809703
0.0,-0.2854729335973264
0.0,-0.04291038018517051
0.0,-0.20839428400724846
0.0,0.8036535080153647
0.0,0.5019301893484461
0.0,0.6349475265352845
0.0,0.5097163502969564
0.0,0.5208021855814883
2.0,0.4752844494284832
1.0,3.738306525795449
0.0,0.014310243980810893
0.0,0.004764731892942943
0.0,0.4608845949569959
0.0,0.459170609408716
0.0,0.2932167099940935
7.000000358621273,2.17923120205906
0.0,0.13417913562948972
0.0,-0.07077646347065779
0.0,0.7212588359798986
0.0,0.7694184453982973
0.0,1.0683009456484356
0.0,0.9915652276509912
7.000000358621273,3.2243696065601872
0.0,-0.055542455917376526
0.0,-0.19795840495299014
0.0,0.03297742263911547
0.0,0.10643278702163957
0.0,0.5520704640595139
0.0,0.44012082667941443
0.0,0.6772481160727958
0.0,1.193429287236633
0.0,0.5490327625636687
7.000000358621273,2.645637533589365
0.0,-0.10620497285774892
0.0,-0.1680902735814108
7.000000358621273,4.784731842735964
0.0,-0.12284661373655753
0.0,0.042892718087458405
7.000000358621273,4.003972447844812
0.0,-0.086641554809703
0.0,-0.2854729335973264
0.0,0.5916739974831959
0.0,1.1787044770638386
0.0,4.740082418341039
0.0,-0.2077586278002494
0.0,0.23906283564709802
0.0,2.092453998752715
0.0,0.18264832486210114
0.0,-0.17434964928632574
0.0,-0.04363909861260188
0.0,-0.3634572812132301
0.0,0.49234186684607295
0.0,-0.20432473945267937
0.0,0.5666988499374385
0.0,0.8767211579737467
0.0,0.9845973956205888
0.0,0.19052718940977034
0.0,0.5891620347740704
0.0,0.5891620347740704
0.0,0.5891620347740704
0.0,0.9913873514994135
0.0,3.6767628118346454
0.0,-0.10620497285774892
0.0,-0.1680902735814108
7.000000358621273,4.784731842735964
0.0,0.07851394158131182
0.0,-0.06046542944718172
0.0,-0.09614600476177326
0.0,-0.07647500033172468
0.0,0.6115456056880203
0.0,0.806586492099394
0.0,0.7789679023201721
0.0,1.3635216537317951
0.0,4.475797188194044
0.0,0.08965146315686418
0.0,-0.3495156102460967
0.0,0.05323952458295036
0.0,-0.15636080276654796
0.0,2.2276630050239254
0.0,0.33546052530126874
0.0,0.39131856793918646
0.0,0.5343673042116124
0.0,0.5317481585694167
0.0,6.358403948850565
0.0,7.996258862876494
0.0,9.074548397196011
7.000000358621273,7.284299524790951
0.0,0.008829704026276898
0.0,-0.16862372272550732
0.0,-0.027746527918486818
0.0,-0.13065729541463253
7.000000358621273,4.331188539037898
0.0,0.021086527423589463
0.0,-0.17067037433247131
0.0,0.5090781837410439
0.0,1.2957962055717553
7.000000358621273,4.303822149669154
0.0,0.04013985153796526
0.0,-0.12443799563701359
3.0,0.6107098388104962
0.0,-0.013502987494517577
0.0,-0.28172067921434685
10.0,0.4544715052087947
0.0,-0.04363909861260188
0.0,-0.3634572812132301
0.0,0.3500237317627634
0.0,0.21039045966998954
2.0,0.4502626811171913
0.0,5.467957727158783
4.0,2.3652157806270635
0.0,3.7501776071856225
0.0,3.247217009263546
0.0,2.9923021943677095
0.0,2.6494819536395937
0.0,2.375211631378931
0.0,2.192330023378521
0.0,0.047155559508358924
0.0,0.9826117992854112
0.0,0.03297742263911547
0.0,0.10643278702163957
0.0,0.5520704640595139
0.0,0.13417913562948972
0.0,-0.07077646347065779
0.0,2.1925100512577385
0.0,-0.06389972124368423
0.0,-0.6042552386499057
0.0,0.059800276640450255
0.0,-0.05230249202336633
0.0,-0.09987019703011378
0.0,0.8656242502574004
0.0,0.7989460658708383
0.0,0.893896516962607
7.000000358621273,4.883340858403052
0.0,-0.018944706696212277
0.0,0.040671955852286765
0.0,0.33104309569772816
0.0,0.052773899687174664
0.0,0.5891620347740704
0.0,1.1965902647951896
0.0,2.741623413952591
0.0,3.8189217190725913
0.0,3.45529373413325
7.000000358621273,4.558686398965449
0.0,-0.0596619384842585
0.0,-0.28505854671597947
0.0,0.4825850820005473
0.0,-0.10058856026827741
0.0,0.4581417249754972
0.0,0.5733311469389701
0.0,0.5058633681638268
0.0,0.47668177239240195
0.0,0.1007653605560351
0.0,0.5748255217849871
0.0,0.5891620347740704
0.0,2.5770302357181767
0.0,1.5666795292163371
0.0,0.5556469940185558
0.0,0.4790829659557239
0.0,0.340704801078159
0.0,0.44198704695822816
0.0,0.19270594812830177
2.0,0.4181364460703536
0.0,3.9424172580032613
0.0,3.5838268260905584
0.0,0.9457258978711165
0.0,1.9210805474138566
0.0,0.014608527224913277
0.0,-0.11228503792599276
0.0,0.3599599617279377
0.0,0.3646746435394198
0.0,0.44501098636270886
0.0,0.33197965756689096
0.0,4.0091767597635535
0.0,0.008829704026276898
0.0,-0.16862372272550732
0.0,-0.266898772331795
0.0,0.5509934347203489
0.0,1.2836675444520034
2.0,1.1974679903616947
1.0,6.419610558814426
0.0,4.070538294117499
0.0,5.336332961203992
0.0,3.7791115301401454
0.0,2.9555139275950824
0.0,0.12958452470308848
0.0,0.02276904395513361
0.0,-0.2077586278002494
0.0,0.23906283564709802
0.0,0.3941007517777753
0.0,0.5010284361566272
0.0,2.6064757319191223
0.0,-0.06310524064025373
0.0,0.13996871746632636
0.0,-0.027746527918486818
0.0,-0.13065729541463253
0.0,0.5360135551668898
0.0,0.5979708939388343
0.0,0.9242995319633761
0.0,0.7369256994101039
0.0,1.063679482954193
0.0,1.6335349621672488
0.0,3.169379337748439
7.000000358621273,3.66564591098231
0.0,0.18264832486210114
0.0,-0.17434964928632574
0.0,0.05323952458295036
0.0,-0.15636080276654796
0.0,0.5382765898846567
0.0,0.5691300780324029
0.0,-0.017414111101587724
0.0,-0.17574818259704203
0.0,-0.09614600476177326
0.0,-0.07647500033172468
0.0,-0.04064407304828441
0.0,-0.3473498963763831
0.0,-0.011506901487094835
0.0,0.30320543314815324
0.0,-0.06389972124368423
0.0,-0.6042552386499057
0.0,0.30265788570524843
0.0,0.48900646486569455
0.0,0.8152720303737874
7.000000358621273,3.2315872183074728
0.0,-0.06814727643280855
0.0,-0.24640697346238438
0.0,0.5239957528482598
0.0,0.48611319808768794
0.0,1.373987656973014
7.000000358621273,4.460211507654591
0.0,0.10139850641412078
0.0,3.104399314746471
0.0,-0.11250056931127143
0.0,-0.1340884492749933
0.0,0.47659512052723063
0.0,0.5850614246516981
0.0,0.6798544410044695
0.0,1.1234399526333023
0.0,4.170096221673851
0.0,0.011059611103918763
0.0,-0.4963560492415698
0.0,0.30265788570524843
0.0,0.48900646486569455
0.0,0.7270342522764381
7.000000358621273,2.6719142522190586
0.0,0.014485385645179394
0.0,-0.18145752292396836
0.0,0.4563626496661057
0.0,0.4446622720020427
0.0,0.6507055694242372
0.0,0.7007441750043124
0.0,0.7398620455685707
0.0,0.6146860073510189
7.000000358621273,3.5879749983593077
0.0,0.3816966695200966
0.0,0.4775535807078969
0.0,0.4849326168558454
0.0,0.5891620347740704
0.0,0.5384471591277901
0.0,0.8979154062623164
7.000000358621273,3.7663399507326094
0.0,0.10497839844760024
0.0,0.13996203814511035
0.0,0.48473564412146214
0.0,1.106370117954123
0.0,4.995103385133786
0.0,0.09355250054062157
0.0,-0.2908747561823618
7.000000358621273,3.4213340926541096
0.0,0.014608527224913277
0.0,-0.11228503792599276
7.000000358621273,2.3101469737564537
0.0,-0.027746527918486818
0.0,-0.13065729541463253
7.000000358621273,4.331188539037898
0.0,0.30265788570524843
0.0,0.022191170600801804
7.000000358621273,3.717280201918122
0.0,0.08115402174033884
0.0,-0.28932811228575517
0.0,0.5891620347740704
0.0,-0.0266872055046931
7.000000358621273,3.4422535473919806
0.0,0.011059611103918763
0.0,-0.4963560492415698
0.0,0.5183689402418613
0.0,1.0140393056088008
0.0,2.428481235321183
0.0,3.905333666612037
0.0,0.07024287984358374
0.0,0.1832065188740583
4.0,0.17349335134090288
6.0,4.7286943998060575
0.0,-0.266898772331795
0.0,0.5509934347203489
0.0,4.1789014497982215
0.0,-0.007435384515522384
0.0,-0.23947285183167608
0.0,0.5015816991260759
0.0,0.5585545608198369
0.0,1.6473845571224517
0.0,0.8794225623705153
7.000000358621273,4.413931790951053
0.0,0.13200557691942175
0.0,-0.3093545103976859
0.0,0.9446508409489549
0.0,0.06291145066967144
7.000000358621273,3.898118923834938
0.0,0.047155559508358924
0.0,0.9826117992854112
0.0,4.478831482787792
0.0,1.525728745324027
0.0,0.957003461053909
0.0,0.9608299500404704
2.0,0.9968865397601613
0.0,2.838288702318164
0.0,-0.04291038018517051
0.0,-0.20839428400724846
0.0,0.5280264318223304
0.0,0.5891620347740704
2.0,0.5270867544308555
0.0,3.773791742171387
7.000000358621273,2.515668342742958
7.000000358621273,1.7821989006823487
0.0,0.3129669921393803
0.0,-0.03926580183951196
3.0,0.4535843658338644
0.0,4.874442030126339
0.0,2.476137878403719
7.000000358621273,3.1920133607941596
0.0,0.021086527423589463
0.0,-0.17067037433247131
0.0,-0.048912489954121584
0.0,-0.2886184007858109
0.0,0.5248556818340753
0.0,0.41949328965804383
7.000000358621273,4.781788279324372
0.0,0.021652924897174314
0.0,-0.17688492237821848
7.000000358621273,3.253384219301212
0.0,0.08965146315686418
0.0,-0.3495156102460967
2.0,0.8635623572463194
0.0,6.068210483432235
0.0,2.1540638783384503
0.0,0.2173324261410522
0.0,0.7065768810492684
0.0,1.2295061390582678
0.0,0.5083289790733728
0.0,5.072652007902579
0.0,6.146245038026406
3.0,6.678923863627806
7.000000358621273,4.015740246308263
0.0,0.021652924897174314
0.0,-0.17688492237821848
7.000000358621273,3.253384219301212
0.0,0.13200557691942175
0.0,-0.3093545103976859
7.000000358621273,3.5480360643897324
7.000000358621273,0.26549508384027437
3.0,2.528739191603098
0.0,3.904553306721244
0.0,-0.086641554809703
0.0,-0.2854729335973264
0.0,0.5916739974831959
0.0,1.1787044770638386
0.0,4.740082418341039
0.0,0.30265788570524843
0.0,0.06548294451017175
7.000000358621273,3.9609361019373797
0.0,-0.017414111101587724
0.0,-0.17574818259704203
0.0,-0.007435384515522384
0.0,-0.23947285183167608
0.0,0.5015816991260759
0.0,0.5705740665895153
7.000000358621273,4.600972150547776
0.0,-0.027746527918486818
0.0,-0.13065729541463253
0.0,0.5360135551668898
0.0,0.4374457361185774
0.0,0.7155564887678024
0.0,0.6702821219764192
0.0,0.7583852826132875
7.000000358621273,3.776986699095593
0.0,-0.007435384515522384
0.0,-0.23947285183167608
0.0,0.5015816991260759
0.0,0.5705740665895153
7.000000358621273,4.600972150547776
0.0,0.08101335254587035
0.0,-0.057811228575516856
0.0,2.931078011961454
0.0,0.12724644848387479
0.0,0.08662631340558595
0.0,-0.011506901487094835
0.0,0.30320543314815324
0.0,-0.05879237155172198
0.0,-0.08280134855943627
0.0,-0.03909222914321433
0.0,-0.0010369534118690013
0.0,1.694278412756589
7.000000358621273,4.553233203883008
0.0,0.011059611103918763
0.0,-0.4963560492415698
0.0,0.5183689402418613
0.0,1.0159620535658251
0.0,0.48966605904268923
0.0,1.9211890303490424
7.000000358621273,4.914841075189612
0.0,0.12958452470308848
0.0,0.02276904395513361
0.0,0.4451859935440998
0.0,0.5730749568668263
7.000000358621273,3.9059235986066847
0.0,0.13200557691942175
0.0,-0.3093545103976859
0.0,-0.050135522979196025
0.0,-0.026555143220784828
0.0,0.07439907626332412
0.0,-0.20657481897694674
0.0,-0.2077586278002494
0.0,0.23906283564709802
0.0,0.3941007517777753
0.0,0.44719808302584546
0.0,0.2292021851152806
0.0,0.2140643777185734
0.0,0.3563635955297141
0.0,0.5196724389151419
0.0,0.9644230662334043
0.0,0.6713337788604953
0.0,0.5584954779650538
0.0,0.7326768890465228
0.0,2.364151392687784
0.0,0.014310243980810893
0.0,0.004764731892942943
0.0,0.5571952965385516
3.0,2.2799964281321174
0.0,0.10497839844760024
0.0,0.13996203814511035
0.0,0.021086527423589463
0.0,-0.17067037433247131
8.0,0.6569909451714694
0.0,1.3635313365061752
0.0,-0.027746527918486818
0.0,-0.13065729541463253
4.0,0.32190809289868916
0.0,2.713337878260271
0.0,2.8592181984516887
4.0,2.8138276831954014
0.0,4.962819939486247
0.0,-0.2077586278002494
0.0,0.23906283564709802
0.0,0.3941007517777753
0.0,0.44719808302584546
0.0,0.2292021851152806
0.0,0.2140643777185734
0.0,0.3563635955297141
0.0,0.5196724389151419
0.0,0.9644230662334043
0.0,0.6713337788604953
0.0,0.5584954779650538
0.0,0.7326768890465228
0.0,2.364151392687784
0.0,-0.07612556872851187
0.0,0.16508211351295718
7.000000358621273,3.110883187368498
0.0,-0.16231983315503878
0.0,0.06409611121849826
0.0,0.48250179220981354
0.0,0.8254726538727332
0.0,0.7327558305543174
0.0,0.9222232941013614
0.0,0.8898247310250794
0.0,1.1281748293052394
0.0,1.2151278466908402
0.0,1.1326133951500776
0.0,1.407905160452537
0.0,1.3282152100606177
7.000000358621273,3.0728492496029167
0.0,-0.010204030401042584
0.0,-0.17123125800397854
0.0,0.5219955426961936
0.0,0.5891620347740704
0.0,1.320937349939411
4.0,1.8120647010156512
0.0,2.4526973161142522
0.0,1.0613392998349984
0.0,1.6533681530681663
0.0,1.7954576670897202
0.0,1.639540075389364
0.0,-0.048912489954121584
0.0,-0.2886184007858109
7.000000358621273,4.057317003633192
0.0,-0.055542455917376526
0.0,-0.19795840495299014
7.000000358621273,2.550168067859752
0.0,-0.09614600476177326
0.0,-0.07647500033172468
0.0,-0.012967431450440154
0.0,0.36153664015618675
2.0,0.47034766897965435
2.0,4.092141281002361
0.0,6.427669496068973
1.0,2.1375400445479347
0.0,2.160048550147985
0.0,0.07955743983141932
0.0,-0.13453009137311422
0.0,0.6006366155189052
0.0,0.7969111591105762
0.0,2.561462844863665
7.000000358621273,5.085272249132764
0.0,0.016834489468548375
0.0,0.4924048945348628
7.000000358621273,3.221471946671582
0.0,-0.048912489954121584
0.0,-0.2886184007858109
0.0,0.5248556818340753
0.0,0.5547512925607244
0.0,0.48699199951801303
0.0,0.9844885540641294
7.000000358621273,4.2740440322371835
0.0,0.07232584185447363
0.0,0.11419684793418008
0.0,0.29195779242785524
0.0,-0.05438531955127872
0.0,0.46473636674332797
0.0,1.777687803684977
0.0,2.4002968308279455
0.0,0.5360943794363693
0.0,3.8125160258881525
0.0,5.492701519155576
0.0,4.846205266927193
0.0,3.214569921644838
0.0,4.235244079431743
0.0,3.772711933517354
7.000000358621273,3.651276673802035
0.0,0.09485138196500789
0.0,0.2402251496078297
0.0,0.5328503362253748
0.0,0.7968770900896087
0.0,0.5709380223542985
0.0,3.25613627895284
7.000000358621273,3.9898581903898824
0.0,0.18264832486210114
0.0,-0.17434964928632574
0.0,0.686936628393409
0.0,0.6447531287016439
0.0,0.5316296790662363
0.0,0.7712579035645879
0.0,1.0614974518165423
7.000000358621273,3.585893201867556
0.0,0.07955743983141932
0.0,-0.13453009137311422
0.0,0.6006366155189052
0.0,1.399082359885772
0.0,3.7376165384655384
7.000000358621273,4.6269549790439655
0.0,0.13319516851075702
0.0,0.20650511196694085
7.000000358621273,3.84930483059269
0.0,-0.04897941764925907
0.0,-0.11354612963370064
0.0,-0.31106316145452484
0.0,2.3515175238492114
7.000000358621273,4.85657444242461
0.0,0.10497839844760024
0.0,0.13996203814511035
0.0,0.059800276640450255
0.0,-0.05230249202336633
0.0,0.05323952458295036
0.0,-0.15636080276654796
0.0,0.5382765898846567
0.0,0.5691300780324029
0.0,0.9519526390401574
0.0,0.12724644848387479
0.0,0.08662631340558595
0.0,-0.05879237155172198
0.0,-0.08280134855943627
0.0,0.02603500789146112
0.0,0.5851946972824038
0.0,-0.03909222914321433
0.0,-0.0010369534118690013
0.0,1.694278412756589
7.000000358621273,4.553233203883008
10.0,-0.04569919851731621
0.0,0.29717192160395517
0.0,0.02970621386666533
0.0,0.5274764860996601
0.0,0.3811783272971396
0.0,4.051878512022958
0.0,-0.12122448006191237
0.0,0.14746784691318532
0.0,0.4919861593705766
0.0,1.1602861367415742
3.0,3.8155047755801865
7.000000358621273,3.6688344127235957
0.0,0.30265788570524843
0.0,0.06920247470195882
7.000000358621273,3.228129391989907
0.0,0.028174452752902413
0.0,-0.3285146588238585
4.0,0.3996635953145413
0.0,3.499331709257127
0.0,1.7966233655387192
0.0,2.974431737695794
0.0,2.2992579767233274
0.0,2.400867935205743
0.0,2.560819298988652
0.0,2.197649990657916
5.0,2.1207587206831593
0.0,1.5423329102797712
0.0,1.0980126284895195
0.0,-0.31106316145452484
0.0,2.3515175238492114
7.000000358621273,4.85657444242461
0.0,-0.086641554809703
0.0,-0.2854729335973264
0.0,0.30265788570524843
0.0,0.06548294451017175
7.000000358621273,3.9609361019373797
0.0,-0.056757106170186596
0.0,-0.20301362007734025
0.0,-0.06814727643280855
0.0,-0.24640697346238438
0.0,0.13200557691942175
0.0,-0.3093545103976859
0.0,-0.05435918502598391
0.0,-0.39474268385705785
0.0,0.5388587666942686
0.0,0.305609383612514
0.0,0.6617234908051298
0.0,0.5142146714114652
7.000000358621273,3.1287719337253543
0.0,0.005958313145944155
0.0,-0.27833950819395814
0.0,0.09485138196500789
0.0,0.2402251496078297
0.0,3.982226371071887
0.0,0.5891620347740704
0.0,0.9281637658389568
7.000000358621273,4.2580785717692615
0.0,-0.10074595017961546
0.0,-1.402687758857318
0.0,0.5828195485890584
0.0,1.5016729682401415
0.0,0.46051911505180104
0.0,1.799136762732938
2.0,3.6563622820793005
0.0,7.286366617810495
0.0,8.523663086789576
0.0,7.242980616161555
0.0,11.555431552288596
0.0,3.565532479073552
0.0,5.728945076076124
0.0,4.550887103512803
0.0,4.978652351461759
0.0,3.3801159566025225
6.0,6.432581173028668
0.0,2.4465073336257293
0.0,2.551650966825022
0.0,2.350379797859533
0.0,1.9720056647816337
0.0,0.02581911788490911
0.0,0.4870878858809729
0.0,0.3715759737374469
0.0,0.07975010911052241
2.0,0.5529128654305948
0.0,5.830037902682379
0.0,1.318231014500134
0.0,1.4144224745083034
0.0,2.7257705605644986
0.0,-0.08016642358121355
0.0,-0.34058432674414557
0.0,2.3574123610297737
0.0,2.4227918881302455
0.0,1.2632307042927324
0.0,2.5615474794841737
0.0,-0.11250056931127143
0.0,-0.1340884492749933
7.000000358621273,3.5592501516071433
0.0,0.13200557691942175
0.0,-0.3093545103976859
0.0,0.9446508409489549
0.0,-0.07882298346361447
0.0,-0.4603188250706394
0.0,-0.07913238396719045
0.0,0.36206775826200654
0.0,0.4729708491111751
0.0,0.9515840660264798
0.0,2.6265319852520586
7.000000358621273,4.4869549718715405
0.0,-0.048912489954121584
0.0,-0.2886184007858109
7.000000358621273,4.057317003633192
0.0,0.3035790268596575
0.0,-0.029192802686216785
0.0,0.5747047112435301
0.0,0.6078085478814986
0.0,4.509753243460452
0.0,-0.16491378565278217
0.0,-0.35636635243075293
0.0,-0.014718937749443509
0.0,0.013219273239644721
0.0,1.7811468851769994
0.0,0.7465322219420991
7.000000358621273,3.0293190822020923
0.0,-0.16491378565278217
0.0,-0.35636635243075293
0.0,-0.010597124144284814
0.0,-0.023138782487949427
0.0,0.5661216938256534
0.0,0.5255298001726403
0.0,0.4306468595355783
0.0,0.28484543602429585
0.0,0.5188775100351197
5.0,0.5181831295946109
4.0,0.7392123583042521
0.0,1.5626488054146075
0.0,-0.027746527918486818
0.0,-0.13065729541463253
7.000000358621273,4.331188539037898
0.0,-0.06814727643280855
0.0,-0.24640697346238438
0.0,-0.048912489954121584
0.0,-0.2886184007858109
7.000000358621273,4.057317003633192
0.0,0.10300333661232718
0.0,-0.1969523826259469
0.0,-0.027746527918486818
0.0,-0.13065729541463253
0.0,0.6887239071644282
0.0,1.0174904077774913
0.0,0.8542486041563488
2.0,2.0102203476689797
0.0,8.144633394024007
0.0,6.157469883882018
0.0,6.4979836518906335
7.000000358621273,2.4491552137974515
0.0,0.005958313145944155
0.0,-0.27833950819395814
0.0,0.057536479852477555
0.0,0.19038764090678106
0.0,1.1233264490002894
0.0,0.542052558099336
0.0,1.1341265079576268
0.0,1.2482650799348887
0.0,1.2583703101751256
7.000000358621273,1.136680877632325
0.0,0.05101844855416454
0.0,-0.17147099632520782
0.0,0.5990513750077552
0.0,1.5435855743875555
0.0,2.2433872926855245
7.000000358621273,4.239422375887453
0.0,-0.08493124512947484
0.0,0.11147365729505601
0.0,2.140382297449808
0.0,0.6640819636092649
0.0,2.608097417317176
7.000000358621273,4.161328290161907
0.0,0.008829704026276898
0.0,-0.16862372272550732
0.0,-0.04363909861260188
0.0,-0.3634572812132301
0.0,0.07560722650555486
0.0,0.2502003348088208
7.000000358621273,2.6064016766261773
0.0,0.05101844855416454
0.0,-0.17147099632520782
0.0,0.5990513750077552
0.0,2.724281385726945
0.0,3.722086444223454
7.000000358621273,4.994816488115112
0.0,0.028174452752902413
0.0,-0.3285146588238585
0.0,-0.003078180872073695
0.0,-0.09123504504462504
7.000000358621273,3.863199970449607
0.0,0.32656938496810245
0.0,0.00899314567160261
2.0,0.7531163292100255
0.0,7.300628268608768
0.0,1.8332556320574425
0.0,2.0974391930734453
0.0,2.11364206082432
0.0,1.677648427069164
7.000000358621273,2.3396468010803106
0.0,0.07560722650555486
0.0,0.2502003348088208
7.000000358621273,2.6064016766261773
0.0,0.019097927635247737
0.0,-0.014927386364573669
0.0,0.6405594563588393
7.000000358621273,2.7840194415764703
0.0,-0.050135522979196025
0.0,-0.026555143220784828
0.0,0.35707778979557514
0.0,-0.0054212777891141945
7.000000358621273,3.8089897029073785
0.0,0.04013985153796526
0.0,-0.12443799563701359
0.0,0.4906401192487458
2.0,0.1856667504645042
0.0,2.8947685045887384
0.0,2.487788766332061
0.0,2.412110891435658
0.0,2.3134482618882055
0.0,0.09355250054062157
0.0,-0.2908747561823618
7.000000358621273,3.4213340926541096
0.0,-0.035829134177073556
0.0,-0.456274294349886
7.000000358621273,3.4366461451620016
0.0,0.005958313145944155
0.0,-0.27833950819395814
0.0,0.31247662237574403
0.0,0.3523161734249443
0.0,-0.08493124512947484
0.0,0.11147365729505601
0.0,0.8040839431986938
0.0,1.9930513542077213
7.000000358621273,4.971491401875661
0.0,0.13200557691942175
0.0,-0.3093545103976859
0.0,0.30265788570524843
0.0,0.1292011137342265
7.000000358621273,3.4741859028129176
0.0,0.09485138196500789
0.0,0.2402251496078297
7.000000358621273,3.982226371071887
0.0,-0.086641554809703
0.0,-0.2854729335973264
0.0,0.5916739974831959
0.0,1.4136719698385165
0.0,0.8762401571908766
0.0,0.5306376877965125
0.0,2.0851929938313556
0.0,0.6703187461739593
0.0,4.616017747449575
0.0,4.357359285081319
0.0,0.08284563828669404
0.0,-0.07339022979375331
0.0,0.7053040444948586
0.0,0.8763341159644922
0.0,1.9531694410206075
0.0,1.6366635741558861
2.0,1.6899331780981381
0.0,2.820340783451206
0.0,3.1215833703012095
0.0,1.6691083993764293
0.0,2.4696253160798247
7.000000358621273,3.2918929716326986
0.0,0.2975735326024393
0.0,-0.046522055028999906
0.0,0.5566388059776428
0.0,0.5744408556416685
0.0,0.6982201536548708
2.0,0.49997547927043523
4.0,5.344148035992665
3.0,5.966481821308344
0.0,-0.0429461526571864
0.0,0.005346415598304008
7.000000358621273,4.27944737896263
0.0,-0.02441861215718944
0.0,0.24491573655250914
0.0,-0.3858093382827851
0.0,0.7807706914612633
0.0,0.04944428047482891
0.0,-0.10399201063527248
0.0,0.30265788570524843
0.0,0.1292011137342265
7.000000358621273,3.4741859028129176
0.0,0.19996148407524306
0.0,0.19277457927448766
2.0,0.4674544918569661
6.0,8.024149556546865
7.000000358621273,3.4553105893330973
0.0,0.1447447011017204
0.0,-0.21848212111572815
0.0,0.4694359640475001
0.0,0.45954904450741035
0.0,0.3857449657642201
0.0,0.3885717979513401
0.0,0.3400691448711599
7.000000358621273,3.032535915023972
0.0,0.047155559508358924
0.0,0.9826117992854112
0.0,0.30783097515938024
0.0,0.0283799427425275
3.0,0.4666923319957955
0.0,5.801853498189142
0.0,4.802927210281529
0.0,2.781768555154338
0.0,3.027074830273517
0.0,2.429854575487447
0.0,2.491428413635211
0.0,2.2560516443323313
0.0,2.6076685062742584
0.0,-0.11250056931127143
0.0,-0.1340884492749933
0.0,-0.012967431450440154
0.0,0.36153664015618675
0.0,0.30498778087666406
0.0,0.022311263899712278
0.0,0.4605549323514761
0.0,3.962450559574704
0.0,8.327702381639739
7.000000358621273,4.354647032391032
0.0,-0.03909222914321433
0.0,-0.0010369534118690013
0.0,1.694278412756589
0.0,3.226345609776303
2.0,5.260221333877482
0.0,2.8871709336023472
7.000000358621273,2.6575055666987155
0.0,0.057536479852477555
0.0,0.19038764090678106
0.0,0.5656093585090248
0.0,0.6301260428258352
0.0,0.5581021600835158
0.0,1.7184503831330373
7.000000358621273,3.177830965297295
0.0,0.07955743983141932
0.0,-0.13453009137311422
0.0,0.6006366155189052
0.0,0.6583180680211314
7.000000358621273,4.709912686478579
0.0,-0.050135522979196025
0.0,-0.026555143220784828
0.0,-0.010204030401042584
0.0,-0.17123125800397854
0.0,0.5219955426961936
0.0,0.5891620347740704
4.0,1.320937349939411
0.0,2.601983462538601
0.0,-0.03651885254102896
0.0,0.02284964408631727
0.0,0.028174452752902413
0.0,-0.3285146588238585
0.0,-0.08522446284809125
0.0,0.06754757200846202
0.0,4.39617645170788
0.0,-0.1699698076749973
0.0,-0.36986010542748193
0.0,0.5382557450231437
0.0,0.7103260871514246
0.0,1.0673652130909674
0.0,0.8657105883289575
7.000000358621273,3.2154173437137454
0.0,-0.17004206986157577
0.0,-0.3211317226695624
0.0,0.4586873224152282
0.0,0.42495222268085897
2.0,1.924834415592566
0.0,3.4528457853214163
0.0,-0.04363909861260188
0.0,-0.3634572812132301
0.0,0.021652924897174314
2.0,-0.17688492237821848
7.000000358621273,4.098945043800209
0.0,0.07955743983141932
0.0,-0.13453009137311422
0.0,0.6006366155189052
0.0,0.7969111591105762
7.000000358621273,5.238793712795284
0.0,0.3351241161330442
0.0,-0.13147844847526785
0.0,0.46957318151221267
0.0,0.4278096273315314
7.000000358621273,4.040883901024832
0.0,0.08965146315686418
0.0,-0.3495156102460967
2.0,0.8635623572463194
0.0,2.8543151284025536
0.0,0.07560722650555486
0.0,0.2502003348088208
0.0,-0.11250056931127143
0.0,-0.1340884492749933
0.0,-0.17975012704158608
0.0,0.036604697508335254
0.0,0.5643232529675014
0.0,1.5561010982059253
0.0,3.6098928547221636
0.0,3.7062665839925093
0.0,3.5497083153873272
0.0,3.6811487500076208
7.000000358621273,4.38568462773498
0.0,-0.05879237155172198
0.0,-0.08280134855943627
0.0,0.08965146315686418
0.0,-0.3495156102460967
0.0,0.21141548892451992
0.0,-0.14612741024875048
0.0,0.5252885377109993
0.0,0.19862122672144486
0.0,0.5739069133933211
0.0,0.5497340464636894
0.0,0.5696464926660156
0.0,3.146688652541531
0.0,0.3347791000542594
2.0,-0.0312524991419986
0.0,4.950924113228212
0.0,-0.06814727643280855
0.0,-0.24640697346238438
0.0,0.218762226744038
0.0,0.0920318118586731
0.0,-0.019770521833401052
0.0,-0.010597124144284814
0.0,-0.023138782487949427
0.0,0.5868494654929232
0.0,0.5776392642956302
0.0,0.5585589539304353
0.0,0.5244422363335709
0.0,0.5301559249434364
0.0,1.2269163555328269
0.0,1.0828596245163544
0.0,0.964502859466723
0.0,3.4344879623390283
0.0,-0.03909222914321433
0.0,-0.0010369534118690013
0.0,-0.03321855061777894
0.0,-0.07096783274764502
0.0,0.8135703724317785
0.0,0.6595387700079292
0.0,-0.06389972124368423
0.0,-0.6042552386499057
0.0,0.005958313145944155
0.0,-0.27833950819395814
0.0,0.0920318118586731
0.0,-0.019770521833401052
0.0,-0.04363909861260188
0.0,-0.3634572812132301
0.0,-0.086641554809703
0.0,-0.2854729335973264
3.0,0.5916739974831959
0.0,5.116257844392078
0.0,2.543163835770105
0.0,1.7108723570060431
0.0,3.0512509247946085
0.0,2.8705430996425623
0.0,2.5029541427391564
0.0,2.5994931964165127
0.0,0.011059611103918763
0.0,-0.4963560492415698
0.0,0.5183689402418613
0.0,0.39925803948205046
0.0,0.4641279209254437
0.0,0.5779944786668756
0.0,0.5891620347740704
0.0,0.6550383419934394
7.000000358621273,3.5929892410031785
0.0,0.30265788570524843
0.0,0.48900646486569455
0.0,1.4431554798944362
2.0,0.808900047589043
0.0,3.131617952150598
0.0,-0.046514344671623055
0.0,-0.4662363450467409
0.0,0.05184368093178414
0.0,-0.17388182783525083
7.000000358621273,3.5635665172530904
0.0,-0.050135522979196025
0.0,-0.026555143220784828
0.0,0.5256190072143841
0.0,0.47219923061392016
0.0,0.48677601985614266
0.0,0.6573809906338882
0.0,0.8497787486054115
0.0,1.46579685467626
0.0,1.85780200304326
2.0,1.485202658674672
0.0,3.5222146154665466
0.0,2.8619017614401083
0.0,3.013006117720302
7.000000358621273,2.7788925918527703
0.0,0.0920318118586731
0.0,-0.019770521833401052
0.0,0.0014957645034511919
0.0,-0.379652259296091
0.0,0.677569844182643
0.0,0.6299939805419269
0.0,1.8428609442426402
7.000000358621273,5.038065855058909
0.0,-0.05879237155172198
0.0,-0.08280134855943627
0.0,0.07955743983141932
0.0,-0.13453009137311422
0.0,0.6006366155189052
0.0,0.7969111591105762
0.0,2.561462844863665
7.000000358621273,5.085272249132764
0.0,-0.005122142819487623
0.0,0.1320081320959943
0.0,1.0957141350933508
0.0,0.47684149334201675
0.0,0.4785482616371707
0.0,0.30158881327558573
6.0,0.678083927777979
0.0,5.000880773847329
0.0,3.168946123250242
0.0,1.9986766875013673
2.0,1.9876506971418244
7.000000358621273,1.7027395437691886
0.0,0.08965146315686418
0.0,-0.3495156102460967
0.0,0.09736379295072507
0.0,0.11277388354921736
0.0,0.07955743983141932
0.0,-0.13453009137311422
0.0,0.6006366155189052
0.0,0.35419835235042174
7.000000358621273,4.535795603088016
0.0,0.05075365157146049
0.0,0.0007901771481503929
0.0,0.45941456152990706
0.0,2.0214405314480373
0.0,0.0014957645034511919
0.0,-0.379652259296091
0.0,0.677569844182643
0.0,0.5693222990349143
0.0,1.0160831779008965
0.0,4.0222750431511045
0.0,-0.1044235216824215
0.0,-0.2414986137494679
7.000000358621273,4.282063879772935
0.0,0.07955743983141932
0.0,-0.13453009137311422
0.0,0.6006366155189052
0.0,3.1964240438349956
7.000000358621273,5.169495531041003
0.0,0.09485138196500789
0.0,0.2402251496078297
0.0,-0.04363909861260188
0.0,-0.3634572812132301
0.0,-0.013502987494517577
0.0,-0.28172067921434685
0.0,0.48111451064154837
0.0,0.5474101357847727
0.0,0.5891620347740704
0.0,0.5884547887953804
3.0,0.5802408823230912
0.0,2.919241716834794
0.0,0.7458828036437356
0.0,0.9203659945267221
0.0,1.2602415063241068
0.0,1.4720448441557463
0.0,1.3510418127301227
5.0,1.4364379655128265
7.000000358621273,1.374440237019972
0.0,0.057294679458926565
0.0,-0.3355554702833861
0.0,0.6504322103586321
0.0,0.8404027747245161
2.0,0.5049608977294612
0.0,3.155335011441812
0.0,2.8516907379242356
0.0,0.030147004239262074
0.0,0.011347225365139215
0.0,-0.0429461526571864
0.0,0.005346415598304008
0.0,0.5995879172603343
0.0,0.8204437077566554
0.0,1.709301237207531
0.0,3.330753531433334
0.0,4.675804934413549
0.0,4.988330463765444
0.0,6.947146755356099
0.0,9.361728009433174
7.000000358621273,7.285685237391145
0.0,0.057536479852477555
0.0,0.19038764090678106
0.0,0.08965146315686418
0.0,-0.3495156102460967
0.0,-0.04064407304828441
0.0,-0.3473498963763831
0.0,0.5504667545527867
0.0,1.4069103450402858
0.0,0.5701117141128589
0.0,1.6451284706918556
0.0,2.5807446555568188
0.0,6.160328095430556
3.0,7.081591001761907
7.000000358621273,3.76864803724784
0.0,0.025932352551966912
0.0,-0.1304073812147722
0.0,-0.13096512695013765
6.0,-0.08664756171603148
0.0,0.08965146315686418
0.0,-0.3495156102460967
0.0,0.31641863223998073
0.0,-0.0066105107591761325
0.0,0.5567663406679751
0.0,0.5808310832836941
0.0,0.5640274800723124
0.0,0.4852959450334002
0.0,0.46883325616998933
7.000000358621273,3.3642810342780973
0.0,0.08965146315686418
0.0,-0.3495156102460967
0.0,0.21141548892451992
0.0,-0.14612741024875048
2.0,0.5252885377109993
0.0,4.930339969380916
4.0,2.204891092098605
0.0,2.2541744412770215
0.0,0.05075365157146049
0.0,0.0007901771481503929
0.0,-0.11250056931127143
0.0,-0.1340884492749933
7.000000358621273,3.5592501516071433
0.0,0.08965146315686418
0.0,-0.3495156102460967
0.0,0.008829704026276898
0.0,-0.16862372272550732
0.0,0.5364939283625316
0.0,0.5047538387717652
0.0,0.6256013630477357
7.000000358621273,3.1487643524716358
0.0,-0.1423597351510172
0.0,-0.41567782827563776
0.0,0.44634272646126516
0.0,2.4921314906415986
7.000000358621273,5.298983272827948
0.0,0.04944428047482891
0.0,-0.10399201063527248
0.0,2.164125356783339
0.0,0.5840088712144387
7.000000358621273,3.862419251937541
0.0,-0.012434161616980287
0.0,-0.40462978270778427
0.0,0.5172264176926522
0.0,0.19884384087687204
7.000000358621273,4.386668325887758
0.0,0.08965146315686418
0.0,-0.3495156102460967
0.0,-0.055542455917376526
0.0,-0.19795840495299014
0.0,0.03381103778899944
0.0,-0.16650821583406164
0.0,-0.007435384515522384
0.0,-0.23947285183167608
0.0,0.5015816991260759
0.0,0.5733876746171808
0.0,0.49687358456666175
0.0,0.19077504153730898
2.0,0.35045461522268406
0.0,0.5910369964464218
0.0,0.9320961377564725
0.0,2.345812935254157
0.0,1.9460465052894844
7.000000358621273,3.0656789758637126
0.0,0.08965146315686418
0.0,-0.3495156102460967
0.0,0.030147004239262074
0.0,0.011347225365139215
0.0,0.48476765107010794
0.0,0.5891620347740704
0.0,3.2627793794202313
0.0,1.150114561565769
0.0,2.698316308983786
0.0,1.4933296443158348
7.000000358621273,2.7618810331305093
0.0,-0.027510644775945982
0.0,-0.38308005108201415
0.0,0.025932352551966912
0.0,-0.1304073812147722
0.0,-0.04897941764925907
0.0,-0.11354612963370064
7.000000358621273,3.180069479285497
0.0,-0.09614600476177326
0.0,-0.07647500033172468
0.0,0.23932413607238698
0.0,-0.2869529635924097
0.0,0.3051885415482469
0.0,6.000093958773616
7.000000358621273,5.994559356662125
0.0,0.04944428047482891
0.0,-0.10399201063527248
0.0,0.30265788570524843
0.0,0.4720915994042583
0.0,1.251923734165526
7.000000358621273,3.3352495663372252
0.0,0.3576368803607156
0.0,-0.19028014418009673
2.0,0.4960656108378218
0.0,8.404724189757992
0.0,3.987896173403427
0.0,3.075206467232595
7.000000358621273,3.528588749978931
0.0,0.23932413607238698
0.0,-0.2869529635924097
0.0,0.3051885415482469
0.0,2.88324564445498
0.0,4.868742462229111
7.000000358621273,4.5486478722820545
0.0,-0.086641554809703
0.0,-0.2854729335973264
0.0,3.703842304184716
0.0,1.7516158578023617
0.0,0.776286132438119
0.0,0.7592854220093765
0.0,3.4777914810951
0.0,0.011059611103918763
0.0,-0.4963560492415698
4.0,0.7900220444496724
0.0,-0.09513845829431833
0.0,-0.2542845380079377
0.0,-0.06389972124368423
0.0,-0.6042552386499057
0.0,-0.035093736428426184
0.0,0.7936073606299111
0.0,2.1914105184336714
0.0,3.058279184509569
0.0,3.557812080301041
0.0,4.649733885084117
0.0,-0.09614600476177326
0.0,-0.07647500033172468
0.0,0.9063467717092284
0.0,0.684850707757014
0.0,0.640691115193815
3.0,0.5892378383457231
0.0,5.447049031059112
0.0,3.851234213043271
0.0,4.423017102289904
0.0,3.581536670638995
0.0,3.5537539219719005
0.0,2.684665748835288
7.000000358621273,2.465188453686035
0.0,0.07851394158131182
0.0,-0.06046542944718172
3.0,0.6964449335241677
0.0,3.446696147726144
0.0,0.18264832486210114
0.0,-0.17434964928632574
0.0,0.0014221574870977032
0.0,0.07510892224624587
0.0,0.0014957645034511919
0.0,-0.379652259296091
2.0,0.677569844182643
8.0,6.254179999906759
0.0,-0.0429461526571864
0.0,0.005346415598304008
0.0,-0.02340927258336779
0.0,-0.1616454010228596
0.0,1.5650999818179014
0.0,1.3557271100110204
0.0,0.5014691368739055
0.0,1.0283249840323878
3.0,1.3987262489613432
0.0,0.07439907626332412
0.0,-0.20657481897694674
0.0,-0.050135522979196025
0.0,-0.026555143220784828
0.0,0.5256190072143841
0.0,0.5355193750522242
0.0,0.4795442425685603
0.0,0.8552788334193426
0.0,0.5307225465553171
0.0,2.061210196176595
0.0,2.544221051283918
0.0,1.8142288010896348
0.0,1.5717102684387818
0.0,0.9540695804166964
0.0,1.0177686082302866
0.0,1.134179225284808
7.000000358621273,3.1927488930257844
0.0,0.08965146315686418
0.0,-0.3495156102460967
0.0,-0.10074595017961546
0.0,-1.402687758857318
0.0,0.5828195485890584
0.0,1.8333630391288085
7.000000358621273,4.525403475829106
2.0,2.3550474330427185
1.0,0.7161373655752985
0.0,0.030147004239262074
0.0,0.011347225365139215
0.0,0.48476765107010794
0.0,0.6337982798372003
0.0,0.5000130448488178
0.0,0.49650384603384595
0.0,0.470759859305702
2.0,1.4612631645386678
0.0,3.8233653952705744
0.0,-0.17004206986157577
0.0,-0.3211317226695624
0.0,0.4586873224152282
0.0,0.41321894151496685
7.000000358621273,4.306549105831648
0.0,0.02900403341346128
0.0,-0.13750767897801544
0.0,0.5073377050461958
0.0,0.4941640215359247
0.0,0.5570974377585883
0.0,1.6501870030629844
0.0,1.8181239660500412
0.0,3.4961614972007817
2.0,4.119786319100492
0.0,0.7333220935449246
7.000000358621273,2.8775726145319793
0.0,-0.13110651338715282
0.0,-0.07810323056801664
0.0,0.3415866507893075
0.0,-0.3401472570672598
0.0,0.43066761474177295
0.0,0.32348504029289316
0.0,0.640278297280539
0.0,1.928801304807641
0.0,2.9117642839749727
0.0,3.849749520971634
7.000000358621273,4.068121186735173
0.0,-0.09614600476177326
0.0,-0.07647500033172468
0.0,0.028174452752902413
0.0,-0.3285146588238585
0.0,-0.08493124512947484
0.0,0.11147365729505601
0.0,0.8040839431986938
0.0,1.9930513542077213
7.000000358621273,4.971491401875661
0.0,-0.13096512695013765
0.0,-0.08664756171603148
0.0,0.30265788570524843
0.0,0.6596848185214977
7.000000358621273,3.958196235409045
0.0,-0.013502987494517577
0.0,-0.28172067921434685
0.0,0.4284677870234327
0.0,0.16942846886288726
0.0,0.695169227999571
0.0,0.6863107446161085
0.0,1.0017443338735366
0.0,0.9556389071088419
0.0,0.8893309095316873
7.000000358621273,3.2695609076991325
0.0,0.30265788570524843
0.0,0.6596848185214977
7.000000358621273,3.958196235409045
0.0,-0.027510644775945982
0.0,-0.38308005108201415
0.0,-0.12103432113172267
0.0,-0.017917839507656026
0.0,-0.11250056931127143
0.0,-0.1340884492749933
0.0,-0.12103432113172267
0.0,-0.017917839507656026
0.0,-0.17975012704158608
0.0,0.036604697508335254
0.0,-0.06389972124368423
0.0,-0.6042552386499057
0.0,0.4737663159231073
0.0,0.34430410348805807
0.0,2.174842215605261
7.000000358621273,4.261989695376331
0.0,0.3500237317627634
0.0,0.2934068689242832
0.0,0.7458426828887804
0.0,0.4298405892577867
0.0,1.3322147338115669
0.0,1.2203066068438566
3.0,1.687639077812568
0.0,5.04322498069721
0.0,2.1503713343974824
0.0,-0.012967431450440154
0.0,0.36153664015618675
0.0,-0.04073139732834324
0.0,-0.2308143894634201
0.0,-0.10074595017961546
0.0,-1.402687758857318
0.0,4.513008090137306
0.0,0.30265788570524843
0.0,0.6596848185214977
7.000000358621273,3.958196235409045
0.0,0.30265788570524843
0.0,0.6596848185214977
7.000000358621273,3.958196235409045
0.0,0.30265788570524843
0.0,0.6596848185214977
7.000000358621273,3.958196235409045
0.0,0.30265788570524843
0.0,0.6596848185214977
7.000000358621273,3.958196235409045
0.0,0.30265788570524843
0.0,0.6596848185214977
7.000000358621273,3.958196235409045
0.0,0.30265788570524843
0.0,0.6596848185214977
7.000000358621273,3.958196235409045
0.0,0.30265788570524843
0.0,0.6596848185214977
7.000000358621273,3.958196235409045
0.0,-0.013753125832673768
0.0,0.06749229950470816
0.0,0.6204777857431547
0.0,4.940265888984482
0.0,5.670761643446537
0.0,0.30265788570524843
0.0,0.6596848185214977
7.000000358621273,3.958196235409045
0.0,-0.09134675557127114
0.0,0.7959197506004216
7.000000358621273,5.316613094625451
0.0,0.30265788570524843
0.0,0.6596848185214977
7.000000358621273,3.958196235409045
0.0,0.30265788570524843
0.0,0.6596848185214977
7.000000358621273,3.958196235409045
0.0,0.30265788570524843
0.0,0.6596848185214977
7.000000358621273,3.958196235409045
0.0,-0.04275411096531164
0.0,-0.00999181626254233
0.0,-0.12122448006191237
0.0,0.14746784691318532
0.0,-0.1423597351510172
0.0,-0.41567782827563776
0.0,0.44634272646126516
0.0,0.5120929783030543
0.0,3.5997388519887523
0.0,4.252359996944547
0.0,3.543934871507791
7.000000358621273,3.752049610232469
0.0,0.030147004239262074
0.0,0.011347225365139215
0.0,0.30265788570524843
0.0,0.6596848185214977
7.000000358621273,3.958196235409045
0.0,0.30265788570524843
0.0,0.6596848185214977
7.000000358621273,3.958196235409045
0.0,-0.04363909861260188
0.0,-0.3634572812132301
0.0,0.49234186684607295
0.0,-0.40982503943937454
2.0,0.3742237642538508
0.0,2.6008799848805273
0.0,1.2557428714159837
0.0,0.5891620347740704
0.0,2.197889191047235
0.0,0.9510050719806689
0.0,0.9582631182765236
0.0,0.5946412298988294
0.0,0.8107326022958217
0.0,0.9625163665783621
0.0,1.4484168125956398
0.0,1.0524581336559968
0.0,2.8156709965403808
0.0,0.30265788570524843
0.0,0.6596848185214977
7.000000358621273,3.958196235409045
0.0,0.07439907626332412
0.0,-0.20657481897694674
0.0,0.30265788570524843
0.0,0.6596848185214977
7.000000358621273,3.958196235409045
0.0,0.0014221574870977032
0.0,0.07510892224624587
0.0,0.3936497855265475
0.0,0.5767515421611307
0.0,0.5861211505144243
0.0,1.8043552401919771
0.0,0.30265788570524843
0.0,0.6596848185214977
7.000000358621273,3.958196235409045
0.0,0.30265788570524843
0.0,0.6596848185214977
7.000000358621273,3.958196235409045
0.0,0.30265788570524843
0.0,0.6596848185214977
7.000000358621273,3.958196235409045
0.0,0.30265788570524843
0.0,0.6596848185214977
7.000000358621273,3.958196235409045
0.0,0.30265788570524843
0.0,0.6596848185214977
7.000000358621273,3.958196235409045
0.0,-0.12103432113172267
0.0,-0.017917839507656026
0.0,0.30265788570524843
0.0,0.6596848185214977
7.000000358621273,3.958196235409045
0.0,0.30265788570524843
0.0,0.6596848185214977
7.000000358621273,3.958196235409045
0.0,0.07232584185447363
0.0,0.11419684793418008
0.0,0.30265788570524843
0.0,0.6596848185214977
7.000000358621273,3.958196235409045
0.0,-0.06814727643280855
0.0,-0.24640697346238438
0.0,-0.08348326691069649
0.0,-0.351509992802471
2.0,0.3994830295034135
0.0,6.224841193534632
7.000000358621273,2.4426695480690577
0.0,-0.011506901487094835
0.0,0.30320543314815324
0.0,0.057536479852477555
0.0,0.19038764090678106
0.0,-0.1044235216824215
0.0,-0.2414986137494679
0.0,0.5163412507347254
0.0,0.07203517931242978
7.000000358621273,4.414026466967215
0.0,0.025932352551966912
0.0,-0.1304073812147722
4.0,2.1236262563848034
0.0,2.7947155003645383
0.0,1.460584294468231
0.0,-0.12103432113172267
0.0,-0.017917839507656026
0.0,0.46669161475324883
0.0,1.5919228806468955
0.0,2.8362827542257243
0.0,4.563855565999404
0.0,0.0014221574870977032
0.0,0.07510892224624587
0.0,0.11101022895457954
0.0,-0.29412260974438553
0.0,0.05323952458295036
0.0,-0.15636080276654796
0.0,0.5167323720609642
0.0,0.4800667985914791
0.0,1.7639563744393405
0.0,4.3814980829899834
0.0,-0.048912489954121584
0.0,-0.2886184007858109
7.000000358621273,4.057317003633192
0.0,-0.041870064698863924
0.0,-0.12259006504314035
0.0,0.9789591519611025
0.0,1.348831988443788
0.0,4.207505799802543
0.0,-0.11250056931127143
0.0,-0.1340884492749933
0.0,0.030147004239262074
0.0,0.011347225365139215
0.0,0.30265788570524843
0.0,0.48900646486569455
0.0,0.8540719831792278
7.000000358621273,3.1288701959542498
0.0,0.057108868811676136
0.0,-0.3161019696556196
0.0,0.567842269039831
0.0,0.7194184812604246
0.0,0.9668707460792832
0.0,0.3980693444438985
0.0,0.5602533049639998
2.0,0.5268200298588073
0.0,2.865159477087149
0.0,1.3895926134059087
0.0,1.0119791160487681
0.0,1.3799871219100743
0.0,1.9196783382350884
0.0,1.1937159152893517
0.0,1.7440536110113944
0.0,3.396443265935247
0.0,-0.09614600476177326
0.0,-0.07647500033172468
0.0,-0.06618906979738257
0.0,-0.2868455565210437
2.0,0.5440450578940252
0.0,4.9656634475625765
0.0,2.3022196505092243
0.0,2.349376554847358
7.000000358621273,3.348738746912719
0.0,0.008829704026276898
0.0,-0.16862372272550732
0.0,0.025932352551966912
0.0,-0.1304073812147722
0.0,0.08101335254587035
0.0,-0.057811228575516856
0.0,0.566335073483292
0.0,0.3459192216340435
2.0,0.5184599403899719
0.0,0.8456407073876341
7.000000358621273,2.2077607795278893
0.0,0.019097927635247737
0.0,-0.014927386364573669
0.0,0.6405594563588393
0.0,0.49819626947806617
0.0,0.5891620347740704
0.0,0.8443011672763826
0.0,2.104828405100025
0.0,4.198872709889376
0.0,-0.030790953563207178
0.0,-0.3451038513414408
3.0,0.5509088449274994
0.0,4.922931929737485
0.0,2.5032453432131105
1.0,2.252955308258295
0.0,3.1400441175890466
0.0,2.580180902915125
0.0,2.4612337575942536
0.0,2.3619654167161266
0.0,2.484475105766379
0.0,0.13319516851075702
0.0,0.20650511196694085
7.000000358621273,3.84930483059269
0.0,0.09736379295072507
0.0,0.11277388354921736
0.0,0.0014221574870977032
0.0,0.07510892224624587
0.0,0.3936497855265475
0.0,0.5198269598562932
0.0,3.6693131721235077
0.0,0.07232584185447363
0.0,0.11419684793418008
0.0,0.30265788570524843
0.0,0.06920247470195882
0.0,0.5077723988571458
0.0,1.2379387596796365
7.000000358621273,4.4741837510852775
0.0,-0.048912489954121584
0.0,-0.2886184007858109
7.000000358621273,4.057317003633192
0.0,-0.056757106170186596
0.0,-0.20301362007734025
0.0,0.028174452752902413
0.0,-0.3285146588238585
0.0,0.5319432933697741
0.0,0.5681538212710471
0.0,0.8347167447803571
0.0,0.593861990699516
10.0,0.5354860681014626
7.000000358621273,1.6922570439493956
0.0,-0.09513845829431833
0.0,-0.2542845380079377
7.000000358621273,2.8558747723203193
0.0,0.13319516851075702
0.0,0.20650511196694085
7.000000358621273,3.84930483059269
0.0,-0.06814727643280855
0.0,-0.24640697346238438
0.0,0.08965146315686418
0.0,-0.3495156102460967
2.0,2.7946505899140637
0.0,1.8543192525471972
7.000000358621273,2.3416965009680983
0.0,-0.011506901487094835
0.0,0.30320543314815324
0.0,0.6909645728802704
0.0,0.5537597943952516
0.0,1.8207488944602697
0.0,1.7981435611164167
7.000000358621273,4.328173251371637
0.0,-0.1044235216824215
0.0,-0.2414986137494679
7.000000358621273,4.282063879772935
0.0,-0.11250056931127143
0.0,-0.1340884492749933
0.0,0.11101022895457954
0.0,-0.29412260974438553
0.0,0.5891620347740704
0.0,0.3610530393690848
0.0,0.5672326577028084
2.0,1.6371545266790917
7.000000358621273,3.180541783502489
0.0,0.005958313145944155
0.0,-0.27833950819395814
7.000000358621273,3.5038775925180126
0.0,0.04013985153796526
0.0,-0.12443799563701359
0.0,-0.04897941764925907
0.0,-0.11354612963370064
0.0,0.030147004239262074
0.0,0.011347225365139215
0.0,0.09736379295072507
0.0,0.11277388354921736
0.0,-0.06389972124368423
0.0,-0.6042552386499057
0.0,0.4737663159231073
0.0,0.19007523695004083
0.0,0.9458860222696638
0.0,3.0992886029800712
0.0,4.52640080159027
0.0,-0.06630678723035714
0.0,-0.3300934889797476
0.0,3.3110860235607005
0.0,0.5495954393415426
0.0,0.5241561910404213
0.0,0.5820057920921857
2.0,0.5298046105785386
0.0,3.2259708505456604
0.0,2.3210582053085274
0.0,1.7539996134062674
0.0,5.217461843593069
0.0,0.9248094914140688
0.0,1.1231682970187455
0.0,1.4618324758100985
0.0,2.4967187946595555
0.0,0.9988812809378089
7.000000358621273,2.8849489161927186
0.0,-0.12103432113172267
0.0,-0.017917839507656026
0.0,2.6284249676433955
0.0,2.3633213637506336
7.000000358621273,3.885763345104479
0.0,-0.055542455917376526
0.0,-0.19795840495299014
0.0,0.02900403341346128
0.0,-0.13750767897801544
0.0,-0.056757106170186596
0.0,-0.20301362007734025
0.0,0.6901502336238285
0.0,0.5225869540035941
0.0,0.5325825357895065
0.0,0.5891620347740704
0.0,0.5891620347740704
0.0,0.5116312534136263
0.0,0.5891620347740704
0.0,0.547447342741882
0.0,0.5632031442478762
0.0,0.5819866058540619
0.0,0.5477061776459167
0.0,0.5735148506862398
0.0,0.5678940898138289
0.0,0.5877626049101707
0.0,0.5891620347740704
7.000000358621273,0.9655146197341397
0.0,0.026566170824940102
0.0,0.050277626658757874
0.0,1.3111104098072877
0.0,3.1652401310115237
0.0,0.0014221574870977032
0.0,0.07510892224624587
0.0,0.3312722098637347
0.0,-0.0022672933453877896
7.000000358621273,3.855210247100816
0.0,-0.16231983315503878
0.0,0.06409611121849826
0.0,0.3542067799503453
0.0,0.3868626089625911
0.0,0.30037985613549
2.0,0.575033880744799
0.0,7.244331901119508
0.0,4.089098738119326
0.0,5.146100155031976
7.000000358621273,3.3360622021426187
0.0,0.057536479852477555
0.0,0.19038764090678106
0.0,0.5656093585090248
0.0,0.5891620347740704
0.0,1.0465590826754725
0.0,1.4476176250879966
2.0,3.773802859430861
0.0,4.100093707738725
0.0,5.309644724663138
0.0,2.109140287980055
0.0,2.9790303382838608
0.0,2.182934504638228
7.000000358621273,2.746644470400655
0.0,0.0014957645034511919
0.0,-0.379652259296091
0.0,0.677569844182643
0.0,1.0475492360111702
2.0,3.129860707911221
0.0,3.245793641429651
0.0,0.09736379295072507
0.0,0.11277388354921736
0.0,-0.05879237155172198
0.0,-0.08280134855943627
10.0,0.7313307144417145
0.0,1.1194696565161306
0.0,1.1280661670594168
0.0,-0.0429461526571864
0.0,0.005346415598304008
0.0,0.011059611103918763
0.0,-0.4963560492415698
0.0,0.5183689402418613
0.0,1.224284613318405
7.000000358621273,5.1094842057811904
0.0,0.30472083216631995
0.0,0.06663111534443601
0.0,0.5590910134170977
0.0,0.41141301443773387
0.0,0.1798025754028124
0.0,0.4350329770191902
2.0,0.3985321451971467
0.0,7.5166488133042755
0.0,5.664576860966477
0.0,5.748832777410589
0.0,5.607994672322363
0.0,2.0868134240549523
0.0,2.4444441854401915
0.0,2.3637122609385766
0.0,2.539429871072066
0.0,-0.0366510941355739
0.0,-0.23107681058018825
0.0,0.03267743594396471
2.0,0.04266490392356777
0.0,3.941650525720856
0.0,1.950670567987959
0.0,1.8740443191342022
0.0,1.635056950851313
0.0,1.0077112539300408
0.0,0.8554238060690913
0.0,1.2289339588166501
1.0,0.8314495256695729
0.0,2.689998088548613
0.0,1.256279727462177
1.0,2.8318659746232413
2.0,2.155441163338721
0.0,5.178459269768191
0.0,3.140786463624865
0.0,2.805482386854092
0.0,2.078358748225273
7.000000358621273,1.3302789858333839
0.0,-0.011506901487094835
0.0,0.30320543314815324
7.000000358621273,3.7666408339809436
0.0,-0.03321855061777894
0.0,-0.07096783274764502
0.0,0.25666789016291086
0.0,0.13212253228219048
0.0,0.5696142167514149
7.000000358621273,1.3886482739378803
0.0,-0.04291038018517051
0.0,-0.20839428400724846
0.0,-0.003078180872073695
0.0,-0.09123504504462504
0.0,2.0216983801435706
7.000000358621273,3.9559957352758173
0.0,-0.042365544815645355
0.0,-0.1374689478804945
0.0,-0.2077586278002494
0.0,0.23906283564709802
0.0,0.3941007517777753
0.0,0.1296072971539457
0.0,0.5772446912396354
0.0,0.5705728114150586
0.0,0.43110706028459467
0.0,0.4842782675149733
0.0,0.4106372269681763
0.0,0.38717196463850795
2.0,0.4129319996686339
0.0,3.634062494060335
0.0,3.67882990485419
0.0,3.1249741344406603
0.0,4.237310813830014
0.0,2.7090998713625494
1.0,2.146721825009315
0.0,2.0491329075542497
0.0,-0.01154948776330422
0.0,-0.2269979418725123
0.0,0.577701485086555
0.0,0.5235471176353087
0.0,0.7641823954968644
2.0,0.764959796762152
0.0,2.655503384129646
0.0,1.675534175352175
0.0,0.07851394158131182
0.0,-0.06046542944718172
0.0,-0.04275411096531164
0.0,-0.00999181626254233
0.0,0.5219885495813634
0.0,0.5812772978030503
7.000000358621273,4.17560607891748
0.0,-0.04363909861260188
0.0,-0.3634572812132301
0.0,0.49234186684607295
0.0,-0.11554728116660935
0.0,0.5903659263886802
0.0,0.5891620347740704
0.0,0.4954899340387892
0.0,0.4650901914571392
0.0,0.39468440790013976
2.0,0.5891620347740704
0.0,2.22974300840931
0.0,1.01831353325513
0.0,0.6422521487690146
0.0,0.9957870965914124
0.0,0.832978417813149
0.0,0.6176993226002768
0.0,1.0537499771378938
0.0,0.6059267724049537
0.0,1.3079481770742745
0.0,1.7133787610854319
0.0,2.608098851802269
0.0,-0.12103432113172267
0.0,-0.017917839507656026
0.0,2.6284249676433955
0.0,2.0504992546056835
7.000000358621273,4.1328322437821345
0.0,0.04944428047482891
0.0,-0.10399201063527248
0.0,0.43116955004147456
0.0,0.4955649307125769
0.0,0.5099682369138201
5.0,0.4834094626526427
0.0,4.211732868751428
0.0,1.9319627306427891
2.0,1.286983984332554
0.0,2.2372566620177397
0.0,-0.055542455917376526
0.0,-0.19795840495299014
0.0,0.4704112794280134
0.0,-0.10567770993061754
0.0,0.5105652516786165
2.0,0.8305949311751983
7.000000358621273,3.1564201994149452
0.0,-0.17975012704158608
0.0,0.036604697508335254
7.000000358621273,4.360655373204607
0.0,0.005958313145944155
0.0,-0.27833950819395814
7.000000358621273,3.5038775925180126
0.0,0.31993778279528784
0.0,-0.03839166248574032
0.0,0.5732426123121138
0.0,0.5891053726128823
0.0,0.7696957492979092
7.000000358621273,3.4322056965554784
0.0,0.30265788570524843
0.0,0.48900646486569455
0.0,0.8540719831792278
7.000000358621273,3.1288701959542498
0.0,0.04429196864072137
0.0,-0.07748245714386129
7.000000358621273,2.848987988697692
0.0,-0.042365544815645355
0.0,-0.1374689478804945
0.0,0.35639791110280705
0.0,0.06665245331019987
0.0,0.46178639297647406
0.0,0.21317524351281014
7.000000358621273,4.367060707767773
0.0,-0.0040180824018444606
0.0,0.2968353555389235
0.0,-0.017414111101587724
0.0,-0.17574818259704203
0.0,0.5078129678886926
0.0,0.5421923755682803
0.0,0.5189744722618996
0.0,1.7120084691999913
2.0,2.9682792311303348
0.0,0.7916701781666348
7.000000358621273,2.5811197734087346
0.0,0.05323952458295036
0.0,-0.15636080276654796
0.0,0.3814686760455693
0.0,0.09426136031504162
2.0,0.5630977095935136
0.0,8.334443027093478
0.0,2.3337114396958603
0.0,0.09485138196500789
0.0,0.2402251496078297
0.0,0.5328503362253748
0.0,2.2558373681215094
0.0,3.2918782681604917
0.0,5.3401870640286
2.0,5.887421968493687
0.0,4.207859400378059
0.0,3.359948889296123
0.0,3.076279820703708
7.000000358621273,3.3556450753947433
0.0,0.13200557691942175
0.0,-0.3093545103976859
0.0,0.3926786391183368
0.0,0.48401835674711857
0.0,0.6198578192168643
0.0,0.6393914268715637
0.0,0.5702682074710136
0.0,0.1772541229791243
0.0,0.41230033312330083
0.0,0.11619203738841948
0.0,0.09291379605279909
0.0,3.100122397440592
0.0,0.08965146315686418
0.0,-0.3495156102460967
0.0,0.5891620347740704
0.0,0.16246996098559166
0.0,0.6157629470348656
2.0,1.2915788193972508
7.000000358621273,3.292941580235951
0.0,0.014310243980810893
0.0,0.004764731892942943
0.0,0.4608845949569959
0.0,0.5723302797927312
2.0,0.5143879303141486
0.0,1.1823307657245565
0.0,1.371708529125606
0.0,0.5891620347740704
0.0,2.5066777074202684
0.0,0.6993768417443769
7.000000358621273,2.0436678779697877
0.0,0.05323952458295036
0.0,-0.15636080276654796
0.0,0.5167323720609642
0.0,0.5864092130522364
0.0,0.7486065770424288
0.0,0.8604378694023254
7.000000358621273,3.4710221459394925
0.0,-0.027510644775945982
0.0,-0.38308005108201415
0.0,0.11101022895457954
0.0,-0.29412260974438553
0.0,-0.12122448006191237
0.0,0.14746784691318532
7.000000358621273,3.543023256230955
0.0,-0.027510644775945982
0.0,-0.38308005108201415
0.0,-0.16231983315503878
0.0,0.06409611121849826
0.0,0.10300333661232718
0.0,-0.1969523826259469
0.0,0.5466227827791499
0.0,0.4368482282495301
0.0,0.4871864619034828
0.0,0.7317797531035981
5.0,0.7386877850366708
0.0,1.9451449314083022
0.0,0.6820683894354477
0.0,0.866196968430928
0.0,1.1051536745949462
0.0,1.0951068996222642
0.0,1.38190493882459
0.0,2.566538411745277
0.0,3.100971612615866
0.0,2.5261361390905437
0.0,2.6826759387001484
0.0,2.480954879347252
0.0,0.29776279497944563
0.0,-0.25184385127688896
0.0,0.59900964045707
0.0,0.865352953264117
0.0,0.5556808837288866
2.0,2.7221307339507117
7.000000358621273,3.4434976045892047
0.0,-0.06814727643280855
0.0,-0.24640697346238438
0.0,-0.07612556872851187
0.0,0.16508211351295718
7.000000358621273,3.110883187368498
0.0,-0.027746527918486818
0.0,-0.13065729541463253
7.000000358621273,4.331188539037898
0.0,0.014645106594794182
0.0,-0.28304408136829795
3.0,0.610571904103237
7.000000358621273,2.3845841983577296
0.0,0.3127326331372512
0.0,-0.013755501698609661
0.0,0.45518552016401903
0.0,0.5073575636992071
0.0,0.5113175942824293
0.0,0.5891259036807812
0.0,0.5585510642624218
0.0,0.9643170039918134
0.0,1.9463800230736927
0.0,4.359328115871968
0.0,-0.008452613757357563
0.0,-0.23740235191003484
0.0,0.5491668869198987
0.0,0.6762750420752409
0.0,2.3008782276362876
0.0,2.371782315452596
7.000000358621273,4.307931232219109
0.0,-0.010597124144284814
0.0,-0.023138782487949427
0.0,0.2637338947668908
0.0,0.060150649624505594
0.0,0.45165704545560503
0.0,0.8931333708929347
7.000000358621273,4.211494385604655
0.0,0.07232584185447363
0.0,0.11419684793418008
0.0,0.13417913562948972
0.0,-0.07077646347065779
0.0,-0.12103432113172267
0.0,-0.017917839507656026
0.0,2.6284249676433955
0.0,3.785604368294006
0.0,4.1868728834620725
7.000000358621273,4.789826775166338
0.0,-0.042365544815645355
0.0,-0.1374689478804945
0.0,0.5575626592054316
0.0,0.29574185203501435
0.0,0.9884495260281941
0.0,3.7880236274039727
0.0,0.04013985153796526
0.0,-0.12443799563701359
2.0,1.1362009527132748
1.0,4.519877839249449
2.0,0.12004972642576163
2.0,3.196866941107573
4.0,3.509208856367518
0.0,-0.0429461526571864
0.0,0.005346415598304008
0.0,4.27944737896263
0.0,1.1817097233344462
0.0,2.4528305439172993
7.000000358621273,4.885157992395078
0.0,0.21602171021464558
0.0,0.8992227601142855
0.0,1.9057708259442407
0.0,2.0872636730636334
7.000000358621273,4.5289186815504054
0.0,-0.163896556410947
0.0,-0.2568439283804627
0.0,-0.05879237155172198
0.0,-0.08280134855943627
4.0,0.7313307144417145
0.0,2.846575005460009
0.0,1.6475357159891653
0.0,-0.020908696099670894
0.0,-0.08999914648136945
0.0,-0.056757106170186596
0.0,-0.20301362007734025
0.0,0.6901502336238285
0.0,0.8162351078033478
0.0,0.5706356149655526
0.0,0.7363160880730812
2.0,1.434391134595226
0.0,4.145838361502436
0.0,4.746131283358503
0.0,2.369361621857536
1.0,3.377601304233847
0.0,3.6051590539140466
0.0,2.931226839789891
0.0,2.25788150937956
0.0,3.2733615759540133
0.0,2.384528074128452
0.0,2.187931892082252
0.0,1.9273352610422179
0.0,0.005958313145944155
0.0,-0.27833950819395814
0.0,-0.027746527918486818
0.0,-0.13065729541463253
0.0,-0.01154948776330422
0.0,-0.2269979418725123
0.0,0.577701485086555
0.0,0.837235252327721
0.0,4.227896288162235
0.0,0.2073078856873174
0.0,-0.2755128553174749
2.0,0.2833805577780113
0.0,2.2561230099657266
0.0,-0.04363909861260188
0.0,-0.3634572812132301
0.0,0.49234186684607295
0.0,-0.3010698210515708
0.0,0.5493341837439129
0.0,0.4845702300591331
0.0,0.5685202425570844
0.0,1.2682894159744977
0.0,3.6781305933711725
0.0,-0.04291038018517051
0.0,-0.20839428400724846
0.0,0.03381103778899944
0.0,-0.16650821583406164
0.0,0.47859362722824844
0.0,0.19572580821579819
7.000000358621273,3.19486117232577
0.0,-0.09614600476177326
0.0,-0.07647500033172468
0.0,-0.06389972124368423
0.0,-0.6042552386499057
7.000000358621273,1.8210189362790963
0.0,0.019097927635247737
0.0,-0.014927386364573669
0.0,0.5196065870838245
0.0,0.5346963392299039
0.0,0.8234756713121271
0.0,1.7615756671162581
0.0,2.065391002981219
7.000000358621273,4.52274824392128
0.0,0.30265788570524843
0.0,0.022191170600801804
7.000000358621273,3.987288310345112
0.0,-0.055542455917376526
0.0,-0.19795840495299014
0.0,-0.12103432113172267
0.0,-0.017917839507656026
0.0,0.46669161475324883
0.0,-0.13671405010010912
2.0,0.4980766244557474
0.0,4.780989988369912
0.0,4.214151769240121
0.0,4.579268032463832
7.000000358621273,2.7992237283917234
0.0,-0.027510644775945982
0.0,-0.38308005108201415
0.0,0.22750852891043327
0.0,0.48405103611065187
0.0,0.5635737793338753
0.0,0.5869147793923306
2.0,0.49620560761740273
0.0,1.119080462779236
7.000000358621273,2.94695327917913
0.0,-0.017414111101587724
0.0,-0.17574818259704203
0.0,0.07232584185447363
0.0,0.11419684793418008
0.0,-0.01154948776330422
0.0,-0.2269979418725123
0.0,0.577701485086555
0.0,0.837235252327721
0.0,1.653612015534039
0.0,4.130813206013218
0.0,0.33453994449259933
0.0,0.43701651128204594
2.0,0.4519659528549302
0.0,5.5061752790163165
0.0,3.461128502250528
0.0,1.3091287583061169
0.0,1.8418505288049987
1.0,2.8292010599410355
0.0,5.043011242418298
0.0,2.5922379294355267
0.0,-0.050135522979196025
0.0,-0.026555143220784828
0.0,0.12958452470308848
0.0,0.02276904395513361
0.0,-0.12103432113172267
0.0,-0.017917839507656026
0.0,2.6284249676433955
0.0,4.5675751858465095
7.000000358621273,4.959103905851874
0.0,0.030147004239262074
0.0,0.011347225365139215
2.0,0.48476765107010794
0.0,3.855218495390103
0.0,3.341120913824384
0.0,1.4923271185462068
0.0,1.9442984058925779
7.000000358621273,2.860706297425422
0.0,0.057108868811676136
0.0,-0.3161019696556196
0.0,0.04013985153796526
0.0,-0.12443799563701359
0.0,-0.13710826453483055
0.0,0.49219886661332773
0.0,1.2850845467582968
0.0,1.5346121528859868
0.0,3.6743231113120984
0.0,-0.030790953563207178
0.0,-0.3451038513414408
0.0,0.5509088449274994
3.0,0.24563734979596244
0.0,3.6742510284361565
0.0,2.461308171508472
0.0,2.9773410527757824
0.0,1.7624758065123471
0.0,1.8701362438079554
0.0,2.185543833023066
0.0,1.8531262988814243
0.0,2.3067848993188704
0.0,-0.056757106170186596
0.0,-0.20301362007734025
0.0,0.3565969907371711
0.0,0.29533358412914384
0.0,0.5519413155734516
6.0,0.4391320181734916
0.0,5.1413315679603455
0.0,3.6821553999218923
0.0,3.195440345682218
0.0,3.5157960119162674
0.0,3.172809908849231
2.0,2.7963680271920994
0.0,3.419495800006957
0.0,2.327541181377371
0.0,-0.086641554809703
0.0,-0.2854729335973264
0.0,3.703842304184716
0.0,1.377959925507189
0.0,4.618551406745738
0.0,-0.0040180824018444606
0.0,0.2968353555389235
0.0,0.4461434226886052
0.0,0.5220475427808282
2.0,1.133984404278065
0.0,1.864675338368137
7.000000358621273,2.741922862715832
0.0,0.04013985153796526
0.0,-0.12443799563701359
0.0,0.38472899169684166
2.0,0.4640714380748923
0.0,3.9425330926745508
0.0,1.705907962719167
0.0,3.992476484306554
7.000000358621273,3.439720246717091
0.0,-0.09614600476177326
0.0,-0.07647500033172468
0.0,0.6115456056880203
0.0,0.5891620347740704
0.0,0.6383689976212651
0.0,0.7639600503073922
7.000000358621273,3.4761317818420725
0.0,-0.013502987494517577
0.0,-0.28172067921434685
0.0,-0.1423597351510172
0.0,-0.41567782827563776
0.0,0.44634272646126516
0.0,1.792156020336695
0.0,5.069954817305772
0.0,0.026566170824940102
0.0,0.050277626658757874
0.0,0.03381103778899944
0.0,-0.16650821583406164
3.0,0.5000912242864064
0.0,0.09736379295072507
0.0,0.11277388354921736
0.0,0.30265788570524843
0.0,-0.017793891030057126
0.0,0.5129231417231824
0.0,0.5302574595914514
7.000000358621273,3.7351420516794773
0.0,0.05075365157146049
0.0,0.0007901771481503929
0.0,0.3995232847413462
0.0,0.39581218214948266
0.0,0.483301069372775
0.0,0.5843860063110171
2.0,0.9163923811627721
0.0,4.757418529315675
7.000000358621273,1.7084889600234108
0.0,-0.09614600476177326
0.0,-0.07647500033172468
0.0,-0.027746527918486818
0.0,-0.13065729541463253
0.0,-0.050135522979196025
0.0,-0.026555143220784828
0.0,0.5877174634573888
0.0,0.4920447491211089
0.0,0.6982798192692231
3.0,1.0109132936243952
0.0,5.318479718353196
7.000000358621273,2.0908916651753997
0.0,-0.04275411096531164
0.0,-0.00999181626254233
0.0,0.005520167605238309
0.0,0.0837687294442769
0.0,-0.01154948776330422
0.0,-0.2269979418725123
0.0,0.577701485086555
0.0,0.837235252327721
0.0,1.653612015534039
2.0,0.4501436636821009
0.0,3.4227029500544566
0.0,2.1475787505419666
0.0,3.0620759079304434
0.0,3.839685890799105
0.0,4.166691471304739
1.0,2.0154253768302683
0.0,2.3075001694485517
0.0,0.23481270286757155
0.0,-0.04488517305448856
2.0,0.5877928187524498
0.0,9.0764978624379
0.0,3.121340583699157
0.0,2.7371252273210596
0.0,0.01497938644920829
0.0,-0.48832472582507097
0.0,0.5864770373005572
0.0,1.8636830333047991
0.0,1.6749376088639703
7.000000358621273,4.012690530999761
0.0,0.03381103778899944
0.0,-0.16650821583406164
0.0,0.025932352551966912
0.0,-0.1304073812147722
0.0,0.313526934430045
10.0,0.4407070379783515
0.0,-0.1044235216824215
0.0,-0.2414986137494679
7.000000358621273,4.282063879772935
0.0,-0.013502987494517577
0.0,-0.28172067921434685
0.0,0.18264832486210114
0.0,-0.17434964928632574
0.0,0.686936628393409
2.0,0.5773990776978092
0.0,2.4834481937501636
0.0,2.154814831284829
0.0,3.5539522395360588
0.0,1.8613290432665808
0.0,2.0452337977598365
0.0,1.7355399419822504
0.0,2.9679403340270265
0.0,2.8876961344571566
0.0,2.247727865267422
0.0,2.394985829080384
0.0,2.2865746181490336
0.0,1.8619071407592085
0.0,1.9501982637709672
0.0,1.1090425636830692
0.0,-0.01154948776330422
0.0,-0.2269979418725123
0.0,0.577701485086555
0.0,0.837235252327721
0.0,4.227896288162235
0.0,0.30265788570524843
0.0,0.06548294451017175
7.000000358621273,3.9609361019373797
0.0,0.13417913562948972
0.0,-0.07077646347065779
0.0,0.47180631618131463
0.0,0.459424961546834
6.0,0.5709648292944808
0.0,3.545128721726747
2.0,1.6221460470790836
0.0,2.8844884464777474
0.0,1.4992381091047844
0.0,2.2872823572319745
0.0,2.1544895617899074
0.0,2.286315514279044
0.0,2.3523794700796894
0.0,2.2012761896633157
7.000000358621273,1.9167910783634103
0.0,-0.03950737809476711
0.0,-0.35570532376866487
0.0,0.5330257916833575
0.0,0.29383625065762176
0.0,0.37451864059585643
0.0,0.508975349090913
0.0,0.5891620347740704
0.0,0.5891620347740704
0.0,0.5189004617966136
0.0,0.5891620347740704
0.0,0.5891620347740704
0.0,0.5891620347740704
0.0,0.7669952414543241
0.0,0.2145850958074663
0.0,-0.24405692825817288
0.0,0.500060113890944
0.0,0.5625855535875217
0.0,1.0468562900557548
0.0,0.544421430920398
0.0,0.5916158111815961
3.0,0.5891620347740704
0.0,8.084977462446076
0.0,4.30366184595997
0.0,4.869196476761162
0.0,5.2827481291624725
0.0,5.682986325412227
0.0,2.8293271153186152
0.0,2.8983568690498007
0.0,2.91181180129369
0.0,2.6602368263164897
1.0,2.1545071342323014
0.0,3.194657475442512
0.0,1.7923340757989095
0.0,2.221631891759493
2.0,2.1793827195470468
0.0,2.6668530301883804
1.0,1.665569166029815
7.000000358621273,1.8515038962408241
0.0,0.019097927635247737
0.0,-0.014927386364573669
0.0,0.6405594563588393
0.0,0.49819626947806617
0.0,0.5477330294137582
2.0,0.6631353827582781
7.000000358621273,2.4850625274121136
0.0,0.3978378544119561
0.0,-0.01586132581567512
3.0,0.4702659033293323
0.0,4.2571253564247185
0.0,0.12958452470308848
0.0,0.02276904395513361
2.0,0.5528530205056058
0.0,6.191511649632754
0.0,2.6149723664377826
0.0,0.03297742263911547
0.0,0.10643278702163957
2.0,0.5520704640595139
0.0,8.560900885328337
0.0,0.05075365157146049
0.0,0.0007901771481503929
0.0,0.3995232847413462
0.0,0.5891620347740704
0.0,0.8098792629759038
7.000000358621273,3.7764663396279734
0.0,-0.0429461526571864
0.0,0.005346415598304008
7.000000358621273,4.27944737896263
0.0,0.028174452752902413
0.0,-0.3285146588238585
0.0,0.5319432933697741
0.0,0.5001751864920276
0.0,0.5872158419513014
0.0,0.580899445463925
0.0,0.5891620347740704
0.0,0.6727931881323613
2.0,0.7391009615712202
0.0,1.0780272925133865
0.0,1.188380527295203
0.0,2.0741698724419995
0.0,2.9054634875129866
0.0,1.7462932008634167
0.0,1.1144817725358505
0.0,1.2057859418309123
7.000000358621273,2.0202122535868403
0.0,-0.06814727643280855
0.0,-0.24640697346238438
0.0,0.02468515741860104
0.0,-0.3048718341362266
0.0,0.7407562677136496
0.0,0.5298176554273564
0.0,3.7799718625748935
4.0,4.380000480552506
0.0,3.300946365678223
0.0,0.06499858165286393
0.0,0.5338548792396656
0.0,-0.042365544815645355
0.0,-0.1374689478804945
0.0,0.8711401144073586
7.000000358621273,2.295640922560398
0.0,-0.16231983315503878
0.0,0.06409611121849826
0.0,0.30265788570524843
0.0,0.1292011137342265
7.000000358621273,3.4741859028129176
0.0,0.057536479852477555
0.0,0.19038764090678106
0.0,0.13992496567097862
0.0,-0.20615030104462792
0.0,0.5721190966903918
0.0,0.5333983095310417
0.0,1.6293563070902652
0.0,4.324968611673051
0.0,-0.02756766555840739
0.0,-0.08874666168422178
0.0,0.84594472857211
2.0,0.4746530070214459
0.0,1.1833327535622749
0.0,0.6273101485875522
0.0,2.7380935047590835
0.0,1.7802713113381343
0.0,2.5464624342423066
0.0,-0.13326738586967632
0.0,-0.2532292949111283
7.000000358621273,2.5553024486301923
0.0,0.07439907626332412
0.0,-0.20657481897694674
0.0,0.12958452470308848
0.0,0.02276904395513361
0.0,0.4451859935440998
0.0,0.5868122137081547
8.999999641378727,1.3064408022070988
7.000000358621273,1.7816591756659688
0.0,-0.007435384515522384
0.0,-0.23947285183167608
0.0,0.5015816991260759
0.0,0.5705740665895153
7.000000358621273,4.600972150547776
0.0,-0.13326738586967632
0.0,-0.2532292949111283
7.000000358621273,2.5553024486301923
0.0,-0.003078180872073695
0.0,-0.09123504504462504
2.0,0.7345241023978494
0.0,3.866484224070875
0.0,3.299246859463854
0.0,2.0059416372567336
1.0,2.2898170923919574
0.0,3.437268711692524
0.0,1.6784870629168749
0.0,0.35999808765205993
0.0,-0.26237440634730963
0.0,0.5305564600781005
0.0,0.5781480582271844
0.0,4.146290582928121
0.0,-0.04363909861260188
0.0,-0.3634572812132301
2.0,0.49234186684607295
0.0,3.560930650894025
0.0,2.239039189056887
0.0,1.4394165841538886
0.0,1.3014073733251041
0.0,1.4987855290578267
1.0,1.5212169310841086
0.0,2.454347153282263
0.0,1.9216451966087338
0.0,1.9715419674752022
0.0,-0.05879237155172198
0.0,-0.08280134855943627
8.999999641378727,0.7313307144417145
0.0,1.19964060769092
0.0,1.1681221908747383
0.0,-0.08016642358121355
0.0,-0.34058432674414557
2.0,0.4275353268850838
0.0,4.549429308036667
0.0,1.9078336155085052
0.0,0.6962021917497742
0.0,1.3872678510014678
0.0,1.5041709447196066
0.0,1.7989102933988224
0.0,3.356516525088965
0.0,0.12958452470308848
0.0,0.02276904395513361
4.0,0.4451859935440998
0.0,2.1680402459137795
0.0,1.289607029981097
0.0,2.0632055649414713
0.0,1.8284370173181799
0.0,2.362441665767125
0.0,2.655958474525517
0.0,2.2036174486463302
0.0,1.8622722172154709
0.0,1.799581632422519
0.0,1.844909926887881
0.0,1.8737635186771753
0.0,2.316634073969941
0.0,1.8056166905209583
0.0,2.0282722667052067
0.0,0.021840214857177284
0.0,-0.19743445927263717
0.0,0.49051267421373185
2.0,2.373236524715999
6.0,4.663375479700781
0.0,2.227065721293174
0.0,0.13417913562948972
0.0,-0.07077646347065779
0.0,0.5233908484154498
0.0,0.3333965926316956
2.0,0.5556936147840903
0.0,0.5891620347740704
0.0,0.5923113571412434
0.0,0.5891620347740704
0.0,1.2147034184138397
0.0,0.8173990131459801
0.0,1.062050983751946
7.000000358621273,2.2521740518143187
0.0,0.04013985153796526
0.0,-0.12443799563701359
2.0,0.4906401192487458
0.0,5.354009403767029
7.000000358621273,2.6020646902570133
0.0,-0.042365544815645355
0.0,-0.1374689478804945
0.0,-0.1423597351510172
0.0,-0.41567782827563776
0.0,0.44634272646126516
0.0,1.5338886344670188
2.0,2.788347821035074
0.0,2.3277889886772507
7.000000358621273,3.330062826860877
0.0,0.005958313145944155
0.0,-0.27833950819395814
0.0,0.028174452752902413
0.0,-0.3285146588238585
0.0,0.5319432933697741
0.0,0.28107103677768747
0.0,0.5569492823450388
0.0,0.5130000659863143
0.0,0.43475921450465255
0.0,0.4663414659074893
2.0,0.5877753359653743
0.0,1.8639206198983882
0.0,3.406716689552681
0.0,0.07232584185447363
0.0,0.11419684793418008
0.0,-0.09614600476177326
0.0,-0.07647500033172468
0.0,0.30265788570524843
0.0,0.48900646486569455
0.0,0.7576137985990101
7.000000358621273,3.6613578764169574
0.0,-0.02676614701248755
0.0,-0.2792362406879504
0.0,0.520613999068302
0.0,1.0469779523227363
7.000000358621273,4.512320613156309
0.0,0.03381103778899944
0.0,-0.16650821583406164
0.0,0.47859362722824844
0.0,0.3002214127741615
2.0,0.5729336152574703
0.0,6.004680366238389
0.0,5.614512972586631
0.0,1.0359688171630403
7.000000358621273,1.38917508858842
0.0,-0.12122448006191237
0.0,0.14746784691318532
0.0,0.0014221574870977032
0.0,0.07510892224624587
0.0,-0.11072369055717911
0.0,0.8565742631139731
0.0,0.10300333661232718
0.0,-0.1969523826259469
0.0,-0.042365544815645355
0.0,-0.1374689478804945
0.0,0.07439907626332412
0.0,-0.20657481897694674
0.0,2.9641077484788183
0.0,0.7502717452698751
2.0,0.7954669912428272
0.0,7.149291525743449
0.0,5.587203245379075
0.0,3.5657035414209366
7.000000358621273,4.24591700714768
7.000000358621273,1.9811894176600178
0.0,-0.017414111101587724
2.0,-0.17574818259704203
0.0,7.14193405169956
0.0,1.9495864558786453
0.0,1.1561948059446496
0.0,0.8920264863327639
7.000000358621273,2.6212471628574514
0.0,0.12958452470308848
0.0,0.02276904395513361
0.0,0.4451859935440998
0.0,1.6434451024347874
0.0,3.9010036733577027
7.000000358621273,5.037468033396247
0.0,-0.027746527918486818
0.0,-0.13065729541463253
0.0,0.5360135551668898
0.0,0.5753306398484896
0.0,0.5429077353532796
2.0,2.7810192160036893
7.000000358621273,3.3902340972086
0.0,-0.042365544815645355
0.0,-0.1374689478804945
0.0,-0.011506901487094835
0.0,0.30320543314815324
0.0,-0.0040180824018444606
0.0,0.2968353555389235
0.0,0.025932352551966912
0.0,-0.1304073812147722
0.0,0.04013985153796526
0.0,-0.12443799563701359
0.0,0.38472899169684166
0.0,0.4640714380748923
0.0,0.5021806863078756
1.0,0.8787566026659188
0.0,3.363218080823911
7.000000358621273,2.3022388367473483
0.0,-0.04275411096531164
0.0,-0.00999181626254233
0.0,0.5219885495813634
0.0,1.1517027158747652
0.0,0.8613671467768734
0.0,0.3435446557002672
0.0,0.30810536526114624
7.000000358621273,3.826577207394627
0.0,0.02468515741860104
0.0,-0.3048718341362266
0.0,3.5363797971422906
0.0,-0.04897941764925907
0.0,-0.11354612963370064
7.000000358621273,3.180069479285497
0.0,-0.12103432113172267
0.0,-0.017917839507656026
3.0,2.6284249676433955
7.000000358621273,3.7024286191252007
0.0,0.016618599461996366
0.0,-0.14471668381474057
2.0,0.5077505229594719
0.0,4.524153322070235
0.0,2.8014708492904856
0.0,1.6358717383843466
0.0,1.865397780923285
0.0,1.509982402454117
0.0,1.5146324651949088
0.0,1.1897251777595996
0.0,0.6283782123948837
0.0,1.11621140293718
0.0,1.6458238373408662
0.0,1.2954462808642917
0.0,1.9245934220968801
0.0,1.020310246849781
0.0,1.0217960147852378
0.0,1.409941143076619
7.000000358621273,2.254654097230117
0.0,-0.020908696099670894
0.0,-0.08999914648136945
3.0,0.3959107133443334
0.0,3.6898069434099217
0.0,0.28736952461522625
0.0,-0.06268242615898327
7.000000358621273,3.8317682503262556
0.0,0.10300333661232718
0.0,-0.1969523826259469
0.0,-0.1423597351510172
0.0,-0.41567782827563776
0.0,-0.13326738586967632
0.0,-0.2532292949111283
0.0,0.46976603010195245
0.0,-0.045522218918921824
0.0,0.5749674013262532
0.0,0.5667489672603881
0.0,0.5462662235781294
2.0,0.500430704149284
3.0,5.455523968990736
0.0,2.089236448688289
0.0,-0.08016642358121355
0.0,-0.34058432674414557
0.0,0.4275353268850838
0.0,-0.01914423460716805
0.0,0.5663523769597307
0.0,0.5891620347740704
0.0,0.5891620347740704
2.0,1.01669650993363
0.0,3.7116753100370565
4.0,1.6112127603186996
0.0,2.0168257929026696
0.0,-0.041870064698863924
0.0,-0.12259006504314035
0.0,0.02468515741860104
0.0,-0.3048718341362266
2.0,0.5506944342336999
8.0,4.546165137206706
0.0,0.07232584185447363
0.0,0.11419684793418008
0.0,-0.06389972124368423
0.0,-0.6042552386499057
0.0,0.05075365157146049
0.0,0.0007901771481503929
0.0,0.3995232847413462
0.0,0.3000518521533594
2.0,0.17777851693606894
0.0,2.08335972188203
0.0,0.8382684402162199
0.0,0.5258389765379204
0.0,0.6484103036195287
0.0,1.0421007926606005
0.0,2.111407133048851
0.0,-0.13710826453483055
0.0,0.49219886661332773
0.0,0.36919634227818465
0.0,0.49025231516928536
0.0,1.158109305612387
0.0,3.4656019440141987
0.0,0.026566170824940102
0.0,0.050277626658757874
0.0,-0.002173334571772131
0.0,0.01566722205147865
4.0,1.2817798517244483
0.0,1.9585100290232196
0.0,-0.07763303325100585
0.0,-0.14543536084651834
0.0,0.5826766828392906
0.0,0.4341338238316029
2.0,0.9762663544748942
0.0,3.3041725226532095
0.0,-0.011160921613637936
0.0,-0.22616791293536173
0.0,0.10997775830862731
0.0,0.15295170411449774
7.000000358621273,2.2928221593519282
0.0,-0.1044235216824215
0.0,-0.2414986137494679
7.000000358621273,4.282063879772935
0.0,0.10997775830862731
0.0,0.15295170411449774
7.000000358621273,2.2928221593519282
0.0,0.02468515741860104
0.0,-0.3048718341362266
0.0,0.14682546655731107
0.0,-0.29079021121717136
0.0,0.5365235594452415
0.0,4.2949878732216416
0.0,2.301331704236429
0.0,0.9688775907249063
0.0,3.7533359847399477
0.0,-0.10950258512144889
0.0,-0.37133941818001853
0.0,0.7012364723572929
0.0,2.128786995818835
2.0,3.4023684066134066
0.0,6.72986529826352
0.0,4.968212527573493
0.0,4.923758910393813
0.0,2.799937743346948
0.0,2.2875174334766504
0.0,3.6703051185655724
0.0,4.097218282369067
0.0,2.2688156926931273
0.0,2.2224699896752935
0.0,2.9196383519631106
0.0,2.5049703115378863
1.0,1.6533425116471223
0.0,1.981941625780853
0.0,-0.09614600476177326
0.0,-0.07647500033172468
2.0,0.6115456056880203
1.0,5.79436799635067
0.0,0.30265788570524843
0.0,-0.04125516369805954
0.0,0.5179849913410893
0.0,0.488875657756243
0.0,0.36774957440620387
7.000000358621273,4.556706809536601
0.0,-0.03997811334368793
0.0,-0.24812790729783532
0.0,0.005520167605238309
0.0,0.0837687294442769
0.0,-0.01154948776330422
0.0,-0.2269979418725123
0.0,0.577701485086555
0.0,0.837235252327721
0.0,4.227896288162235
0.0,0.13992496567097862
0.0,-0.20615030104462792
2.0,0.5721190966903918
0.0,2.8926807908459766
0.0,1.6510729769187762
0.0,1.373266469592323
0.0,3.017276579843261
0.0,0.07232584185447363
0.0,0.11419684793418008
0.0,0.04013985153796526
0.0,-0.12443799563701359
2.0,0.4906401192487458
1.0,5.555725980354009
0.0,0.10300333661232718
0.0,-0.1969523826259469
0.0,0.5466227827791499
0.0,0.4534835036007369
2.0,0.66681317839938
0.0,5.9804364922966355
0.0,4.281256981907916
0.0,4.00713979093097
0.0,6.081998754149696
0.0,3.502580817993607
0.0,3.5048896217513845
0.0,2.2948143005253443
0.0,2.641302340326568
3.0,2.425514899458733
0.0,2.5678538345758963
2.0,2.0972805031599915
0.0,3.5439868715924256
0.0,3.7473950647257603
0.0,2.1943513921857143
0.0,2.5029326254627557
0.0,2.8448367681481193
0.0,2.611070925605093
0.0,2.2370375444197275
0.0,2.0892152900331618
0.0,2.0476177326743787
0.0,1.8673633841224735
0.0,1.7983244855488179
0.0,1.7074130962033842
0.0,1.7455436824021313
0.0,2.142840825589206
7.000000358621273,1.84999212826305
0.0,0.30265788570524843
0.0,0.1292011137342265
7.000000358621273,3.4741859028129176
0.0,-0.042365544815645355
0.0,-0.1374689478804945
7.000000358621273,2.8002454403994754
0.0,-0.1044235216824215
0.0,-0.2414986137494679
7.000000358621273,4.282063879772935
0.0,-0.11072369055717911
0.0,0.8565742631139731
0.0,0.025932352551966912
0.0,-0.1304073812147722
0.0,0.313526934430045
0.0,0.48564322490897294
0.0,0.5844615409167149
0.0,0.6007283777372217
0.0,0.5986396329582991
0.0,0.6989807445479704
0.0,0.7043663843480462
0.0,0.6628450340098485
8.999999641378727,0.7768933679092057
0.0,1.4095292665441856
0.0,1.5398580648724367
0.0,0.028174452752902413
0.0,-0.3285146588238585
2.0,0.5319432933697741
0.0,5.1699448834965
0.0,2.3201051692746204
7.000000358621273,3.311169582317389
0.0,-0.15111914940771903
0.0,-0.11923673199909483
0.0,0.5118972607431278
0.0,3.803809059992677
0.0,0.05075365157146049
0.0,0.0007901771481503929
0.0,0.026566170824940102
0.0,0.050277626658757874
0.0,-0.0040180824018444606
0.0,0.2968353555389235
0.0,0.30265788570524843
0.0,-0.04125516369805954
0.0,0.5179849913410893
0.0,0.488875657756243
0.0,0.36774957440620387
7.000000358621273,4.556706809536601
0.0,0.0014221574870977032
0.0,0.07510892224624587
0.0,-0.03822373807449783
0.0,0.518326891897562
7.000000358621273,4.276297249697593
0.0,-0.1044235216824215
0.0,-0.2414986137494679
7.000000358621273,4.282063879772935
0.0,-0.12103432113172267
0.0,-0.017917839507656026
0.0,0.46669161475324883
0.0,0.2800531575347943
2.0,0.7208029386861623
0.0,0.6700138732639592
0.0,1.0881873021531263
0.0,2.739172775481207
0.0,4.110286441569657
7.000000358621273,3.600656563827235
0.0,0.026566170824940102
0.0,0.050277626658757874
0.0,0.026566170824940102
0.0,0.050277626658757874
0.0,-0.01154948776330422
0.0,-0.2269979418725123
0.0,0.577701485086555
0.0,0.5103170857574637
0.0,1.1189369246145808
0.0,3.8904021112751606
0.0,0.13992496567097862
0.0,-0.20615030104462792
0.0,-0.11072369055717911
0.0,0.8565742631139731
0.0,0.8523751666244092
0.0,1.1184086754789477
0.0,4.51294210382301
0.0,-0.04275411096531164
0.0,-0.00999181626254233
0.0,0.30265788570524843
0.0,0.48900646486569455
0.0,0.7576137985990101
0.0,0.5368368599551652
0.0,1.7039819871706825
7.000000358621273,4.195504538890146
0.0,-0.12103432113172267
0.0,-0.017917839507656026
0.0,2.6284249676433955
0.0,2.0504992546056835
7.000000358621273,4.1328322437821345
0.0,0.014310243980810893
0.0,0.004764731892942943
0.0,0.057536479852477555
0.0,0.19038764090678106
0.0,-0.18507143915075613
0.0,-0.0953512103647286
0.0,0.014310243980810893
0.0,0.004764731892942943
0.0,0.13417913562948972
0.0,-0.07077646347065779
0.0,0.10300333661232718
0.0,-0.1969523826259469
2.0,0.5466227827791499
0.0,2.7624064132959556
0.0,0.6578848983505932
0.0,1.0743678313848841
0.0,0.8161802387485265
0.0,0.6463206174597635
0.0,1.4734350395218574
0.0,1.7275536255355561
0.0,2.7094034442704333
0.0,0.026566170824940102
0.0,0.050277626658757874
0.0,-0.09134675557127114
0.0,0.7959197506004216
7.000000358621273,5.316613094625451
0.0,-0.11072369055717911
0.0,0.8565742631139731
0.0,4.545765991729477
0.0,2.933464815846183
7.000000358621273,5.233344821168123
0.0,0.07560722650555486
0.0,0.2502003348088208
2.0,0.547614863704192
0.0,1.4078443741467055
0.0,1.0290700197277562
0.0,0.9471863830068027
0.0,2.555848808140129
0.0,0.057536479852477555
0.0,0.19038764090678106
0.0,-0.07763303325100585
0.0,-0.14543536084651834
0.0,0.5826766828392906
0.0,1.3120035560885464
0.0,4.629014182395497
0.0,-0.010597124144284814
0.0,-0.023138782487949427
0.0,0.5868494654929232
2.0,0.5776392642956302
0.0,5.055879649569636
7.000000358621273,2.6851097219716853
0.0,0.10300333661232718
0.0,-0.1969523826259469
0.0,0.5466227827791499
0.0,0.4534835036007369
7.000000358621273,4.0366130802806
0.0,0.32413015513597665
0.0,-0.17487377427731537
0.0,0.4019752680425052
0.0,3.3252849156361384
0.0,0.08449179958665312
0.0,-0.1290697686928649
0.0,-0.01154948776330422
0.0,-0.2269979418725123
0.0,0.577701485086555
0.0,0.5103170857574637
0.0,1.1189369246145808
0.0,1.3022668092066687
0.0,3.6718195762028962
0.0,0.13674099152326896
0.0,0.3015706132459636
0.0,0.46260929431581693
0.0,2.0671448403184987
0.0,1.3770305584773228
0.0,0.8656593951421879
0.0,0.7351910483109476
0.0,0.8923713903424009
0.0,1.049883053602763
0.0,0.7134656819165581
0.0,0.6385101150923252
0.0,0.9319846065404631
0.0,0.6247625478893883
0.0,0.23089357752333997
0.0,3.2134104990681225
0.0,-0.01154948776330422
0.0,-0.2269979418725123
0.0,0.577701485086555
0.0,0.5103170857574637
2.0,1.1189369246145808
0.0,3.3370469761592165
0.0,-0.04275411096531164
0.0,-0.00999181626254233
0.0,0.5219885495813634
0.0,0.5846109515047211
0.0,0.5475099221540802
0.0,3.8504581566077585
0.0,0.1149017180469342
0.0,0.5203442262154303
0.0,0.49411959732568944
0.0,1.9873933863782012
7.000000358621273,4.427755923795848
0.0,0.09736379295072507
0.0,0.11277388354921736
0.0,2.587239466127683
0.0,0.6464853591072052
0.0,0.5562563363896234
0.0,0.5891620347740704
0.0,0.6833189914709102
0.0,0.5891620347740704
2.0,0.5672042817945552
0.0,1.8721023849390541
1.0,1.2306903065028436
0.0,1.6839119269187224
0.0,1.47751623926781
0.0,-0.011868302075305447
0.0,-0.2035944968848363
0.0,2.524926150914287
0.0,0.48766248681618546
0.0,3.1220495779565547
0.0,2.0676497790713646
0.0,2.348952126570358
0.0,0.08449179958665312
0.0,-0.1290697686928649
0.0,-0.01154948776330422
0.0,-0.2269979418725123
0.0,0.577701485086555
0.0,0.5103170857574637
0.0,4.173398047737512
0.0,0.02468515741860104
0.0,-0.3048718341362266
0.0,0.5506944342336999
0.0,1.2408761368742642
0.0,3.021791263053366
0.0,3.000028331080594
0.0,2.7543576967476997
2.0,3.297015517901119
7.000000358621273,2.9389389902731153
0.0,-0.030107421416216924
0.0,0.02266239895397347
0.0,0.30265788570524843
0.0,0.8886107083594977
7.000000358621273,4.324304086453548
0.0,-0.002029392958184401
0.0,-0.3214264197009314
0.0,0.559607024601778
0.0,1.1557411500338717
7.000000358621273,4.839266662530568
0.0,-0.13326738586967632
0.0,-0.2532292949111283
2.0,0.499542309599897
3.0,5.999997489651086
0.0,6.1778381377227625
0.0,1.3047888133114478
0.0,0.09736379295072507
0.0,0.11277388354921736
0.0,0.526138918405412
0.0,0.47369629511948724
0.0,0.4405838963986176
0.0,0.2516823372209075
7.000000358621273,3.740014997541651
0.0,-0.010597124144284814
0.0,-0.023138782487949427
0.0,0.5868494654929232
2.0,0.5776392642956302
1.0,5.8238861133594675
0.0,0.014550206440336
0.0,0.05115459015505708
0.0,-0.04275411096531164
0.0,-0.00999181626254233
0.0,0.08449179958665312
0.0,-0.1290697686928649
0.0,0.6534464221610733
2.0,0.5556007767019538
0.0,2.692794975859409
0.0,1.81375560031946
0.0,4.287217267470863
1.0,1.7912885154764804
0.0,3.241533579323619
0.0,1.4441823919106516
0.0,1.5826390724332489
2.0,-0.07142162314140042
1.0,2.0335131579938297
1.0,2.525963821568703
0.0,-0.1423597351510172
0.0,-0.41567782827563776
0.0,-0.005420739857204182
0.0,-0.016324081741264075
2.0,1.097303096300212
0.0,8.599984866182265
0.0,2.449015172190211
0.0,2.2042211875600017
0.0,2.843077013559829
1.0,2.4448626964661817
1.0,6.470352600022163
0.0,5.8449859545978295
0.0,3.07095895687113
0.0,2.2847642979612024
0.0,1.843241082792383
0.0,1.5304376219536469
3.0,1.9342790654473065
0.0,2.902008350854971
7.000000358621273,1.390762167033596
0.0,-0.03822373807449783
0.0,0.518326891897562
7.000000358621273,4.276297249697593
0.0,0.03381103778899944
0.0,-0.16650821583406164
0.0,0.057536479852477555
0.0,0.19038764090678106
0.0,0.026566170824940102
0.0,0.050277626658757874
0.0,0.04601711627613408
0.0,0.10689433260043099
7.000000358621273,3.537622778475695
0.0,-0.11072369055717911
0.0,0.8565742631139731
0.0,0.02468515741860104
0.0,-0.3048718341362266
0.0,0.03381103778899944
0.0,-0.16650821583406164
0.0,0.13992496567097862
0.0,-0.20615030104462792
0.0,0.5721190966903918
0.0,-0.3593195089614077
0.0,0.3912236229570691
0.0,0.7215417881645656
0.0,1.4287523530038297
0.0,1.5150221072083951
0.0,3.9162206912281596
0.0,-0.1025475738015684
0.0,0.05003053660142509
0.0,0.030147004239262074
0.0,0.011347225365139215
0.0,0.3326302189705633
0.0,0.033341512886876146
0.0,1.513648408420858
0.0,1.7772746719780868
0.0,1.8838619351132184
0.0,1.4525733228089943
2.0,1.3702970854490495
0.0,2.2466365807326416
0.0,2.245164081784299
0.0,0.0014221574870977032
0.0,0.07510892224624587
0.0,0.05075365157146049
0.0,0.0007901771481503929
0.0,0.025932352551966912
0.0,-0.1304073812147722
0.0,0.025932352551966912
0.0,-0.1304073812147722
11.000000358621273,-0.0939639736241226
0.0,0.30265788570524843
0.0,0.6596848185214977
7.000000358621273,3.958196235409045
0.0,0.025932352551966912
0.0,-0.1304073812147722
0.0,0.4430094762085268
0.0,0.49344700312753614
0.0,0.7223107618299296
0.0,1.0507975378497858
0.0,1.2386958988429801
2.0,1.4971711953958766
0.0,3.9046357896141126
0.0,1.557553155741688
0.0,1.4462319124878025
0.0,2.8927880186067063
0.0,-0.11072369055717911
0.0,0.8565742631139731
0.0,-0.042365544815645355
0.0,-0.1374689478804945
3.0,0.014550206440336
0.0,-0.030107421416216924
0.0,0.02266239895397347
0.0,-0.005420739857204182
0.0,-0.016324081741264075
2.0,1.097303096300212
7.000000358621273,2.6220332606886174
0.0,0.30265788570524843
0.0,-0.37418265729039396
7.000000358621273,3.6937711429654465
0.0,0.07278389087584998
0.0,-0.010422206618212151
0.0,0.5891620347740704
0.0,0.5891620347740704
2.0,1.0700878657981816
0.0,3.2959554334171193
0.0,2.5513436283937674
0.0,1.9268523774976627
7.000000358621273,2.3945013317400985
0.0,0.014550206440336
0.0,0.05115459015505708
0.0,-0.15354289128360238
0.0,-0.3904922148700877
2.0,0.48538501759216657
0.0,5.565519568707712
0.0,2.9132107828809986
0.0,0.014550206440336
0.0,0.05115459015505708
0.0,0.0060303063665676036
0.0,-0.12113536267548684
0.0,0.5060491339834181
0.0,0.5866492651670798
0.0,0.5880967951092665
0.0,0.5891620347740704
0.0,2.514379457886566
3.0,1.8604030831388112
0.0,0.8575822578580197
0.0,0.955295616894935
0.0,1.0218439803805475
2.0,1.054684364865587
0.0,1.6440698206929496
0.0,-0.11072369055717911
0.0,0.8565742631139731
0.0,0.22453493096719798
0.0,0.038222482900041134
0.0,0.30265788570524843
0.0,0.29952033059860705
7.000000358621273,4.180236955420148
0.0,-0.13096512695013765
0.0,-0.08664756171603148
5.0,1.2479213414443902
0.0,0.025932352551966912
0.0,-0.1304073812147722
0.0,0.0014221574870977032
0.0,0.07510892224624587
0.0,0.014550206440336
0.0,0.05115459015505708
0.0,0.7138408445961333
7.000000358621273,2.5036790956432178
0.0,-0.013753125832673768
0.0,0.06749229950470816
0.0,0.6204777857431547
0.0,3.845541458950237
2.0,4.624995472406424
0.0,2.4190304889047956
0.0,1.6277586493175258
7.000000358621273,3.2879388134728273
0.0,-0.04275411096531164
0.0,-0.00999181626254233
0.0,0.30265788570524843
0.0,0.48900646486569455
0.0,0.7298205602596705
7.000000358621273,3.052907037834903
0.0,-0.1423597351510172
2.0,-0.41567782827563776
0.0,10.881569269312742
0.0,3.235265955329417
0.0,3.0535267353952382
0.0,3.08214184403776
0.0,2.5090679182070943
7.000000358621273,2.4753024701474686
0.0,-0.0040180824018444606
0.0,0.2968353555389235
0.0,0.005520167605238309
0.0,0.0837687294442769
0.0,0.023105878986120282
0.0,0.24794518975906746
0.0,0.09736379295072507
0.0,0.11277388354921736
0.0,0.526138918405412
0.0,0.8808598267787525
10.0,1.6442405244190603
7.000000358621273,1.5392080638145038
0.0,0.030147004239262074
0.0,0.011347225365139215
0.0,0.32175922024259296
0.0,-0.008258689303797763
0.0,1.5963059498496839
2.0,0.5393333571218778
3.0,3.128001256608942
0.0,3.3926978253564606
0.0,2.078597948614592
0.0,0.0060303063665676036
0.0,-0.12113536267548684
0.0,0.026566170824940102
0.0,0.050277626658757874
0.0,-0.042365544815645355
0.0,-0.1374689478804945
7.000000358621273,3.201603610885877
0.0,-0.007425881051778815
8.999999641378727,0.05427230902251676
7.000000358621273,1.639859606943912
0.0,-0.07763303325100585
0.0,-0.14543536084651834
0.0,0.5826766828392906
0.0,1.379044665203731
0.0,5.045459191230132
0.0,-0.042365544815645355
0.0,-0.1374689478804945
0.0,0.025932352551966912
0.0,-0.1304073812147722
0.0,2.1236262563848034
0.0,0.36230010001947316
1.0,0.5459766817275647
0.0,0.6660397667957584
0.0,0.852516463406106
0.0,0.8401913674838809
0.0,2.3064153400966916
0.0,0.5613103859948352
0.0,0.5974426448032012
0.0,0.4179814320249514
0.0,0.6088469806061202
7.000000358621273,1.9278253170122401
0.0,-0.13096512695013765
0.0,-0.08664756171603148
0.0,0.08449179958665312
0.0,-0.1290697686928649
0.0,-0.11072369055717911
0.0,0.8565742631139731
0.0,-0.010265264983465767
0.0,0.013214207714158762
0.0,0.4513825656985207
0.0,0.5070316217893982
2.0,0.5271006061775383
0.0,2.975305159807019
7.000000358621273,1.9350622943082858
0.0,-0.01154948776330422
0.0,-0.2269979418725123
2.0,0.577701485086555
0.0,5.344940230385478
0.0,2.9921311320203254
1.0,3.3313463323981685
0.0,2.36764310871568
0.0,-0.042365544815645355
0.0,-0.1374689478804945
0.0,0.5575626592054316
0.0,0.29574185203501435
2.0,0.9884495260281941
0.0,1.5767429800782296
0.0,2.3705373617021888
0.0,-0.011868302075305447
0.0,-0.2035944968848363
2.0,0.48931694123309055
0.0,2.7316499770303073
0.0,1.594747740417012
0.0,0.09736379295072507
0.0,0.11277388354921736
0.0,0.07278389087584998
0.0,-0.010422206618212151
0.0,0.5891620347740704
0.0,0.5891620347740704
2.0,1.0700878657981816
0.0,3.2959554334171193
0.0,2.5513436283937674
7.000000358621273,2.503609164494916
0.0,0.08449179958665312
0.0,-0.1290697686928649
0.0,0.30265788570524843
0.0,0.1570134486563716
7.000000358621273,4.116738038277083
0.0,0.025932352551966912
0.0,-0.1304073812147722
0.0,0.4430094762085268
2.0,0.47232519633618164
0.0,3.738192842851799
0.0,3.7448807709783583
0.0,6.016812882536829
0.0,2.350958791905344
0.0,1.6187074069996417
0.0,2.773884445770546
0.0,1.8768512478406516
0.0,0.7156538544435148
0.0,1.2430865887478273
0.0,1.3245049143666192
0.0,1.6256305906815132
0.0,2.071075329474329
0.0,2.1390627504745456
0.0,-0.0040180824018444606
0.0,0.2968353555389235
3.0,1.0265566225335374
0.0,2.157400669976263
1.0,0.28363434957038963
0.0,5.147785675016685
0.0,1.940186454372436
8.0,3.3524311115430505
0.0,-0.0040180824018444606
0.0,0.2968353555389235
0.0,0.30265788570524843
0.0,0.8886107083594977
0.0,3.8086482954551566
0.0,3.084230454333705
7.000000358621273,5.336729596332309
0.0,-0.02441861215718944
0.0,0.24491573655250914
0.0,4.006917804362772
0.0,2.2998303362755816
7.000000358621273,5.057902990793833
0.0,0.05184368093178414
0.0,-0.17388182783525083
0.0,3.5635665172530904
0.0,-0.010597124144284814
0.0,-0.023138782487949427
0.0,-0.13096512695013765
0.0,-0.08664756171603148
0.0,-0.0040180824018444606
0.0,0.2968353555389235
0.0,-0.010597124144284814
0.0,-0.023138782487949427
0.0,0.5868494654929232
0.0,0.5776392642956302
0.0,0.5847298792844932
2.0,0.5844133511831096
0.0,3.348683519236624
0.0,0.7778204935561136
0.0,2.127620400816652
0.0,2.9875732349467823
0.0,2.7656216323221052
0.0,0.8351831317463385
0.0,1.5606783608282286
0.0,1.7843536766032253
0.0,1.6175399154442762
0.0,1.8092579516198386
0.0,1.9986827840630141
0.0,2.3250580876807496
0.0,2.325400750307428
0.0,2.0756520541647228
1.0,2.38931028880847
0.0,3.178805339296966
0.0,1.747023533086578
2.0,1.8664020997992796
0.0,2.299811687969368
7.000000358621273,1.6310832478320447
0.0,-0.002173334571772131
0.0,0.01566722205147865
4.0,1.2817798517244483
0.0,1.9585100290232196
0.0,-0.02441861215718944
0.0,0.24491573655250914
0.0,4.006917804362772
0.0,2.2998303362755816
7.000000358621273,5.057902990793833
0.0,0.30265788570524843
0.0,0.08060138635811849
7.000000358621273,3.560287284329649
0.0,-0.030107421416216924
0.0,0.02266239895397347
0.0,0.062132121815039645
0.0,0.30209868307096005
0.0,-0.01154948776330422
2.0,-0.2269979418725123
0.0,8.199634421473956
0.0,2.187736084867007
0.0,3.184531445168421
0.0,0.022955616672589895
0.0,-0.3469225094738775
7.000000358621273,3.571972958521505
0.0,0.025932352551966912
0.0,-0.1304073812147722
0.0,0.30265788570524843
0.0,0.1570134486563716
0.0,0.5313786890025559
0.0,0.8720632952202598
0.0,1.7243672755219106
7.000000358621273,4.667422162149174
0.0,0.3189782467508016
2.0,0.3594236436136544
1.0,9.916190925662471
0.0,0.014550206440336
0.0,0.05115459015505708
0.0,-0.11072369055717911
0.0,0.8565742631139731
0.0,0.05075365157146049
0.0,0.0007901771481503929
3.0,0.3995232847413462
0.0,2.448157888036287
3.0,0.9054845565127955
0.0,1.768123553635577
0.0,0.025932352551966912
0.0,-0.1304073812147722
0.0,0.313526934430045
0.0,0.48564322490897294
0.0,0.5779523854949171
0.0,0.5024580350351466
0.0,0.559044347823904
0.0,0.6529055764532141
0.0,1.0390558290839702
0.0,0.7196690678751726
2.0,0.5947225921002188
0.0,3.177065667499983
0.0,2.459203423255227
0.0,2.910608806232264
0.0,2.8401415191268864
0.0,1.7780270594095589
0.0,1.434566141776617
0.0,0.30265788570524843
0.0,0.8886107083594977
0.0,2.364207158295789
7.000000358621273,4.507587170969464
0.0,-0.1989998411307759
0.0,1.6081684243292975
0.0,4.974829807309203
0.0,-0.04275411096531164
0.0,-0.00999181626254233
2.0,0.5219885495813634
0.0,4.05775452158667
0.0,2.1254035834154874
0.0,1.5794166809816326
0.0,1.628662016305075
7.000000358621273,2.4911632132035746
0.0,0.030147004239262074
0.0,0.011347225365139215
0.0,0.014550206440336
0.0,0.05115459015505708
0.0,-0.1989998411307759
0.0,1.6081684243292975
4.0,3.7592528771288207
0.0,3.157449083848164
0.0,0.062132121815039645
0.0,0.30209868307096005
0.0,1.589239676279749
0.0,0.026566170824940102
0.0,0.050277626658757874
0.0,-0.01154948776330422
0.0,-0.2269979418725123
2.0,0.577701485086555
0.0,5.041421115692299
0.0,2.5757530060531684
0.0,3.3952149880740494
0.0,-0.1989998411307759
0.0,1.6081684243292975
6.0,3.7592528771288207
0.0,2.448384895302312
0.0,-0.11072369055717911
0.0,0.8565742631139731
0.0,-0.01154948776330422
0.0,-0.2269979418725123
2.0,0.577701485086555
0.0,5.041421115692299
0.0,2.5757530060531684
0.0,3.3952149880740494
0.0,0.1764249905951571
0.0,-0.3705716100337929
2.0,0.546721134663364
0.0,10.384841509121353
0.0,6.990089501111188
7.000000358621273,4.079918392143038
0.0,0.025932352551966912
0.0,-0.1304073812147722
2.0,2.1236262563848034
0.0,3.2733063482779188
0.0,0.8113420791498668
0.0,1.1887563623896658
0.0,2.6431800813137873
0.0,0.30265788570524843
0.0,-0.37418265729039396
7.000000358621273,3.6937711429654465
0.0,0.30265788570524843
0.0,-0.37418265729039396
7.000000358621273,3.6937711429654465
0.0,0.30265788570524843
0.0,0.08060138635811849
7.000000358621273,3.560287284329649
0.0,-0.12103432113172267
0.0,-0.017917839507656026
7.000000358621273,4.22005862023334
0.0,0.026566170824940102
0.0,0.050277626658757874
0.0,0.5418316473949571
0.0,0.5891620347740704
0.0,4.316773398334634
0.0,-0.08524454563939841
0.0,0.14309033634013363
0.0,0.6090249464130162
0.0,1.7002053465411158
0.0,2.446832423810014
2.0,2.518219753792151
0.0,3.577822788732263
0.0,3.698882571974393
0.0,2.284493897521102
0.0,-0.07763303325100585
0.0,-0.14543536084651834
0.0,0.31720089730628803
0.0,1.4893527137051064
2.0,1.3999681544309273
0.0,3.555227855405337
7.000000358621273,3.7993449423821133
0.0,0.3202152660055364
0.0,-0.3928312324701439
0.0,0.42187516250026447
2.0,0.5594171346375433
0.0,5.705322334179799
1.0,3.0505885513027455
0.0,3.275869773139769
0.0,-0.08524454563939841
0.0,0.14309033634013363
2.0,0.5344873975105229
0.0,6.215367136735478
0.0,3.6248652928842007
0.0,3.487037454764409
0.0,0.09673073674795774
0.0,0.24818488325263757
0.0,0.014550206440336
0.0,0.05115459015505708
0.0,0.005494481356535174
0.0,-0.42943436101040827
0.0,-0.07763303325100585
0.0,-0.14543536084651834
0.0,-0.030574346314108485
0.0,0.6865938761114122
0.0,0.31720089730628803
0.0,1.4893527137051064
2.0,1.3999681544309273
0.0,3.555227855405337
7.000000358621273,3.7993449423821133
0.0,0.005494481356535174
0.0,-0.42943436101040827
0.0,0.647629674762781
0.0,0.5362281451713259
7.000000358621273,4.681798213133644
0.0,0.026566170824940102
0.0,0.050277626658757874
0.0,1.3111104098072877
2.0,0.5123760201430397
0.0,3.4140967567367904
7.000000358621273,3.1129882942430167
0.0,0.005494481356535174
0.0,-0.42943436101040827
0.0,-0.030574346314108485
0.0,0.6865938761114122
0.0,-0.07277030809512214
0.0,-0.3633115016656165
0.0,0.8570304293736644
0.0,0.5003808109646303
0.0,0.03203895559443807
0.0,1.3590317153895506
0.0,1.8109088646516693
0.0,2.3086970679483314
2.0,3.2207722765672915
7.000000358621273,3.8982207722765674
0.0,-0.07277030809512214
0.0,-0.3633115016656165
1.0,0.5295481515404398
0.0,3.9523833431894415
0.0,3.5157863291418874
0.0,-0.030574346314108485
0.0,0.6865938761114122
0.0,-0.04080469055108255
0.0,-0.22625640273455894
0.0,2.214621383797563
0.0,-0.03867344915126896
0.0,-0.5072910394530021
0.0,-0.03867344915126896
0.0,-0.5072910394530021
0.0,0.6101765241493773
0.0,0.1767257841881729
7.000000358621273,4.4021191648284335
0.0,-0.3858093382827851
0.0,0.7807706914612633
0.0,0.27643482578357853
0.0,-0.3384048956107267
2.0,0.5657002690018171
0.0,8.297662829299501
0.0,4.302613954599264
0.0,2.076918345880894
7.000000358621273,3.319755334222475
0.0,-0.03867344915126896
0.0,-0.5072910394530021
0.0,-0.03867344915126896
0.0,-0.5072910394530021
0.0,0.03732888834219068
0.0,0.6389590640988906
0.0,0.2164577040277114
1.0,0.7158773651521253
0.0,6.476208168173295
0.0,3.582219126922165
0.0,4.9491245516785805
3.0,3.7389463061470916
0.0,2.2040693114507413
0.0,-0.03867344915126896
0.0,-0.5072910394530021
0.0,-0.03867344915126896
0.0,-0.5072910394530021
0.0,0.005958313145944155
0.0,-0.27833950819395814
0.0,0.31247662237574403
0.0,0.5498087741715221
0.0,0.5067988765829992
0.0,0.39144525090399457
1.0,0.5891620347740704
0.0,3.273884445770546
0.0,2.273292003426985
0.0,-0.1650394824090886
0.0,0.46998788218717374
7.000000358621273,4.718116506727556
0.0,0.005958313145944155
0.0,-0.27833950819395814
2.0,0.5804432792042338
5.0,4.976739824211024
0.0,0.005958313145944155
0.0,-0.27833950819395814
0.0,0.005958313145944155
0.0,-0.27833950819395814
