y_true,y_pred
1.0,1
1.0,2
1.0,1
1.0,1
1.0,3
3.0,3
3.0,3
1.0,1
2.0,2
1.0,1
1.0,1
1.0,1
2.0,3
1.0,1
3.0,3
3.0,3
1.0,1
3.0,2
1.0,1
2.0,2
1.0,1
1.0,1
3.0,1
3.0,3
1.0,1
3.0,2
1.0,1
3.0,2
1.0,1
2.0,2
1.0,1
3.0,1
3.0,3
1.0,3
3.0,2
1.0,1
2.0,2
1.0,1
1.0,3
1.0,3
1.0,3
3.0,3
3.0,3
1.0,1
3.0,2
3.0,3
1.0,1
2.0,2
1.0,1
2.0,1
1.0,1
1.0,1
3.0,1
3.0,3
1.0,1
3.0,2
1.0,1
3.0,2
3.0,3
1.0,1
2.0,2
1.0,1
1.0,1
3.0,1
3.0,3
1.0,1
3.0,2
1.0,1
2.0,2
1.0,1
1.0,1
3.0,1
3.0,3
2.0,1
1.0,1
3.0,2
3.0,3
1.0,1
3.0,2
1.0,1
2.0,2
1.0,1
3.0,1
3.0,3
1.0,1
3.0,2
1.0,1
3.0,2
1.0,1
2.0,2
1.0,1
2.0,1
1.0,1
1.0,3
1.0,3
2.0,3
1.0,1
3.0,3
3.0,3
1.0,1
3.0,2
3.0,3
1.0,1
2.0,2
1.0,1
3.0,1
3.0,3
1.0,1
1.0,2
2.0,1
1.0,1
3.0,1
3.0,3
1.0,1
3.0,2
1.0,3
1.0,2
2.0,1
1.0,1
1.0,1
1.0,1
3.0,1
3.0,3
1.0,1
2.0,2
1.0,1
1.0,1
3.0,1
3.0,3
1.0,1
1.0,2
1.0,1
2.0,3
1.0,1
2.0,1
1.0,1
2.0,1
1.0,1
1.0,1
1.0,1
2.0,1
1.0,1
2.0,1
1.0,1
2.0,1
1.0,1
2.0,2
1.0,1
1.0,1
3.0,1
3.0,3
1.0,1
3.0,2
1.0,1
3.0,2
1.0,1
2.0,2
1.0,1
2.0,1
1.0,1
1.0,1
1.0,1
2.0,1
1.0,1
2.0,1
1.0,1
1.0,2
1.0,1
1.0,3
1.0,1
3.0,1
3.0,3
1.0,1
3.0,2
1.0,1
3.0,2
1.0,1
3.0,2
1.0,1
3.0,2
1.0,1
3.0,2
1.0,1
3.0,2
1.0,1
3.0,2
3.0,3
1.0,1
3.0,2
3.0,3
1.0,1
3.0,2
1.0,1
3.0,2
1.0,1
2.0,2
1.0,1
3.0,1
3.0,3
1.0,1
2.0,2
1.0,1
3.0,1
3.0,3
1.0,1
1.0,2
1.0,1
2.0,3
1.0,1
1.0,1
1.0,1
1.0,1
1.0,1
1.0,1
1.0,1
1.0,1
1.0,1
1.0,1
1.0,1
1.0,1
1.0,1
1.0,1
1.0,3
1.0,1
1.0,1
1.0,1
3.0,1
3.0,3
1.0,1
2.0,2
1.0,1
3.0,1
3.0,3
1.0,1
2.0,2
1.0,1
1.0,1
3.0,1
3.0,3
1.0,1
2.0,2
1.0,1
1.0,1
3.0,1
3.0,3
1.0,1
3.0,2
1.0,1
3.0,2
1.0,1
3.0,2
3.0,3
1.0,1
2.0,2
1.0,1
1.0,1
1.0,1
2.0,1
1.0,1
3.0,1
3.0,3
1.0,1
3.0,2
1.0,1
1.0,2
3.0,1
3.0,3
1.0,1
1.0,2
1.0,1
3.0,3
1.0,1
3.0,2
1.0,1
3.0,2
1.0,1
1.0,2
3.0,1
3.0,3
1.0,1
2.0,2
1.0,1
1.0,1
3.0,1
3.0,3
1.0,1
1.0,2
2.0,1
1.0,1
2.0,1
1.0,1
1.0,1
3.0,1
3.0,3
1.0,1
3.0,2
1.0,1
3.0,2
3.0,3
1.0,1
3.0,2
3.0,3
1.0,1
3.0,2
1.0,1
2.0,2
1.0,1
1.0,1
2.0,1
1.0,1
1.0,1
1.0,1
1.0,1
1.0,1
1.0,1
1.0,1
3.0,1
3.0,3
1.0,1
1.0,2
1.0,1
1.0,1
3.0,1
3.0,3
1.0,1
3.0,2
1.0,1
3.0,2
1.0,1
2.0,2
2.0,1
1.0,1
2.0,2
1.0,1
1.0,2
1.0,1
2.0,3
1.0,1
1.0,3
1.0,3
1.0,3
3.0,3
3.0,3
1.0,1
3.0,2
1.0,1
3.0,2
1.0,1
2.0,2
1.0,1
1.0,1
1.0,1
1.0,1
1.0,1
1.0,1
3.0,1
3.0,3
1.0,1
3.0,2
1.0,3
3.0,2
3.0,3
1.0,1
2.0,2
1.0,1
1.0,1
1.0,1
1.0,1
1.0,1
3.0,1
1.0,1
3.0,2
1.0,1
2.0,2
1.0,1
1.0,1
1.0,1
3.0,1
1.0,1
2.0,2
1.0,1
1.0,1
1.0,1
3.0,1
3.0,3
1.0,1
3.0,2
1.0,1
1.0,2
1.0,1
3.0,3
3.0,3
1.0,1
3.0,2
1.0,1
3.0,2
3.0,3
1.0,1
1.0,2
1.0,1
2.0,3
1.0,1
1.0,1
1.0,1
2.0,1
1.0,1
1.0,3
1.0,3
2.0,1
1.0,1
1.0,1
1.0,3
3.0,1
3.0,3
1.0,1
3.0,2
1.0,1
3.0,2
3.0,3
1.0,1
3.0,2
1.0,1
2.0,2
1.0,1
1.0,1
3.0,1
3.0,3
1.0,1
2.0,2
1.0,1
1.0,1
1.0,1
1.0,1
2.0,1
1.0,1
3.0,1
3.0,3
1.0,1
1.0,2
3.0,1
3.0,3
1.0,1
3.0,2
1.0,1
1.0,2
3.0,1
3.0,3
1.0,1
1.0,2
3.0,1
3.0,3
1.0,1
3.0,2
3.0,3
1.0,1
3.0,2
1.0,1
3.0,2
1.0,1
1.0,2
1.0,1
3.0,3
3.0,3
1.0,1
2.0,2
1.0,1
3.0,1
3.0,3
1.0,1
3.0,2
3.0,3
1.0,1
1.0,1
1.0,1
3.0,1
3.0,3
1.0,1
3.0,2
1.0,1
3.0,2
1.0,1
3.0,2
1.0,1
2.0,2
1.0,1
2.0,1
1.0,1
1.0,1
1.0,1
3.0,1
3.0,3
1.0,1
1.0,2
1.0,1
3.0,3
3.0,3
1.0,1
1.0,2
2.0,1
1.0,1
1.0,1
3.0,1
3.0,3
1.0,1
3.0,2
3.0,3
1.0,1
1.0,2
1.0,1
1.0,3
1.0,1
3.0,3
3.0,3
1.0,1
3.0,2
1.0,1
3.0,2
1.0,1
3.0,2
1.0,1
2.0,2
1.0,1
2.0,1
1.0,1
1.0,1
1.0,1
3.0,1
3.0,3
1.0,1
1.0,2
3.0,1
3.0,3
1.0,1
2.0,2
1.0,1
1.0,1
1.0,1
2.0,3
1.0,1
2.0,3
1.0,1
1.0,3
3.0,3
3.0,3
1.0,1
1.0,2
3.0,1
3.0,3
1.0,1
3.0,2
1.0,1
3.0,2
1.0,1
1.0,2
3.0,1
1.0,1
3.0,2
3.0,3
1.0,1
2.0,2
1.0,1
1.0,1
3.0,1
3.0,3
1.0,1
3.0,2
1.0,1
3.0,2
3.0,3
1.0,1
2.0,2
1.0,1
1.0,1
3.0,1
3.0,3
1.0,1
1.0,2
1.0,1
3.0,1
3.0,3
1.0,1
2.0,2
1.0,1
1.0,1
3.0,1
3.0,3
1.0,1
1.0,2
3.0,1
3.0,3
1.0,1
3.0,2
1.0,1
2.0,2
1.0,1
2.0,1
1.0,1
1.0,1
1.0,3
3.0,3
3.0,3
1.0,1
2.0,2
1.0,1
1.0,1
3.0,1
3.0,3
1.0,1
3.0,2
1.0,1
3.0,2
3.0,3
1.0,1
3.0,2
3.0,3
1.0,1
3.0,2
1.0,1
2.0,2
1.0,1
2.0,1
1.0,1
3.0,1
3.0,3
1.0,1
2.0,2
1.0,1
3.0,1
3.0,3
1.0,1
2.0,2
1.0,1
1.0,1
1.0,1
1.0,1
1.0,1
3.0,1
3.0,3
1.0,1
3.0,2
1.0,1
3.0,2
1.0,1
3.0,2
1.0,1
3.0,2
3.0,3
1.0,1
3.0,2
1.0,1
1.0,2
3.0,1
1.0,1
3.0,2
1.0,1
3.0,2
1.0,1
3.0,2
1.0,1
3.0,2
1.0,1
1.0,2
1.0,1
3.0,3
3.0,3
1.0,1
2.0,2
1.0,1
1.0,1
3.0,1
3.0,3
1.0,1
1.0,2
2.0,1
1.0,1
1.0,1
3.0,1
3.0,3
1.0,1
3.0,2
1.0,1
3.0,2
3.0,1
1.0,1
2.0,2
1.0,1
2.0,1
1.0,1
3.0,1
3.0,3
1.0,1
1.0,2
1.0,1
2.0,1
1.0,1
1.0,1
1.0,1
2.0,1
1.0,1
1.0,3
1.0,3
1.0,1
1.0,3
1.0,3
1.0,3
1.0,3
2.0,3
1.0,3
1.0,1
1.0,3
2.0,1
2.0,3
1.0,1
1.0,3
1.0,1
1.0,3
1.0,1
3.0,3
3.0,3
1.0,1
3.0,2
3.0,3
1.0,1
2.0,2
1.0,1
3.0,1
3.0,3
1.0,1
2.0,2
1.0,1
3.0,1
3.0,3
1.0,1
2.0,2
1.0,1
1.0,1
3.0,1
3.0,3
1.0,1
1.0,2
1.0,1
1.0,3
1.0,1
1.0,1
3.0,3
3.0,3
1.0,1
3.0,2
3.0,3
1.0,1
3.0,2
1.0,1
3.0,2
1.0,1
3.0,2
1.0,1
3.0,2
1.0,1
1.0,2
3.0,1
3.0,3
1.0,1
2.0,2
2.0,1
1.0,3
1.0,3
1.0,3
1.0,3
3.0,3
1.0,1
3.0,2
3.0,3
1.0,1
2.0,2
1.0,1
1.0,1
3.0,1
3.0,3
1.0,1
3.0,2
1.0,1
3.0,2
1.0,1
2.0,2
1.0,1
1.0,1
3.0,1
3.0,3
1.0,1
2.0,2
1.0,1
1.0,1
1.0,1
1.0,1
2.0,1
1.0,1
3.0,1
3.0,3
1.0,1
3.0,2
1.0,1
3.0,2
1.0,1
3.0,2
1.0,1
1.0,2
1.0,1
1.0,3
3.0,1
3.0,3
1.0,1
3.0,2
1.0,1
3.0,2
3.0,3
1.0,1
2.0,2
1.0,1
3.0,1
3.0,3
1.0,1
3.0,2
1.0,1
2.0,2
1.0,1
1.0,1
1.0,1
3.0,3
3.0,3
1.0,1
3.0,2
1.0,1
2.0,2
1.0,1
3.0,1
3.0,3
1.0,1
2.0,2
1.0,1
1.0,1
3.0,1
3.0,3
1.0,1
3.0,2
3.0,3
1.0,1
1.0,2
3.0,1
3.0,3
1.0,1
3.0,2
1.0,1
1.0,2
3.0,1
1.0,1
3.0,2
1.0,1
1.0,2
1.0,1
3.0,1
3.0,3
1.0,1
1.0,2
1.0,1
3.0,1
3.0,3
1.0,1
3.0,2
1.0,1
3.0,2
3.0,3
1.0,1
2.0,2
1.0,1
1.0,1
1.0,1
1.0,1
2.0,1
1.0,1
3.0,1
3.0,3
1.0,1
3.0,2
3.0,3
1.0,1
3.0,2
1.0,1
3.0,2
3.0,3
1.0,1
3.0,2
1.0,1
2.0,2
1.0,1
2.0,1
1.0,1
3.0,1
3.0,3
1.0,1
3.0,2
1.0,1
3.0,2
1.0,1
3.0,2
1.0,1
1.0,2
3.0,1
1.0,1
2.0,2
1.0,1
3.0,1
3.0,3
1.0,1
3.0,2
1.0,1
3.0,2
1.0,1
3.0,2
1.0,1
3.0,2
1.0,3
3.0,1
3.0,3
1.0,1
3.0,2
1.0,1
3.0,2
1.0,1
2.0,2
1.0,1
1.0,1
3.0,1
3.0,3
1.0,1
2.0,2
1.0,1
3.0,1
3.0,3
1.0,1
3.0,2
3.0,3
1.0,1
3.0,2
1.0,1
3.0,2
1.0,1
3.0,2
3.0,3
1.0,1
3.0,2
1.0,1
3.0,2
1.0,1
3.0,2
3.0,3
1.0,1
3.0,2
1.0,1
3.0,2
1.0,1
3.0,2
1.0,1
3.0,2
3.0,3
1.0,1
3.0,2
3.0,3
3.0,1
1.0,1
2.0,2
1.0,1
2.0,1
1.0,1
1.0,1
3.0,1
3.0,3
1.0,1
2.0,2
1.0,1
1.0,1
2.0,1
1.0,1
3.0,1
3.0,3
1.0,1
3.0,2
1.0,1
2.0,2
1.0,1
2.0,1
1.0,1
1.0,1
2.0,1
1.0,1
1.0,2
1.0,1
3.0,1
3.0,3
1.0,1
1.0,2
2.0,1
1.0,1
1.0,1
3.0,1
3.0,3
1.0,1
2.0,2
1.0,1
3.0,1
3.0,3
1.0,1
2.0,2
1.0,1
2.0,1
3.0,1
3.0,3
1.0,1
3.0,2
3.0,3
1.0,1
3.0,2
1.0,1
3.0,2
1.0,1
1.0,2
1.0,1
1.0,3
1.0,1
1.0,1
1.0,1
3.0,1
3.0,3
2.0,1
1.0,1
3.0,2
3.0,3
1.0,1
3.0,2
3.0,3
1.0,1
3.0,2
1.0,1
3.0,2
1.0,1
2.0,2
1.0,1
3.0,1
3.0,3
1.0,1
2.0,2
1.0,1
3.0,1
3.0,3
1.0,1
3.0,2
3.0,3
1.0,1
3.0,2
3.0,3
1.0,1
3.0,2
3.0,3
1.0,1
3.0,2
3.0,3
1.0,1
3.0,2
3.0,3
1.0,1
3.0,2
3.0,3
1.0,1
3.0,2
3.0,3
1.0,1
2.0,2
2.0,1
1.0,1
3.0,2
3.0,3
1.0,1
3.0,2
3.0,3
1.0,1
3.0,2
1.0,1
3.0,2
3.0,3
1.0,1
2.0,2
1.0,1
2.0,1
1.0,1
2.0,1
1.0,1
2.0,2
1.0,1
3.0,1
3.0,3
1.0,1
1.0,2
2.0,1
2.0,1
1.0,1
1.0,1
3.0,1
3.0,3
2.0,1
1.0,1
3.0,2
3.0,3
1.0,1
2.0,2
1.0,1
3.0,1
3.0,3
1.0,1
1.0,2
3.0,1
3.0,3
1.0,1
2.0,2
1.0,1
3.0,1
3.0,3
1.0,1
2.0,2
1.0,1
3.0,1
3.0,3
1.0,1
3.0,2
1.0,1
1.0,2
3.0,1
3.0,3
1.0,1
3.0,2
1.0,1
3.0,2
3.0,3
2.0,1
1.0,1
2.0,2
1.0,1
3.0,1
3.0,3
1.0,1
3.0,2
1.0,1
3.0,2
3.0,3
1.0,1
3.0,2
3.0,3
1.0,1
1.0,2
3.0,1
3.0,3
1.0,1
1.0,2
3.0,1
3.0,3
1.0,1
2.0,2
1.0,1
2.0,1
1.0,1
1.0,3
1.0,3
1.0,3
1.0,3
3.0,3
3.0,3
1.0,1
1.0,2
2.0,1
1.0,1
1.0,1
1.0,1
3.0,1
3.0,3
1.0,1
3.0,2
3.0,3
1.0,1
3.0,2
1.0,1
2.0,2
1.0,1
1.0,1
1.0,1
3.0,1
3.0,3
1.0,1
2.0,2
1.0,1
1.0,1
3.0,1
3.0,3
1.0,1
2.0,2
1.0,1
1.0,1
1.0,1
3.0,1
3.0,3
1.0,1
2.0,2
1.0,1
1.0,1
3.0,1
3.0,3
1.0,1
2.0,2
1.0,1
1.0,1
3.0,1
3.0,3
1.0,1
2.0,2
1.0,1
1.0,1
1.0,1
3.0,1
3.0,3
1.0,1
1.0,2
1.0,1
3.0,3
1.0,1
2.0,2
1.0,1
1.0,1
1.0,1
3.0,1
3.0,3
1.0,1
2.0,2
1.0,1
1.0,1
1.0,1
3.0,1
3.0,3
1.0,1
3.0,2
1.0,1
3.0,2
1.0,3
3.0,2
3.0,3
1.0,1
2.0,2
1.0,1
1.0,1
1.0,1
1.0,1
1.0,1
1.0,1
3.0,1
3.0,3
1.0,1
1.0,2
3.0,1
3.0,3
1.0,1
1.0,2
3.0,1
3.0,3
1.0,1
1.0,2
1.0,1
3.0,1
3.0,3
1.0,1
1.0,2
2.0,1
1.0,1
3.0,1
3.0,3
1.0,1
2.0,2
1.0,1
1.0,1
1.0,1
3.0,1
3.0,3
1.0,1
3.0,2
3.0,3
1.0,1
3.0,2
3.0,3
1.0,1
1.0,2
1.0,1
3.0,3
3.0,3
1.0,1
2.0,2
1.0,1
3.0,1
3.0,3
1.0,1
1.0,2
3.0,1
3.0,3
1.0,1
1.0,2
2.0,1
1.0,1
3.0,1
3.0,3
1.0,1
2.0,2
1.0,1
2.0,1
1.0,1
2.0,1
1.0,1
3.0,2
3.0,3
1.0,1
2.0,2
1.0,1
3.0,1
3.0,3
1.0,1
3.0,2
1.0,1
3.0,2
3.0,3
1.0,1
3.0,2
1.0,1
3.0,2
3.0,3
1.0,1
2.0,2
1.0,1
3.0,1
3.0,3
1.0,1
2.0,2
1.0,1
1.0,1
1.0,1
1.0,1
3.0,1
3.0,3
1.0,1
3.0,2
3.0,3
1.0,1
3.0,2
3.0,3
1.0,1
3.0,2
1.0,1
3.0,2
3.0,3
1.0,1
3.0,2
3.0,3
1.0,1
2.0,2
1.0,1
1.0,1
1.0,3
2.0,3
1.0,1
3.0,3
3.0,3
1.0,1
3.0,2
3.0,3
1.0,1
1.0,2
2.0,1
1.0,1
1.0,1
1.0,1
3.0,1
3.0,3
1.0,1
3.0,2
3.0,3
1.0,1
1.0,2
3.0,1
3.0,3
1.0,1
2.0,2
1.0,1
3.0,1
3.0,3
1.0,1
2.0,2
1.0,1
2.0,1
1.0,1
1.0,1
3.0,1
3.0,3
1.0,1
2.0,2
1.0,1
3.0,1
3.0,3
1.0,1
2.0,2
1.0,1
3.0,1
3.0,3
1.0,1
1.0,2
2.0,1
1.0,1
1.0,1
1.0,1
3.0,1
3.0,3
1.0,1
3.0,2
1.0,1
2.0,2
1.0,1
2.0,1
1.0,1
2.0,1
1.0,1
2.0,1
1.0,1
1.0,3
2.0,3
1.0,1
1.0,3
1.0,3
2.0,3
1.0,1
1.0,3
2.0,3
1.0,1
2.0,3
1.0,1
2.0,1
1.0,1
1.0,1
2.0,3
1.0,1
1.0,3
1.0,3
1.0,3
1.0,3
1.0,3
2.0,3
1.0,1
1.0,3
1.0,3
1.0,3
1.0,3
3.0,3
3.0,3
1.0,1
1.0,2
2.0,1
1.0,1
2.0,1
1.0,1
1.0,1
2.0,1
1.0,1
2.0,3
1.0,1
3.0,1
3.0,3
1.0,1
3.0,2
1.0,1
3.0,2
1.0,1
3.0,2
1.0,1
3.0,2
1.0,1
3.0,2
1.0,1
3.0,2
3.0,3
1.0,1
3.0,2
3.0,3
1.0,1
3.0,2
3.0,3
1.0,1
3.0,2
1.0,1
2.0,2
1.0,1
2.0,1
1.0,1
2.0,1
1.0,1
2.0,2
1.0,1
3.0,1
3.0,3
1.0,1
3.0,2
3.0,3
1.0,1
2.0,2
1.0,1
1.0,1
1.0,1
3.0,1
3.0,3
1.0,1
2.0,2
1.0,1
2.0,1
1.0,1
2.0,1
1.0,1
2.0,2
1.0,1
3.0,1
3.0,3
1.0,1
3.0,2
1.0,1
2.0,2
1.0,1
3.0,1
3.0,3
1.0,1
2.0,2
1.0,1
3.0,1
3.0,3
1.0,1
3.0,2
3.0,3
1.0,1
1.0,2
1.0,1
3.0,1
3.0,3
1.0,1
1.0,2
3.0,1
3.0,3
1.0,1
3.0,2
3.0,3
1.0,1
3.0,2
1.0,1
3.0,2
3.0,3
1.0,1
3.0,2
3.0,3
1.0,1
3.0,2
3.0,3
1.0,1
3.0,2
3.0,3
1.0,1
1.0,2
1.0,1
3.0,3
3.0,3
1.0,1
2.0,2
1.0,1
1.0,1
3.0,1
3.0,3
1.0,1
3.0,2
1.0,1
3.0,2
1.0,1
3.0,2
1.0,1
3.0,2
3.0,3
1.0,1
3.0,2
1.0,1
3.0,2
1.0,1
3.0,2
1.0,1
2.0,2
1.0,1
3.0,1
3.0,3
1.0,1
1.0,2
1.0,1
3.0,3
1.0,1
3.0,2
3.0,3
1.0,1
3.0,2
1.0,1
2.0,2
1.0,1
3.0,1
3.0,3
1.0,1
2.0,2
1.0,1
1.0,1
2.0,1
1.0,1
2.0,1
1.0,1
2.0,2
1.0,1
2.0,2
1.0,1
3.0,2
3.0,3
1.0,1
3.0,2
3.0,3
1.0,1
3.0,2
1.0,1
2.0,2
2.0,1
1.0,1
2.0,2
1.0,1
2.0,3
1.0,1
1.0,3
1.0,3
1.0,3
1.0,3
1.0,3
1.0,3
3.0,3
3.0,3
1.0,1
3.0,2
1.0,1
3.0,2
1.0,1
3.0,2
3.0,3
1.0,1
3.0,2
1.0,1
3.0,2
3.0,3
1.0,1
2.0,2
1.0,1
1.0,1
3.0,1
3.0,3
1.0,1
1.0,2
2.0,1
1.0,1
1.0,1
1.0,1
1.0,1
1.0,1
3.0,1
3.0,3
1.0,1
3.0,2
1.0,1
1.0,2
1.0,1
1.0,3
1.0,1
3.0,1
3.0,3
1.0,1
1.0,2
1.0,1
2.0,3
1.0,1
1.0,1
1.0,1
1.0,1
1.0,1
3.0,3
3.0,3
1.0,1
1.0,2
2.0,1
1.0,1
3.0,1
3.0,3
1.0,1
2.0,2
1.0,1
3.0,1
3.0,3
1.0,1
3.0,2
1.0,1
3.0,2
3.0,3
1.0,1
3.0,2
1.0,1
3.0,2
3.0,1
1.0,1
3.0,2
1.0,1
3.0,2
1.0,1
1.0,2
2.0,1
1.0,1
2.0,1
1.0,1
1.0,1
3.0,1
3.0,3
1.0,1
3.0,2
1.0,1
3.0,2
1.0,1
3.0,2
1.0,1
3.0,2
3.0,3
1.0,1
2.0,2
1.0,1
1.0,1
2.0,1
1.0,1
2.0,1
1.0,1
1.0,1
2.0,3
1.0,1
2.0,1
1.0,1
2.0,1
1.0,1
2.0,1
1.0,1
1.0,3
1.0,3
3.0,3
3.0,3
1.0,1
2.0,2
1.0,1
2.0,1
1.0,1
3.0,1
1.0,3
2.0,3
2.0,1
1.0,1
1.0,1
3.0,1
3.0,3
1.0,1
3.0,2
1.0,1
3.0,2
1.0,1
3.0,2
1.0,1
2.0,2
1.0,1
2.0,1
1.0,1
3.0,1
3.0,3
1.0,1
2.0,2
1.0,1
3.0,1
3.0,3
1.0,1
2.0,2
1.0,1
1.0,1
3.0,3
3.0,3
1.0,1
2.0,2
1.0,1
1.0,1
1.0,1
3.0,1
1.0,3
2.0,3
1.0,1
1.0,1
1.0,1
3.0,1
3.0,3
1.0,1
2.0,2
1.0,1
1.0,1
1.0,1
1.0,1
1.0,3
1.0,3
1.0,1
1.0,3
1.0,1
1.0,1
3.0,1
3.0,3
1.0,1
3.0,2
1.0,1
3.0,2
1.0,1
3.0,2
1.0,1
2.0,2
1.0,1
2.0,1
1.0,1
3.0,1
3.0,3
1.0,1
3.0,2
1.0,1
1.0,2
2.0,1
1.0,1
1.0,1
3.0,1
3.0,3
1.0,1
3.0,2
1.0,1
3.0,2
1.0,3
1.0,2
3.0,1
3.0,3
1.0,1
3.0,2
1.0,1
3.0,2
1.0,1
2.0,2
1.0,1
1.0,1
1.0,1
1.0,1
1.0,1
1.0,1
1.0,1
1.0,1
2.0,1
2.0,1
1.0,1
1.0,1
1.0,1
1.0,1
1.0,1
3.0,3
3.0,3
1.0,1
3.0,2
1.0,1
3.0,3
1.0,1
2.0,2
1.0,1
1.0,1
3.0,1
3.0,3
1.0,1
2.0,2
2.0,1
3.0,1
3.0,3
1.0,1
1.0,2
1.0,1
1.0,1
3.0,2
1.0,1
3.0,2
1.0,1
3.0,2
1.0,1
2.0,2
1.0,1
2.0,1
1.0,1
2.0,1
1.0,1
2.0,2
1.0,1
1.0,1
2.0,1
1.0,1
2.0,2
1.0,1
2.0,3
1.0,1
2.0,3
1.0,1
2.0,1
1.0,1
2.0,3
1.0,1
3.0,3
3.0,3
1.0,1
3.0,2
1.0,1
3.0,2
1.0,1
2.0,2
1.0,1
1.0,1
1.0,1
2.0,1
1.0,1
3.0,3
3.0,3
1.0,1
2.0,2
1.0,1
1.0,1
2.0,1
1.0,1
3.0,3
3.0,3
1.0,1
1.0,2
2.0,1
1.0,1
3.0,1
3.0,3
1.0,1
3.0,2
3.0,3
1.0,1
3.0,2
1.0,1
3.0,2
1.0,1
3.0,2
1.0,1
3.0,2
1.0,1
2.0,2
1.0,1
1.0,1
3.0,1
3.0,3
1.0,1
1.0,2
2.0,1
1.0,1
1.0,1
1.0,1
3.0,1
3.0,3
1.0,1
1.0,2
1.0,1
3.0,1
3.0,3
1.0,1
3.0,2
1.0,1
3.0,2
3.0,3
1.0,1
3.0,2
1.0,1
2.0,2
1.0,1
1.0,1
2.0,1
1.0,1
2.0,1
1.0,1
1.0,2
1.0,1
1.0,1
3.0,3
3.0,3
2.0,1
2.0,1
1.0,1
1.0,1
3.0,1
3.0,3
1.0,1
3.0,2
1.0,1
1.0,2
2.0,1
1.0,1
1.0,1
1.0,1
1.0,1
1.0,1
1.0,1
1.0,1
3.0,1
3.0,3
1.0,1
3.0,2
1.0,1
3.0,2
1.0,1
1.0,2
3.0,1
3.0,3
1.0,1
3.0,2
2.0,1
1.0,1
3.0,2
3.0,3
1.0,1
1.0,2
3.0,1
3.0,3
1.0,1
3.0,2
1.0,1
1.0,2
2.0,1
1.0,1
1.0,1
1.0,1
3.0,1
3.0,3
1.0,1
3.0,2
1.0,1
1.0,2
1.0,1
3.0,3
1.0,1
1.0,2
3.0,1
1.0,1
2.0,2
1.0,1
2.0,1
1.0,1
1.0,1
1.0,1
3.0,1
3.0,3
1.0,1
1.0,2
3.0,1
3.0,3
1.0,1
2.0,2
1.0,1
1.0,1
1.0,1
3.0,1
3.0,3
1.0,1
3.0,2
1.0,1
3.0,2
1.0,1
3.0,2
2.0,1
1.0,1
3.0,2
3.0,3
1.0,1
3.0,2
1.0,1
3.0,2
1.0,1
3.0,2
1.0,1
2.0,2
1.0,1
1.0,1
3.0,3
3.0,3
1.0,1
3.0,2
1.0,1
3.0,2
1.0,1
1.0,2
1.0,1
1.0,3
1.0,1
3.0,1
3.0,3
1.0,1
2.0,2
1.0,1
1.0,1
2.0,1
1.0,1
3.0,1
3.0,3
1.0,1
2.0,2
1.0,1
1.0,1
1.0,1
1.0,1
3.0,1
3.0,3
1.0,1
3.0,2
1.0,3
3.0,2
1.0,3
2.0,3
1.0,1
1.0,1
1.0,1
1.0,1
1.0,1
1.0,1
1.0,1
1.0,1
1.0,3
3.0,1
3.0,3
1.0,1
3.0,2
1.0,1
3.0,2
3.0,3
1.0,1
3.0,2
1.0,1
2.0,2
1.0,1
3.0,1
3.0,3
1.0,1
3.0,2
3.0,3
1.0,1
3.0,2
1.0,1
3.0,2
1.0,1
1.0,2
1.0,1
1.0,3
1.0,1
1.0,1
1.0,3
1.0,3
1.0,1
3.0,3
3.0,3
1.0,1
3.0,2
3.0,3
3.0,3
1.0,1
3.0,2
1.0,1
3.0,2
1.0,1
1.0,2
1.0,1
3.0,3
1.0,1
2.0,2
1.0,1
3.0,1
3.0,3
1.0,1
3.0,2
1.0,1
3.0,2
3.0,3
1.0,1
3.0,2
1.0,1
3.0,2
3.0,3
1.0,1
2.0,2
1.0,1
3.0,1
3.0,3
1.0,1
2.0,2
1.0,1
2.0,1
1.0,1
3.0,1
3.0,3
1.0,1
2.0,2
1.0,1
1.0,1
1.0,1
3.0,1
3.0,3
1.0,1
2.0,2
1.0,1
2.0,1
1.0,1
3.0,1
3.0,3
1.0,1
3.0,2
3.0,3
1.0,1
3.0,2
1.0,1
1.0,2
1.0,1
3.0,1
3.0,3
1.0,1
3.0,2
1.0,1
3.0,2
1.0,1
3.0,2
1.0,1
3.0,2
3.0,3
1.0,1
3.0,2
1.0,1
3.0,2
1.0,1
3.0,2
3.0,3
1.0,1
3.0,2
1.0,1
3.0,2
1.0,1
3.0,2
1.0,1
2.0,2
1.0,1
2.0,1
1.0,1
3.0,1
3.0,3
1.0,1
2.0,2
1.0,1
2.0,1
1.0,1
3.0,1
3.0,3
1.0,1
2.0,2
1.0,1
2.0,1
1.0,1
3.0,1
3.0,3
1.0,1
1.0,2
1.0,1
3.0,1
1.0,1
1.0,2
2.0,1
1.0,1
1.0,1
2.0,1
1.0,1
1.0,1
3.0,3
3.0,3
1.0,1
2.0,2
1.0,1
2.0,1
1.0,1
2.0,1
1.0,1
2.0,2
1.0,1
1.0,3
1.0,3
3.0,3
3.0,3
1.0,1
3.0,2
3.0,3
1.0,1
2.0,2
1.0,1
1.0,1
3.0,1
3.0,3
1.0,1
1.0,2
2.0,1
1.0,1
1.0,1
2.0,1
1.0,1
2.0,1
1.0,1
1.0,1
3.0,1
3.0,3
1.0,1
2.0,2
1.0,1
1.0,1
1.0,1
1.0,1
3.0,1
3.0,3
1.0,1
2.0,2
1.0,1
2.0,1
1.0,1
3.0,1
3.0,3
1.0,1
3.0,2
1.0,1
2.0,2
1.0,1
1.0,1
3.0,1
3.0,3
1.0,1
3.0,2
1.0,1
2.0,2
1.0,1
1.0,1
1.0,1
1.0,1
3.0,1
3.0,3
1.0,1
3.0,2
3.0,3
1.0,1
3.0,2
3.0,3
1.0,1
3.0,2
1.0,1
3.0,2
1.0,1
3.0,2
1.0,1
3.0,2
1.0,1
2.0,2
2.0,1
1.0,1
3.0,2
3.0,3
1.0,1
3.0,2
1.0,1
3.0,2
1.0,1
3.0,2
1.0,3
3.0,1
3.0,3
1.0,1
3.0,2
1.0,1
2.0,2
1.0,1
1.0,1
3.0,1
3.0,3
1.0,1
2.0,2
1.0,1
3.0,1
3.0,3
1.0,1
2.0,2
1.0,1
3.0,1
3.0,3
1.0,1
3.0,2
3.0,3
1.0,1
3.0,2
1.0,1
3.0,2
3.0,3
1.0,1
3.0,2
3.0,3
1.0,1
3.0,2
3.0,3
1.0,1
3.0,2
3.0,3
1.0,1
3.0,2
3.0,3
1.0,1
3.0,2
1.0,1
3.0,2
3.0,3
1.0,1
1.0,2
1.0,1
3.0,3
1.0,1
2.0,2
1.0,1
3.0,1
3.0,3
1.0,1
3.0,2
3.0,3
1.0,1
3.0,3
1.0,1
3.0,2
3.0,3
3.0,1
1.0,1
3.0,2
3.0,3
1.0,1
3.0,2
1.0,1
2.0,2
1.0,1
3.0,1
3.0,3
1.0,1
2.0,2
1.0,1
2.0,1
1.0,1
2.0,1
1.0,1
2.0,2
1.0,1
1.0,1
3.0,1
3.0,3
1.0,1
2.0,2
1.0,1
2.0,1
1.0,1
2.0,1
1.0,1
2.0,1
1.0,1
1.0,1
1.0,1
1.0,1
1.0,3
1.0,1
1.0,3
3.0,1
3.0,3
1.0,1
3.0,2
3.0,3
1.0,1
3.0,2
1.0,1
3.0,2
1.0,1
3.0,2
1.0,1
2.0,2
1.0,1
2.0,1
1.0,1
1.0,1
3.0,1
3.0,3
1.0,1
1.0,2
3.0,1
3.0,3
1.0,1
1.0,2
2.0,1
1.0,1
2.0,3
1.0,1
1.0,3
2.0,3
1.0,1
1.0,3
1.0,3
1.0,3
1.0,3
1.0,3
3.0,3
3.0,3
1.0,1
2.0,2
1.0,1
1.0,1
1.0,1
3.0,1
3.0,3
1.0,1
3.0,2
1.0,1
3.0,2
3.0,3
1.0,1
3.0,2
1.0,1
3.0,2
1.0,1
3.0,2
1.0,1
2.0,2
1.0,1
2.0,1
1.0,1
3.0,1
3.0,3
1.0,1
3.0,2
1.0,1
2.0,2
2.0,1
1.0,1
1.0,1
1.0,2
2.0,1
1.0,1
2.0,1
1.0,1
2.0,1
1.0,1
1.0,2
1.0,1
1.0,1
1.0,1
3.0,1
3.0,3
2.0,3
1.0,1
1.0,3
1.0,1
1.0,3
1.0,1
1.0,1
1.0,1
3.0,1
3.0,3
1.0,1
2.0,2
1.0,1
2.0,1
2.0,1
1.0,1
1.0,3
2.0,3
1.0,1
1.0,3
1.0,3
2.0,3
1.0,1
1.0,1
3.0,1
3.0,3
1.0,1
3.0,2
1.0,1
2.0,2
1.0,1
3.0,1
3.0,3
1.0,1
3.0,2
1.0,3
1.0,2
1.0,1
1.0,1
3.0,1
1.0,3
1.0,1
1.0,2
3.0,2
1.0,3
3.0,1
3.0,3
1.0,1
2.0,2
1.0,1
1.0,1
1.0,1
3.0,1
3.0,3
1.0,1
3.0,2
1.0,1
3.0,2
3.0,3
1.0,1
3.0,2
1.0,1
3.0,2
1.0,1
3.0,2
3.0,3
1.0,1
2.0,2
1.0,1
3.0,1
3.0,3
1.0,1
1.0,2
1.0,1
3.0,1
1.0,1
3.0,2
1.0,1
3.0,2
1.0,1
3.0,2
1.0,1
3.0,2
1.0,1
3.0,2
1.0,1
1.0,2
3.0,1
3.0,3
1.0,1
2.0,2
1.0,1
1.0,1
1.0,1
1.0,1
3.0,1
3.0,3
1.0,1
3.0,2
1.0,1
2.0,2
1.0,1
1.0,1
1.0,1
1.0,1
3.0,1
3.0,3
1.0,1
2.0,2
1.0,1
3.0,1
3.0,3
1.0,1
1.0,2
1.0,1
3.0,3
3.0,3
1.0,1
2.0,2
1.0,1
3.0,1
3.0,3
1.0,1
1.0,2
3.0,1
3.0,3
1.0,1
3.0,2
1.0,3
2.0,2
1.0,1
2.0,1
1.0,1
3.0,1
3.0,3
1.0,1
3.0,2
1.0,1
3.0,2
1.0,1
3.0,3
1.0,1
3.0,2
1.0,1
3.0,2
1.0,1
2.0,2
1.0,1
1.0,1
1.0,1
3.0,3
3.0,3
1.0,1
3.0,2
1.0,1
2.0,2
1.0,1
1.0,1
1.0,1
1.0,1
1.0,1
3.0,1
3.0,3
1.0,1
3.0,2
1.0,1
2.0,2
1.0,1
1.0,1
3.0,1
3.0,3
1.0,1
1.0,2
2.0,1
1.0,1
2.0,1
1.0,1
2.0,1
1.0,1
2.0,2
1.0,1
2.0,2
1.0,1
2.0,2
1.0,1
2.0,2
1.0,1
2.0,2
1.0,1
2.0,1
1.0,1
1.0,1
1.0,1
1.0,1
1.0,1
3.0,1
3.0,3
1.0,1
2.0,2
1.0,1
3.0,1
3.0,3
1.0,1
2.0,2
1.0,1
3.0,1
3.0,3
1.0,1
2.0,2
1.0,1
2.0,1
1.0,1
1.0,1
3.0,1
3.0,3
1.0,1
3.0,2
1.0,1
2.0,2
1.0,1
1.0,1
3.0,1
3.0,3
1.0,1
3.0,2
1.0,1
3.0,2
1.0,1
1.0,2
1.0,1
3.0,3
1.0,1
2.0,2
1.0,1
3.0,1
3.0,3
1.0,1
3.0,2
1.0,1
3.0,2
1.0,1
2.0,2
1.0,1
3.0,1
3.0,3
1.0,1
1.0,2
3.0,1
1.0,1
2.0,2
1.0,1
1.0,1
3.0,1
3.0,3
1.0,1
2.0,2
1.0,1
2.0,1
1.0,1
1.0,3
1.0,3
1.0,3
2.0,3
1.0,3
2.0,1
1.0,1
1.0,3
1.0,1
2.0,1
1.0,3
2.0,3
1.0,1
1.0,3
3.0,1
3.0,3
1.0,1
1.0,2
1.0,1
1.0,3
3.0,3
3.0,3
1.0,1
3.0,2
1.0,1
3.0,2
1.0,1
1.0,2
3.0,1
1.0,1
3.0,2
1.0,1
3.0,2
1.0,1
3.0,2
1.0,1
3.0,2
3.0,3
1.0,1
3.0,2
1.0,1
3.0,2
1.0,1
3.0,2
1.0,1
2.0,2
1.0,1
3.0,1
3.0,3
1.0,1
3.0,2
1.0,1
2.0,2
1.0,1
2.0,1
1.0,1
1.0,1
2.0,1
1.0,1
1.0,2
1.0,1
2.0,1
1.0,1
1.0,2
1.0,1
3.0,1
3.0,3
1.0,1
3.0,2
3.0,3
1.0,1
2.0,2
1.0,1
1.0,1
3.0,1
3.0,3
1.0,1
3.0,2
1.0,1
2.0,2
2.0,1
1.0,1
3.0,2
3.0,3
1.0,1
3.0,2
1.0,1
2.0,2
1.0,1
3.0,1
3.0,3
2.0,1
1.0,1
2.0,2
1.0,1
2.0,1
1.0,1
1.0,1
3.0,1
3.0,3
1.0,1
2.0,2
1.0,1
1.0,1
3.0,1
1.0,3
2.0,3
1.0,1
3.0,1
3.0,3
1.0,1
3.0,2
1.0,1
3.0,2
1.0,1
2.0,2
1.0,1
1.0,1
3.0,1
3.0,3
1.0,1
2.0,2
1.0,1
2.0,1
1.0,1
1.0,3
1.0,3
1.0,3
2.0,3
1.0,3
2.0,1
1.0,1
1.0,3
1.0,1
2.0,1
1.0,3
3.0,3
3.0,3
1.0,1
2.0,2
2.0,1
1.0,1
3.0,2
3.0,3
1.0,1
3.0,2
1.0,1
3.0,2
1.0,1
2.0,2
1.0,1
3.0,1
3.0,3
1.0,1
3.0,2
1.0,1
2.0,2
1.0,1
1.0,1
1.0,1
1.0,1
3.0,1
1.0,3
1.0,3
3.0,1
3.0,3
1.0,1
3.0,2
1.0,3
3.0,2
1.0,3
2.0,3
1.0,1
1.0,1
1.0,1
1.0,1
3.0,1
3.0,3
1.0,1
3.0,2
1.0,1
2.0,2
1.0,1
3.0,3
3.0,3
1.0,1
3.0,2
1.0,1
2.0,2
2.0,1
1.0,1
3.0,2
3.0,3
1.0,1
2.0,2
1.0,1
1.0,1
1.0,1
1.0,3
1.0,3
1.0,3
1.0,3
3.0,3
3.0,3
1.0,1
2.0,2
2.0,1
1.0,1
1.0,2
1.0,1
2.0,1
1.0,1
3.0,3
3.0,3
1.0,1
2.0,2
1.0,1
3.0,1
3.0,3
1.0,1
2.0,2
1.0,1
1.0,1
3.0,1
3.0,3
1.0,1
3.0,2
3.0,3
1.0,1
3.0,2
3.0,3
1.0,1
1.0,2
1.0,1
1.0,3
1.0,1
3.0,1
3.0,3
1.0,1
2.0,2
1.0,1
1.0,1
1.0,1
1.0,1
1.0,3
1.0,3
3.0,3
3.0,3
1.0,1
3.0,2
1.0,1
1.0,2
3.0,1
3.0,3
1.0,1
1.0,2
2.0,1
1.0,1
1.0,1
1.0,1
3.0,1
3.0,3
1.0,1
2.0,2
1.0,1
3.0,1
3.0,3
1.0,1
1.0,2
2.0,1
1.0,1
2.0,1
1.0,1
1.0,1
1.0,1
2.0,1
1.0,1
1.0,2
3.0,1
3.0,3
1.0,1
1.0,2
3.0,1
1.0,1
3.0,2
1.0,3
3.0,2
3.0,3
1.0,1
3.0,2
1.0,1
2.0,2
1.0,1
1.0,1
1.0,3
1.0,3
1.0,3
2.0,3
1.0,1
3.0,3
3.0,3
1.0,1
3.0,2
1.0,1
3.0,2
3.0,3
1.0,1
3.0,2
1.0,1
2.0,2
1.0,1
1.0,1
3.0,1
1.0,1
2.0,2
1.0,1
2.0,1
1.0,1
1.0,1
1.0,1
2.0,1
1.0,1
2.0,1
1.0,1
1.0,2
1.0,1
1.0,1
1.0,1
3.0,1
3.0,3
1.0,1
2.0,2
1.0,1
1.0,1
2.0,1
1.0,1
3.0,1
3.0,3
1.0,1
3.0,2
3.0,3
1.0,1
3.0,2
1.0,1
2.0,2
1.0,1
1.0,1
3.0,1
3.0,3
1.0,1
3.0,2
3.0,3
1.0,1
1.0,2
3.0,1
3.0,3
1.0,1
1.0,2
1.0,1
1.0,3
3.0,3
3.0,3
1.0,1
3.0,2
3.0,3
1.0,1
1.0,2
1.0,1
1.0,1
3.0,1
3.0,3
1.0,1
1.0,2
1.0,1
3.0,1
1.0,1
3.0,2
1.0,1
2.0,2
1.0,1
2.0,1
2.0,1
1.0,1
3.0,3
3.0,3
1.0,1
1.0,2
3.0,1
3.0,3
1.0,1
2.0,2
2.0,1
1.0,1
3.0,2
3.0,3
1.0,1
3.0,2
3.0,3
1.0,1
3.0,2
1.0,1
2.0,2
1.0,1
3.0,1
3.0,3
1.0,1
2.0,2
1.0,1
3.0,1
3.0,3
1.0,1
3.0,2
1.0,1
1.0,2
2.0,1
1.0,1
2.0,1
1.0,1
2.0,1
1.0,1
3.0,1
1.0,1
2.0,2
2.0,1
1.0,1
3.0,2
3.0,3
1.0,1
1.0,2
1.0,1
1.0,3
1.0,1
3.0,1
3.0,3
1.0,1
3.0,2
1.0,1
1.0,2
2.0,1
1.0,1
1.0,1
1.0,1
3.0,1
3.0,3
1.0,1
3.0,2
3.0,3
1.0,1
3.0,2
3.0,3
1.0,1
2.0,2
1.0,1
3.0,1
3.0,3
1.0,1
3.0,2
3.0,3
1.0,1
3.0,2
1.0,1
2.0,2
1.0,1
2.0,1
1.0,1
2.0,1
1.0,1
2.0,2
1.0,1
1.0,1
1.0,1
3.0,1
3.0,3
1.0,1
3.0,2
3.0,3
1.0,1
3.0,2
1.0,1
2.0,2
1.0,1
1.0,1
1.0,1
3.0,1
3.0,3
1.0,1
3.0,2
1.0,1
3.0,2
3.0,3
2.0,1
1.0,1
1.0,2
1.0,1
1.0,1
1.0,1
3.0,1
3.0,3
1.0,1
3.0,2
1.0,1
3.0,2
3.0,3
1.0,1
2.0,2
1.0,1
3.0,1
3.0,3
1.0,1
1.0,2
3.0,1
1.0,1
2.0,2
3.0,1
1.0,1
3.0,2
1.0,1
2.0,2
1.0,1
1.0,3
1.0,3
2.0,1
1.0,1
1.0,3
1.0,3
3.0,3
3.0,3
1.0,1
3.0,2
1.0,1
1.0,2
1.0,1
1.0,1
3.0,2
3.0,3
1.0,1
3.0,2
1.0,1
3.0,2
1.0,1
2.0,2
1.0,1
3.0,1
3.0,3
1.0,1
2.0,2
1.0,1
2.0,1
1.0,1
1.0,1
1.0,1
1.0,1
3.0,1
3.0,3
1.0,1
2.0,2
1.0,1
2.0,1
2.0,1
1.0,1
2.0,2
1.0,1
2.0,2
1.0,1
3.0,2
2.0,3
1.0,1
2.0,1
1.0,1
2.0,1
1.0,1
2.0,2
1.0,1
1.0,1
1.0,1
3.0,3
3.0,3
1.0,1
2.0,2
1.0,1
2.0,1
1.0,1
3.0,1
3.0,3
1.0,1
3.0,2
1.0,1
2.0,2
1.0,1
2.0,1
1.0,1
2.0,3
1.0,1
3.0,3
3.0,3
1.0,1
3.0,2
1.0,1
2.0,2
1.0,1
3.0,1
3.0,3
1.0,1
3.0,2
1.0,1
2.0,2
1.0,1
1.0,1
1.0,1
1.0,1
2.0,1
1.0,1
3.0,2
3.0,3
1.0,1
3.0,2
1.0,1
1.0,2
1.0,1
3.0,3
1.0,1
3.0,2
1.0,1
3.0,2
1.0,1
3.0,2
1.0,1
3.0,2
1.0,1
3.0,2
2.0,1
1.0,1
3.0,2
3.0,3
1.0,1
2.0,2
1.0,1
1.0,1
3.0,1
3.0,3
1.0,1
3.0,2
1.0,1
2.0,2
1.0,1
1.0,1
1.0,1
3.0,1
3.0,3
1.0,1
3.0,2
2.0,1
1.0,1
3.0,2
3.0,3
1.0,1
2.0,2
1.0,1
1.0,1
1.0,1
1.0,1
1.0,1
3.0,1
3.0,3
1.0,1
2.0,2
1.0,1
3.0,1
3.0,3
1.0,1
3.0,2
3.0,3
1.0,1
3.0,2
3.0,3
1.0,1
3.0,2
3.0,3
1.0,1
3.0,2
3.0,3
1.0,1
2.0,2
1.0,1
3.0,1
3.0,3
1.0,1
2.0,2
1.0,1
1.0,1
3.0,1
3.0,3
1.0,1
3.0,2
3.0,3
1.0,1
2.0,2
1.0,1
1.0,1
1.0,1
3.0,1
3.0,3
1.0,1
1.0,2
1.0,1
3.0,3
3.0,3
1.0,1
2.0,2
1.0,1
2.0,1
1.0,1
1.0,3
3.0,3
3.0,3
1.0,1
3.0,2
1.0,3
2.0,2
1.0,1
1.0,1
3.0,1
3.0,3
1.0,1
2.0,2
1.0,1
1.0,3
3.0,3
3.0,3
1.0,1
3.0,2
1.0,1
2.0,2
1.0,1
3.0,1
3.0,3
1.0,1
3.0,2
3.0,3
1.0,1
1.0,2
1.0,1
3.0,3
3.0,3
1.0,1
3.0,2
3.0,3
1.0,1
3.0,2
3.0,3
1.0,1
1.0,3
3.0,3
1.0,1
2.0,2
1.0,1
3.0,1
3.0,3
1.0,1
3.0,2
3.0,3
1.0,1
3.0,2
1.0,1
2.0,2
1.0,1
3.0,1
3.0,3
1.0,1
2.0,2
2.0,1
1.0,1
2.0,2
1.0,1
3.0,2
3.0,3
1.0,1
2.0,2
1.0,1
3.0,1
3.0,3
1.0,1
3.0,2
3.0,3
1.0,1
3.0,2
1.0,1
3.0,2
1.0,1
3.0,2
1.0,1
1.0,2
3.0,1
3.0,3
1.0,1
2.0,2
1.0,1
2.0,1
1.0,1
3.0,1
3.0,3
1.0,1
2.0,2
1.0,1
3.0,1
3.0,3
1.0,1
3.0,2
1.0,1
3.0,2
1.0,1
3.0,2
1.0,1
2.0,2
1.0,1
1.0,1
1.0,1
1.0,1
1.0,1
1.0,1
1.0,1
2.0,1
1.0,1
3.0,1
3.0,3
1.0,1
1.0,2
3.0,1
3.0,3
1.0,1
3.0,2
1.0,1
1.0,2
1.0,1
3.0,3
1.0,1
3.0,2
2.0,1
2.0,3
1.0,1
1.0,3
3.0,3
1.0,1
2.0,2
1.0,1
1.0,1
1.0,1
1.0,1
1.0,1
1.0,1
1.0,1
2.0,1
1.0,1
3.0,1
3.0,3
1.0,1
3.0,2
3.0,3
1.0,1
2.0,2
1.0,1
1.0,1
1.0,1
2.0,1
1.0,1
2.0,1
1.0,1
1.0,1
1.0,1
3.0,1
3.0,3
1.0,1
2.0,2
1.0,1
1.0,1
1.0,1
3.0,1
2.0,3
1.0,3
1.0,3
3.0,3
3.0,3
1.0,1
3.0,2
3.0,3
1.0,1
3.0,2
3.0,3
1.0,1
3.0,2
1.0,1
2.0,2
1.0,1
1.0,1
1.0,1
3.0,3
3.0,3
1.0,1
2.0,2
1.0,1
1.0,1
3.0,1
3.0,3
1.0,1
3.0,2
3.0,3
1.0,1
2.0,2
1.0,1
2.0,1
1.0,1
3.0,1
3.0,3
1.0,1
3.0,2
1.0,1
2.0,2
1.0,1
1.0,1
2.0,1
1.0,1
1.0,1
1.0,1
2.0,1
1.0,1
1.0,1
3.0,1
3.0,3
1.0,1
2.0,2
1.0,1
2.0,1
1.0,1
3.0,1
3.0,3
1.0,1
2.0,2
1.0,1
1.0,1
1.0,1
1.0,1
3.0,1
3.0,3
1.0,1
2.0,2
1.0,1
1.0,1
3.0,1
3.0,3
1.0,1
3.0,2
3.0,3
1.0,1
3.0,2
1.0,1
3.0,2
3.0,3
1.0,1
3.0,2
1.0,1
3.0,2
1.0,1
1.0,2
1.0,1
1.0,3
3.0,1
1.0,1
3.0,2
1.0,1
3.0,2
1.0,1
3.0,2
1.0,1
1.0,2
3.0,1
3.0,3
3.0,1
1.0,1
1.0,2
1.0,1
3.0,1
3.0,3
1.0,1
2.0,2
1.0,1
1.0,1
3.0,1
3.0,3
1.0,1
3.0,2
3.0,3
1.0,1
1.0,2
1.0,1
2.0,1
1.0,1
2.0,3
1.0,1
1.0,3
1.0,1
1.0,3
1.0,1
3.0,1
3.0,3
1.0,1
3.0,2
3.0,3
1.0,1
3.0,2
1.0,1
3.0,2
3.0,3
1.0,1
3.0,2
1.0,1
3.0,2
1.0,1
3.0,2
1.0,1
2.0,2
1.0,1
2.0,1
1.0,1
3.0,1
3.0,3
1.0,1
3.0,2
1.0,1
3.0,2
4.0,3
1.0,1
3.0,1
3.0,3
1.0,1
2.0,2
1.0,1
2.0,1
1.0,1
1.0,1
1.0,1
2.0,1
1.0,1
2.0,3
2.0,1
1.0,1
1.0,3
1.0,3
1.0,3
1.0,3
1.0,3
1.0,1
1.0,1
3.0,1
3.0,3
1.0,1
3.0,2
1.0,1
1.0,2
1.0,1
1.0,1
1.0,3
3.0,3
3.0,3
1.0,1
3.0,2
3.0,3
1.0,1
3.0,1
3.0,3
1.0,1
3.0,2
3.0,3
1.0,1
1.0,2
3.0,1
1.0,1
3.0,2
1.0,1
2.0,2
1.0,1
1.0,1
3.0,1
3.0,3
1.0,1
3.0,2
3.0,3
1.0,1
1.0,2
1.0,1
3.0,1
3.0,3
1.0,1
3.0,2
1.0,1
1.0,2
1.0,1
3.0,3
3.0,3
1.0,1
3.0,2
1.0,1
2.0,2
1.0,1
1.0,1
1.0,1
1.0,1
1.0,1
1.0,1
3.0,3
3.0,3
1.0,1
3.0,2
3.0,3
1.0,1
3.0,2
1.0,1
3.0,2
3.0,3
1.0,1
3.0,2
1.0,1
1.0,2
2.0,1
1.0,1
1.0,1
1.0,1
1.0,1
1.0,3
3.0,3
3.0,3
1.0,1
3.0,2
1.0,1
1.0,2
2.0,1
1.0,1
1.0,1
1.0,1
3.0,1
3.0,3
1.0,1
2.0,2
1.0,1
1.0,1
3.0,1
3.0,3
1.0,1
1.0,2
2.0,1
1.0,1
3.0,1
3.0,3
1.0,1
3.0,2
1.0,1
3.0,2
1.0,1
3.0,2
3.0,3
1.0,1
2.0,2
1.0,1
1.0,1
3.0,1
3.0,3
1.0,1
3.0,2
1.0,1
3.0,2
3.0,3
1.0,1
1.0,2
1.0,1
1.0,3
1.0,3
1.0,3
1.0,3
3.0,3
3.0,3
1.0,1
3.0,2
3.0,3
1.0,1
1.0,2
3.0,1
3.0,3
1.0,1
3.0,2
1.0,1
2.0,2
1.0,1
1.0,1
2.0,3
1.0,1
3.0,3
3.0,3
1.0,1
3.0,2
3.0,3
1.0,1
3.0,2
3.0,3
1.0,1
1.0,2
1.0,1
3.0,3
1.0,1
2.0,2
1.0,1
3.0,1
3.0,3
1.0,1
3.0,2
1.0,1
3.0,2
3.0,3
1.0,1
3.0,2
3.0,3
1.0,1
2.0,2
1.0,1
2.0,1
2.0,1
1.0,1
2.0,2
1.0,1
3.0,2
3.0,3
1.0,1
2.0,2
1.0,1
1.0,1
1.0,1
1.0,1
1.0,1
2.0,1
2.0,1
1.0,1
3.0,3
3.0,3
1.0,1
1.0,2
1.0,1
1.0,1
2.0,1
2.0,1
2.0,1
3.0,1
1.0,1
3.0,2
3.0,3
1.0,1
3.0,2
1.0,1
3.0,2
1.0,1
3.0,2
1.0,1
3.0,2
3.0,3
1.0,1
2.0,2
2.0,1
1.0,1
1.0,2
1.0,1
3.0,1
3.0,3
1.0,1
3.0,2
1.0,1
2.0,2
1.0,1
2.0,3
1.0,1
1.0,3
1.0,3
1.0,3
1.0,3
3.0,3
3.0,3
1.0,1
3.0,2
1.0,1
3.0,2
1.0,1
2.0,2
1.0,1
1.0,1
3.0,1
3.0,3
1.0,1
1.0,2
1.0,1
3.0,3
1.0,3
3.0,3
3.0,3
1.0,1
2.0,2
1.0,1
2.0,1
1.0,1
3.0,1
3.0,3
1.0,1
2.0,2
1.0,1
3.0,1
3.0,3
1.0,1
3.0,2
1.0,1
2.0,2
1.0,1
1.0,1
3.0,1
3.0,3
1.0,1
3.0,2
1.0,1
3.0,2
1.0,1
3.0,2
3.0,3
1.0,1
2.0,2
1.0,1
1.0,1
1.0,1
3.0,1
3.0,3
1.0,1
2.0,2
1.0,1
1.0,1
3.0,1
3.0,3
1.0,1
3.0,2
1.0,1
3.0,2
3.0,3
1.0,1
2.0,2
1.0,1
3.0,1
3.0,3
1.0,1
2.0,2
1.0,1
3.0,1
3.0,3
1.0,1
1.0,2
3.0,1
3.0,3
1.0,1
3.0,2
1.0,1
3.0,2
1.0,1
2.0,2
1.0,1
1.0,1
1.0,1
1.0,1
1.0,1
3.0,1
3.0,3
1.0,1
3.0,2
1.0,1
3.0,2
1.0,1
2.0,2
1.0,1
2.0,1
2.0,1
1.0,1
3.0,2
3.0,3
1.0,1
1.0,2
3.0,3
1.0,1
1.0,2
3.0,1
1.0,1
3.0,2
1.0,1
1.0,2
2.0,1
1.0,1
2.0,1
1.0,1
1.0,1
1.0,1
1.0,1
3.0,1
3.0,3
1.0,1
3.0,2
1.0,1
1.0,2
1.0,1
3.0,3
1.0,1
3.0,2
1.0,1
3.0,2
1.0,1
3.0,2
1.0,1
3.0,2
1.0,1
2.0,2
1.0,1
1.0,1
2.0,3
1.0,1
1.0,3
1.0,3
3.0,3
3.0,3
1.0,1
2.0,2
1.0,1
1.0,1
1.0,1
2.0,1
1.0,1
3.0,1
3.0,3
2.0,1
1.0,1
2.0,2
3.0,1
3.0,3
1.0,1
3.0,2
1.0,1
3.0,2
3.0,3
1.0,1
2.0,2
2.0,1
1.0,1
1.0,2
1.0,1
1.0,1
1.0,1
1.0,1
2.0,1
1.0,1
1.0,1
3.0,1
3.0,3
1.0,1
3.0,2
1.0,1
2.0,2
2.0,1
1.0,1
3.0,2
3.0,3
1.0,1
3.0,2
1.0,1
2.0,2
1.0,1
1.0,1
3.0,1
3.0,3
1.0,1
1.0,2
2.0,1
2.0,1
1.0,1
2.0,1
1.0,1
1.0,3
1.0,3
1.0,3
3.0,3
3.0,3
1.0,1
3.0,2
1.0,1
3.0,2
1.0,1
2.0,2
1.0,1
3.0,1
3.0,3
1.0,1
1.0,2
3.0,1
3.0,3
1.0,1
2.0,2
1.0,1
1.0,1
3.0,1
3.0,3
1.0,1
3.0,2
3.0,3
1.0,1
2.0,2
1.0,1
3.0,1
3.0,3
1.0,1
3.0,2
1.0,1
3.0,2
1.0,1
2.0,2
1.0,1
1.0,1
1.0,1
1.0,1
2.0,1
1.0,1
2.0,3
1.0,1
1.0,3
1.0,1
1.0,1
3.0,3
3.0,3
1.0,1
2.0,2
1.0,1
2.0,1
1.0,1
3.0,3
3.0,3
1.0,1
3.0,2
1.0,1
2.0,2
1.0,1
1.0,1
1.0,1
3.0,1
3.0,3
1.0,1
1.0,2
3.0,1
3.0,3
1.0,1
3.0,2
1.0,1
3.0,2
1.0,1
2.0,2
1.0,1
2.0,1
1.0,1
1.0,1
1.0,1
1.0,1
3.0,1
3.0,3
1.0,1
3.0,2
1.0,1
3.0,2
1.0,1
3.0,2
1.0,1
1.0,2
1.0,1
1.0,1
2.0,1
1.0,1
3.0,1
3.0,3
1.0,1
3.0,2
1.0,1
2.0,2
1.0,1
1.0,1
3.0,3
3.0,3
1.0,1
3.0,2
1.0,1
3.0,2
3.0,3
1.0,1
3.0,2
1.0,1
1.0,2
2.0,1
1.0,1
3.0,1
3.0,3
1.0,1
2.0,2
1.0,1
3.0,1
3.0,3
1.0,1
3.0,2
1.0,3
3.0,2
3.0,3
1.0,1
2.0,2
1.0,1
3.0,1
3.0,3
1.0,1
3.0,2
1.0,1
3.0,2
1.0,1
3.0,2
1.0,1
2.0,2
1.0,1
2.0,1
1.0,1
1.0,1
1.0,1
1.0,1
2.0,3
1.0,1
3.0,3
3.0,3
1.0,1
3.0,2
1.0,1
2.0,2
1.0,1
3.0,1
1.0,3
3.0,3
1.0,3
3.0,3
3.0,3
1.0,1
3.0,2
1.0,1
3.0,2
1.0,1
3.0,2
3.0,3
1.0,1
3.0,2
2.0,1
2.0,1
1.0,1
3.0,1
3.0,3
1.0,1
3.0,2
1.0,1
1.0,2
3.0,1
3.0,3
1.0,1
2.0,2
1.0,1
1.0,3
1.0,3
3.0,3
3.0,3
2.0,1
2.0,1
1.0,1
1.0,1
3.0,1
3.0,3
1.0,1
3.0,2
1.0,3
2.0,2
1.0,1
3.0,1
3.0,3
1.0,1
1.0,2
3.0,1
1.0,1
3.0,2
1.0,1
3.0,2
1.0,1
1.0,2
1.0,1
1.0,3
3.0,1
3.0,3
1.0,1
1.0,2
2.0,1
1.0,1
1.0,1
1.0,1
1.0,1
1.0,3
1.0,3
1.0,3
1.0,1
3.0,3
3.0,3
1.0,1
1.0,2
1.0,1
3.0,1
1.0,1
3.0,2
1.0,1
3.0,2
1.0,1
2.0,2
1.0,1
3.0,1
1.0,1
3.0,2
1.0,1
1.0,2
1.0,1
2.0,3
1.0,1
1.0,1
3.0,1
1.0,1
3.0,2
1.0,1
2.0,2
1.0,1
2.0,1
1.0,1
2.0,1
1.0,1
1.0,2
1.0,1
1.0,1
1.0,1
1.0,1
1.0,1
3.0,1
3.0,3
1.0,1
3.0,2
1.0,1
2.0,2
1.0,1
3.0,1
3.0,3
2.0,3
3.0,1
1.0,1
2.0,2
1.0,1
2.0,1
2.0,1
1.0,1
1.0,2
3.0,1
3.0,3
1.0,1
2.0,2
1.0,1
3.0,1
3.0,3
1.0,1
2.0,2
1.0,1
2.0,1
1.0,1
1.0,1
1.0,1
1.0,1
1.0,1
3.0,3
3.0,3
1.0,1
3.0,2
1.0,1
3.0,2
1.0,1
3.0,2
1.0,1
2.0,2
1.0,1
3.0,1
3.0,3
1.0,1
3.0,2
1.0,1
3.0,2
3.0,3
1.0,1
3.0,2
1.0,1
1.0,2
1.0,1
1.0,1
1.0,1
1.0,1
3.0,1
3.0,3
1.0,1
3.0,2
3.0,3
1.0,1
3.0,2
1.0,1
3.0,2
1.0,1
3.0,2
1.0,1
3.0,2
1.0,1
3.0,2
1.0,1
2.0,2
1.0,1
1.0,1
3.0,1
3.0,3
1.0,1
1.0,2
1.0,1
1.0,1
1.0,1
1.0,1
1.0,1
3.0,1
3.0,3
1.0,1
3.0,2
1.0,1
3.0,2
3.0,3
1.0,1
3.0,2
1.0,1
3.0,2
3.0,3
1.0,1
3.0,2
3.0,3
1.0,1
3.0,2
3.0,3
1.0,1
3.0,2
3.0,3
1.0,1
3.0,2
3.0,3
1.0,1
3.0,2
3.0,3
1.0,1
3.0,2
3.0,3
1.0,1
2.0,2
1.0,1
3.0,1
3.0,3
1.0,1
3.0,2
3.0,3
1.0,1
3.0,2
3.0,3
1.0,1
3.0,2
3.0,3
1.0,1
3.0,2
3.0,3
1.0,1
3.0,2
3.0,3
1.0,1
3.0,2
1.0,1
3.0,2
1.0,1
2.0,2
2.0,1
1.0,1
1.0,2
1.0,1
3.0,1
3.0,3
1.0,1
3.0,2
1.0,1
3.0,2
3.0,3
1.0,1
3.0,2
3.0,3
1.0,1
2.0,2
1.0,1
2.0,1
1.0,1
2.0,3
1.0,1
2.0,3
1.0,1
2.0,3
1.0,1
2.0,3
1.0,1
1.0,3
1.0,3
3.0,3
3.0,3
1.0,1
3.0,2
3.0,3
1.0,1
3.0,2
1.0,1
3.0,2
3.0,3
1.0,1
2.0,2
1.0,1
1.0,1
3.0,1
3.0,3
1.0,1
3.0,2
3.0,3
1.0,1
3.0,2
3.0,3
1.0,1
3.0,2
3.0,3
1.0,1
3.0,2
3.0,3
1.0,1
3.0,2
3.0,3
1.0,1
3.0,2
1.0,1
3.0,2
3.0,3
1.0,1
3.0,2
3.0,3
1.0,1
3.0,2
1.0,1
3.0,2
3.0,3
1.0,1
3.0,2
1.0,1
1.0,2
1.0,1
3.0,3
3.0,3
1.0,1
3.0,2
1.0,1
3.0,2
1.0,1
2.0,2
1.0,1
3.0,1
3.0,3
1.0,1
3.0,2
1.0,3
3.0,1
3.0,3
1.0,1
2.0,2
1.0,1
1.0,1
3.0,1
3.0,3
1.0,1
3.0,2
1.0,1
3.0,2
1.0,1
2.0,2
1.0,1
1.0,1
3.0,1
3.0,3
1.0,1
3.0,2
3.0,3
1.0,1
1.0,2
1.0,1
3.0,3
3.0,3
1.0,1
3.0,2
1.0,1
3.0,2
2.0,1
1.0,1
3.0,2
3.0,3
1.0,1
2.0,2
1.0,1
2.0,1
1.0,1
2.0,1
2.0,1
1.0,1
1.0,1
1.0,3
2.0,3
1.0,1
1.0,1
1.0,1
3.0,3
3.0,3
1.0,1
3.0,2
1.0,1
2.0,2
1.0,1
1.0,1
1.0,3
3.0,3
3.0,3
1.0,1
3.0,2
1.0,1
3.0,2
1.0,1
2.0,2
1.0,1
1.0,1
1.0,1
3.0,3
3.0,3
1.0,1
1.0,2
2.0,1
1.0,1
1.0,1
1.0,1
3.0,1
3.0,3
1.0,1
2.0,2
1.0,1
1.0,1
2.0,3
1.0,1
2.0,3
1.0,1
1.0,3
3.0,3
3.0,3
1.0,1
3.0,2
3.0,3
1.0,1
3.0,2
1.0,1
2.0,2
1.0,1
3.0,1
3.0,3
1.0,1
3.0,2
1.0,1
2.0,2
1.0,1
3.0,1
3.0,3
1.0,1
3.0,2
3.0,3
1.0,1
3.0,2
1.0,1
2.0,2
1.0,1
1.0,1
1.0,1
1.0,1
3.0,1
3.0,3
1.0,1
3.0,2
3.0,3
1.0,1
3.0,2
3.0,3
1.0,1
3.0,2
1.0,1
3.0,2
1.0,3
3.0,1
3.0,3
1.0,1
2.0,2
2.0,1
1.0,1
1.0,2
3.0,1
3.0,3
1.0,1
3.0,2
3.0,3
1.0,1
3.0,2
1.0,1
2.0,2
1.0,1
2.0,1
1.0,1
3.0,1
3.0,3
1.0,1
3.0,2
3.0,3
1.0,1
3.0,2
1.0,1
3.0,2
1.0,1
3.0,2
1.0,1
3.0,2
1.0,1
2.0,2
1.0,1
1.0,1
1.0,1
3.0,1
3.0,3
1.0,1
3.0,2
1.0,3
2.0,2
1.0,1
1.0,1
1.0,1
1.0,1
1.0,3
2.0,3
1.0,1
1.0,1
1.0,1
3.0,3
1.0,3
3.0,1
3.0,3
1.0,1
1.0,2
1.0,1
3.0,3
3.0,3
1.0,1
3.0,2
1.0,1
3.0,2
1.0,1
1.0,2
2.0,1
2.0,1
1.0,1
1.0,1
2.0,1
1.0,1
2.0,2
1.0,1
1.0,2
2.0,1
1.0,1
2.0,2
1.0,1
1.0,2
3.0,1
3.0,3
1.0,1
1.0,2
3.0,1
3.0,3
1.0,1
3.0,2
1.0,1
3.0,2
2.0,1
1.0,1
2.0,2
1.0,1
2.0,3
1.0,1
3.0,3
3.0,3
1.0,1
2.0,2
1.0,1
1.0,1
1.0,1
3.0,1
1.0,3
2.0,1
1.0,1
2.0,3
1.0,1
3.0,1
3.0,3
1.0,1
2.0,2
1.0,1
1.0,1
3.0,1
3.0,3
1.0,1
3.0,2
1.0,1
1.0,2
1.0,1
3.0,1
3.0,3
1.0,1
3.0,2
1.0,1
2.0,2
1.0,1
3.0,1
3.0,3
1.0,1
1.0,2
1.0,1
1.0,1
1.0,1
1.0,1
1.0,1
2.0,1
1.0,1
1.0,3
1.0,3
1.0,1
1.0,1
3.0,1
3.0,3
1.0,1
1.0,2
1.0,1
1.0,3
2.0,3
1.0,1
2.0,1
1.0,1
1.0,3
1.0,3
1.0,3
1.0,3
1.0,3
2.0,3
1.0,3
2.0,1
1.0,1
1.0,1
1.0,3
3.0,1
3.0,3
1.0,1
3.0,2
3.0,3
1.0,1
3.0,2
1.0,1
1.0,2
3.0,1
3.0,3
1.0,1
3.0,2
1.0,1
1.0,2
3.0,1
3.0,3
1.0,1
3.0,2
1.0,1
2.0,2
1.0,1
2.0,1
1.0,1
2.0,1
1.0,1
2.0,2
1.0,1
1.0,1
2.0,1
1.0,1
2.0,1
2.0,1
1.0,1
1.0,1
3.0,1
3.0,3
1.0,1
2.0,2
1.0,1
1.0,1
1.0,1
1.0,1
3.0,3
3.0,3
1.0,1
3.0,2
1.0,1
2.0,2
1.0,1
3.0,1
3.0,3
1.0,1
2.0,2
1.0,1
2.0,1
1.0,1
2.0,1
2.0,1
1.0,1
2.0,2
1.0,1
2.0,1
1.0,1
2.0,3
1.0,1
1.0,1
2.0,3
1.0,1
2.0,1
1.0,1
3.0,3
3.0,3
1.0,1
1.0,2
1.0,1
3.0,3
3.0,3
1.0,1
1.0,2
2.0,1
1.0,1
2.0,1
1.0,1
1.0,1
3.0,3
2.0,3
3.0,3
1.0,1
2.0,2
1.0,1
2.0,1
1.0,1
3.0,1
3.0,3
1.0,1
3.0,2
3.0,3
1.0,1
3.0,2
3.0,3
1.0,1
1.0,2
1.0,1
1.0,1
3.0,1
3.0,3
2.0,1
1.0,1
3.0,2
3.0,3
1.0,1
3.0,2
3.0,3
1.0,1
3.0,2
1.0,1
2.0,2
1.0,1
3.0,1
3.0,3
1.0,1
3.0,2
1.0,1
2.0,2
1.0,1
2.0,1
1.0,1
1.0,1
1.0,1
3.0,1
3.0,3
1.0,1
3.0,2
1.0,1
1.0,2
1.0,1
3.0,3
3.0,3
1.0,1
2.0,2
1.0,1
1.0,1
1.0,1
1.0,1
3.0,1
1.0,3
1.0,3
3.0,3
3.0,3
1.0,1
3.0,2
1.0,1
2.0,2
1.0,1
2.0,1
1.0,1
3.0,1
3.0,3
1.0,1
2.0,2
1.0,1
2.0,1
1.0,1
2.0,3
1.0,1
2.0,3
1.0,1
3.0,3
3.0,3
1.0,1
2.0,2
1.0,1
1.0,1
1.0,1
3.0,1
3.0,3
1.0,1
3.0,2
1.0,1
3.0,2
1.0,1
3.0,2
3.0,3
1.0,1
3.0,2
1.0,1
3.0,2
1.0,1
2.0,2
1.0,1
1.0,1
1.0,1
1.0,1
3.0,1
2.0,3
1.0,3
1.0,3
1.0,3
1.0,3
1.0,3
1.0,3
1.0,3
1.0,3
3.0,3
3.0,3
1.0,1
3.0,2
1.0,1
3.0,2
3.0,3
1.0,1
3.0,2
3.0,3
1.0,1
1.0,2
3.0,1
3.0,3
1.0,1
2.0,2
1.0,1
2.0,1
1.0,1
2.0,1
1.0,1
1.0,1
3.0,1
3.0,3
1.0,1
2.0,2
1.0,1
1.0,1
1.0,1
3.0,1
3.0,3
1.0,1
3.0,2
1.0,1
2.0,2
1.0,1
3.0,1
3.0,3
1.0,1
3.0,2
1.0,1
3.0,2
1.0,1
1.0,2
1.0,1
1.0,3
3.0,1
3.0,3
1.0,1
2.0,2
1.0,1
1.0,1
3.0,1
3.0,3
1.0,1
1.0,2
1.0,1
3.0,3
1.0,1
1.0,3
1.0,3
1.0,1
3.0,2
4.0,3
1.0,1
3.0,1
3.0,3
1.0,1
2.0,2
1.0,1
3.0,1
3.0,3
1.0,1
3.0,2
1.0,1
1.0,2
1.0,1
3.0,1
3.0,3
1.0,1
3.0,2
1.0,1
1.0,2
1.0,1
2.0,3
1.0,1
1.0,1
1.0,1
2.0,1
1.0,1
1.0,3
1.0,3
1.0,3
1.0,1
1.0,3
1.0,3
1.0,3
3.0,3
3.0,3
1.0,1
3.0,2
1.0,1
3.0,2
1.0,1
2.0,2
1.0,1
3.0,1
3.0,3
1.0,1
1.0,2
3.0,1
3.0,3
1.0,1
2.0,2
1.0,1
2.0,1
1.0,1
1.0,1
1.0,1
3.0,1
3.0,3
1.0,1
3.0,2
1.0,1
2.0,2
1.0,1
3.0,1
3.0,3
1.0,1
3.0,2
1.0,1
3.0,2
3.0,3
1.0,1
2.0,2
1.0,1
1.0,1
1.0,1
1.0,1
3.0,1
3.0,3
1.0,1
3.0,2
3.0,3
1.0,1
3.0,2
1.0,1
2.0,2
1.0,1
1.0,1
2.0,1
1.0,1
1.0,1
3.0,3
3.0,3
1.0,1
1.0,2
2.0,1
1.0,1
1.0,1
2.0,1
1.0,1
3.0,1
3.0,3
1.0,1
3.0,2
1.0,1
3.0,2
1.0,1
2.0,2
1.0,1
1.0,1
3.0,1
3.0,3
1.0,1
2.0,2
1.0,1
1.0,3
2.0,3
1.0,1
1.0,3
1.0,3
3.0,3
3.0,3
1.0,1
3.0,2
1.0,1
3.0,2
1.0,1
1.0,2
1.0,1
3.0,3
3.0,3
1.0,1
2.0,2
1.0,1
2.0,1
1.0,1
1.0,3
3.0,3
3.0,3
1.0,1
3.0,2
1.0,1
3.0,2
1.0,1
1.0,2
1.0,1
3.0,3
3.0,3
1.0,1
2.0,2
1.0,1
2.0,1
1.0,1
2.0,3
1.0,1
2.0,3
1.0,1
1.0,3
3.0,3
3.0,3
1.0,1
3.0,2
1.0,1
1.0,2
2.0,1
1.0,1
1.0,1
1.0,3
1.0,3
1.0,3
1.0,3
1.0,3
3.0,1
3.0,3
1.0,1
3.0,2
1.0,3
3.0,2
3.0,3
1.0,1
2.0,2
1.0,1
1.0,1
1.0,1
3.0,3
3.0,3
1.0,1
1.0,2
2.0,1
1.0,1
1.0,1
1.0,3
3.0,3
3.0,3
1.0,1
2.0,2
1.0,1
1.0,1
1.0,1
3.0,1
3.0,3
1.0,1
3.0,2
1.0,1
2.0,2
1.0,1
3.0,1
3.0,3
1.0,1
3.0,2
1.0,1
1.0,2
3.0,1
1.0,1
3.0,2
1.0,1
2.0,2
1.0,1
3.0,1
3.0,3
1.0,1
2.0,2
1.0,1
2.0,1
1.0,1
1.0,1
1.0,1
3.0,1
3.0,3
1.0,1
3.0,2
1.0,1
3.0,2
1.0,1
1.0,2
2.0,1
1.0,1
1.0,1
1.0,1
3.0,1
3.0,3
1.0,1
3.0,2
1.0,1
3.0,2
1.0,1
2.0,2
1.0,1
1.0,1
2.0,1
1.0,1
1.0,3
1.0,3
2.0,3
1.0,1
1.0,3
3.0,3
3.0,3
1.0,1
1.0,2
1.0,1
1.0,3
3.0,3
3.0,3
1.0,1
2.0,2
1.0,1
1.0,1
3.0,1
3.0,3
1.0,1
3.0,2
1.0,1
1.0,2
1.0,1
3.0,3
1.0,1
3.0,2
3.0,3
1.0,1
3.0,2
1.0,1
2.0,2
1.0,1
1.0,1
3.0,3
1.0,3
1.0,3
2.0,3
2.0,1
1.0,1
1.0,3
1.0,3
2.0,3
1.0,1
1.0,3
1.0,1
3.0,3
3.0,3
1.0,1
2.0,2
1.0,1
3.0,1
3.0,3
1.0,1
3.0,2
3.0,3
1.0,1
2.0,2
1.0,1
2.0,1
1.0,1
1.0,3
1.0,3
1.0,1
1.0,3
1.0,3
1.0,3
1.0,3
1.0,3
3.0,3
3.0,3
1.0,1
2.0,2
1.0,1
1.0,1
1.0,1
2.0,1
1.0,1
2.0,1
1.0,1
1.0,1
1.0,1
3.0,1
3.0,3
1.0,1
2.0,2
1.0,1
1.0,1
2.0,1
1.0,1
2.0,1
1.0,1
1.0,3
1.0,3
2.0,3
1.0,1
1.0,3
1.0,1
1.0,3
1.0,3
1.0,3
1.0,3
2.0,3
1.0,1
1.0,3
1.0,1
1.0,1
3.0,1
3.0,3
1.0,1
1.0,2
2.0,1
1.0,1
1.0,1
3.0,1
3.0,3
1.0,1
2.0,2
1.0,1
3.0,3
1.0,1
1.0,2
1.0,1
3.0,3
3.0,3
1.0,1
1.0,2
1.0,1
3.0,3
1.0,1
2.0,2
1.0,1
1.0,1
3.0,1
3.0,3
1.0,1
3.0,2
3.0,3
1.0,1
2.0,2
2.0,1
1.0,1
1.0,2
1.0,1
1.0,1
1.0,1
1.0,1
1.0,1
1.0,3
1.0,3
1.0,3
1.0,1
1.0,1
3.0,1
3.0,3
1.0,1
3.0,2
1.0,1
1.0,2
2.0,1
1.0,1
1.0,1
3.0,1
3.0,3
1.0,1
3.0,2
1.0,1
1.0,2
3.0,1
3.0,3
1.0,1
3.0,2
1.0,1
3.0,2
3.0,3
1.0,1
3.0,2
1.0,1
2.0,2
2.0,1
1.0,1
3.0,2
3.0,3
1.0,1
1.0,2
2.0,1
1.0,1
2.0,1
1.0,1
1.0,3
3.0,3
3.0,3
1.0,1
3.0,2
3.0,3
1.0,1
3.0,2
1.0,1
2.0,2
1.0,1
1.0,1
3.0,1
3.0,3
1.0,1
2.0,2
1.0,1
3.0,1
3.0,3
1.0,1
3.0,2
3.0,3
1.0,1
2.0,2
1.0,1
2.0,1
1.0,1
1.0,3
1.0,3
3.0,3
3.0,3
1.0,1
2.0,2
1.0,1
3.0,1
3.0,3
1.0,1
2.0,2
1.0,1
2.0,1
1.0,1
2.0,3
1.0,1
1.0,3
2.0,1
1.0,1
3.0,1
3.0,3
1.0,1
1.0,2
1.0,1
3.0,1
3.0,3
1.0,1
2.0,2
1.0,1
1.0,1
2.0,3
1.0,1
1.0,3
1.0,3
3.0,3
3.0,3
1.0,1
2.0,2
1.0,1
2.0,1
1.0,1
2.0,3
1.0,1
1.0,3
1.0,3
2.0,3
1.0,1
2.0,1
1.0,1
1.0,1
1.0,1
3.0,1
3.0,3
1.0,1
2.0,2
1.0,1
1.0,1
3.0,3
3.0,3
1.0,1
2.0,2
1.0,1
1.0,1
1.0,1
2.0,3
1.0,1
2.0,3
1.0,1
1.0,3
3.0,3
3.0,3
1.0,1
2.0,2
1.0,1
3.0,1
3.0,3
1.0,1
3.0,2
1.0,1
2.0,2
1.0,1
1.0,1
1.0,1
3.0,3
3.0,3
1.0,1
3.0,2
1.0,1
2.0,2
1.0,1
2.0,1
1.0,1
1.0,1
1.0,1
1.0,1
1.0,1
3.0,3
3.0,3
1.0,1
3.0,2
1.0,1
3.0,2
2.0,1
1.0,1
3.0,2
3.0,3
1.0,1
2.0,2
1.0,1
3.0,1
3.0,3
1.0,1
2.0,2
1.0,1
2.0,1
1.0,1
2.0,3
1.0,1
3.0,3
3.0,3
1.0,1
3.0,2
1.0,1
3.0,2
1.0,1
3.0,2
1.0,1
3.0,2
1.0,1
3.0,2
1.0,1
3.0,2
1.0,3
2.0,2
1.0,1
1.0,1
1.0,3
1.0,3
3.0,1
3.0,3
1.0,1
2.0,2
1.0,1
2.0,3
1.0,1
3.0,3
3.0,3
1.0,1
2.0,2
1.0,1
1.0,1
3.0,1
3.0,3
1.0,1
2.0,2
1.0,1
2.0,1
1.0,1
3.0,1
3.0,3
1.0,1
3.0,2
1.0,1
3.0,2
1.0,1
3.0,2
1.0,1
3.0,2
1.0,1
1.0,2
2.0,1
1.0,1
1.0,1
1.0,1
3.0,3
3.0,3
1.0,1
2.0,2
1.0,1
1.0,1
1.0,1
1.0,1
3.0,1
3.0,3
1.0,1
3.0,2
3.0,3
1.0,1
3.0,2
3.0,3
1.0,1
1.0,2
3.0,1
3.0,3
1.0,1
2.0,2
1.0,1
2.0,1
1.0,1
1.0,3
1.0,3
1.0,3
1.0,3
2.0,3
1.0,1
2.0,1
1.0,1
2.0,3
1.0,1
2.0,3
1.0,1
3.0,3
3.0,3
1.0,1
2.0,2
1.0,1
3.0,1
1.0,1
3.0,2
3.0,3
1.0,1
3.0,2
1.0,1
3.0,2
1.0,1
2.0,2
1.0,1
2.0,1
2.0,1
1.0,1
1.0,2
1.0,1
3.0,3
3.0,3
1.0,1
2.0,2
1.0,1
2.0,1
1.0,1
1.0,1
1.0,1
1.0,1
1.0,3
3.0,3
3.0,3
1.0,1
3.0,2
1.0,1
2.0,2
1.0,1
3.0,1
1.0,1
3.0,2
1.0,1
3.0,2
1.0,1
2.0,2
1.0,1
1.0,1
1.0,1
1.0,3
1.0,3
1.0,3
1.0,3
3.0,3
3.0,3
1.0,1
2.0,2
1.0,1
1.0,1
3.0,1
3.0,3
1.0,1
3.0,2
1.0,1
1.0,2
3.0,1
3.0,3
1.0,1
2.0,2
1.0,1
1.0,1
3.0,1
3.0,3
1.0,1
3.0,2
1.0,1
3.0,2
3.0,3
1.0,1
3.0,2
3.0,3
1.0,1
3.0,2
3.0,3
1.0,1
3.0,2
1.0,1
2.0,2
1.0,1
1.0,1
1.0,1
3.0,1
3.0,3
1.0,1
2.0,2
1.0,1
1.0,1
2.0,1
1.0,1
2.0,1
1.0,1
2.0,1
1.0,1
2.0,3
1.0,1
2.0,3
2.0,1
1.0,1
1.0,1
3.0,3
3.0,3
1.0,1
2.0,2
1.0,1
3.0,1
1.0,1
2.0,2
2.0,1
1.0,1
3.0,2
3.0,3
1.0,1
3.0,2
1.0,1
3.0,2
1.0,1
2.0,2
1.0,1
3.0,1
3.0,3
1.0,1
2.0,2
1.0,1
2.0,1
1.0,1
3.0,3
3.0,3
1.0,1
3.0,2
1.0,1
2.0,2
1.0,1
3.0,1
1.0,1
2.0,2
1.0,1
2.0,1
1.0,1
1.0,3
1.0,3
1.0,3
1.0,3
1.0,3
1.0,3
1.0,3
2.0,3
1.0,1
2.0,1
1.0,1
1.0,1
1.0,1
1.0,3
2.0,1
1.0,1
1.0,1
1.0,1
1.0,3
1.0,1
1.0,3
1.0,3
1.0,3
1.0,3
3.0,3
3.0,3
1.0,1
3.0,2
3.0,3
1.0,1
3.0,2
3.0,3
1.0,1
3.0,2
3.0,3
1.0,1
3.0,2
1.0,1
1.0,2
2.0,1
1.0,1
1.0,1
1.0,1
1.0,1
1.0,1
1.0,1
1.0,1
1.0,1
3.0,3
3.0,3
1.0,1
2.0,2
1.0,1
1.0,1
3.0,3
3.0,3
1.0,1
1.0,2
3.0,1
3.0,3
1.0,1
3.0,2
1.0,1
3.0,2
1.0,1
3.0,2
1.0,1
2.0,2
2.0,1
1.0,1
3.0,2
3.0,3
1.0,1
3.0,2
1.0,1
3.0,2
3.0,3
1.0,1
3.0,2
3.0,3
1.0,1
2.0,2
1.0,1
1.0,1
1.0,1
2.0,3
1.0,1
1.0,3
3.0,3
3.0,3
1.0,1
3.0,2
1.0,1
3.0,2
1.0,1
3.0,2
1.0,1
2.0,2
1.0,1
1.0,1
3.0,1
3.0,3
1.0,1
2.0,2
1.0,1
3.0,1
3.0,3
1.0,1
3.0,2
2.0,1
1.0,1
2.0,2
1.0,1
3.0,1
3.0,3
1.0,1
1.0,2
1.0,1
3.0,3
3.0,3
1.0,1
3.0,2
1.0,1
3.0,2
1.0,1
3.0,2
1.0,1
3.0,2
1.0,1
3.0,2
1.0,1
2.0,2
1.0,1
1.0,1
1.0,3
2.0,3
1.0,1
1.0,3
1.0,1
3.0,3
3.0,3
1.0,1
3.0,2
1.0,1
3.0,2
3.0,3
1.0,1
3.0,2
1.0,3
3.0,2
3.0,3
1.0,1
2.0,2
1.0,1
2.0,1
1.0,1
3.0,3
3.0,3
1.0,1
3.0,2
1.0,1
2.0,2
1.0,1
3.0,1
3.0,3
1.0,1
1.0,2
2.0,1
1.0,1
3.0,1
3.0,3
1.0,1
2.0,2
1.0,1
3.0,1
3.0,3
1.0,1
1.0,2
3.0,1
3.0,3
1.0,1
3.0,2
1.0,1
2.0,2
1.0,1
1.0,1
1.0,1
3.0,1
3.0,3
1.0,1
1.0,2
2.0,1
2.0,1
1.0,1
2.0,1
1.0,1
1.0,1
1.0,1
1.0,1
2.0,1
1.0,1
1.0,2
3.0,1
3.0,3
1.0,1
2.0,2
1.0,1
1.0,1
3.0,1
3.0,3
1.0,1
2.0,2
1.0,1
1.0,1
3.0,1
3.0,3
1.0,1
2.0,2
1.0,1
3.0,1
3.0,3
1.0,1
3.0,2
1.0,3
2.0,2
1.0,1
1.0,1
1.0,1
2.0,1
1.0,1
1.0,1
1.0,3
3.0,1
3.0,3
1.0,1
3.0,2
1.0,3
3.0,2
1.0,3
3.0,3
3.0,3
1.0,1
3.0,2
1.0,1
2.0,2
1.0,1
3.0,1
3.0,3
1.0,1
2.0,2
1.0,1
1.0,1
1.0,1
1.0,1
1.0,1
3.0,1
3.0,3
1.0,1
3.0,2
1.0,1
3.0,2
3.0,3
1.0,1
2.0,2
1.0,1
3.0,1
3.0,3
1.0,1
1.0,2
1.0,1
1.0,3
3.0,3
3.0,3
1.0,1
2.0,2
1.0,1
2.0,1
1.0,1
3.0,1
3.0,3
1.0,1
1.0,2
2.0,1
1.0,1
3.0,1
1.0,1
3.0,2
1.0,1
3.0,2
1.0,1
1.0,2
2.0,1
1.0,1
2.0,1
1.0,1
1.0,3
1.0,3
1.0,3
3.0,3
3.0,3
1.0,1
1.0,3
1.0,3
1.0,1
3.0,2
1.0,1
1.0,2
2.0,1
1.0,1
1.0,3
1.0,3
2.0,3
2.0,1
1.0,1
1.0,3
1.0,3
3.0,3
1.0,3
1.0,3
1.0,1
3.0,1
3.0,3
1.0,1
3.0,2
3.0,3
1.0,1
3.0,2
1.0,1
3.0,2
1.0,1
3.0,2
1.0,1
3.0,2
3.0,3
1.0,1
3.0,2
1.0,1
3.0,2
1.0,1
3.0,2
1.0,1
2.0,2
1.0,1
2.0,1
1.0,1
1.0,1
1.0,1
3.0,1
3.0,3
1.0,1
3.0,2
1.0,1
3.0,2
1.0,1
1.0,2
1.0,1
1.0,1
1.0,1
1.0,1
1.0,1
3.0,1
3.0,3
1.0,1
3.0,2
1.0,1
3.0,2
1.0,1
3.0,2
1.0,1
3.0,2
3.0,1
1.0,1
3.0,2
3.0,3
1.0,1
2.0,2
1.0,1
1.0,1
1.0,1
1.0,1
1.0,1
3.0,1
3.0,3
1.0,3
3.0,3
3.0,3
1.0,1
3.0,2
1.0,1
3.0,2
3.0,1
1.0,1
3.0,2
1.0,1
1.0,2
3.0,1
3.0,3
1.0,1
3.0,2
3.0,3
1.0,1
2.0,2
1.0,1
1.0,1
1.0,1
1.0,3
1.0,3
3.0,3
3.0,3
1.0,1
3.0,2
1.0,1
2.0,2
1.0,1
3.0,1
3.0,3
1.0,1
3.0,2
1.0,1
2.0,2
1.0,1
1.0,1
1.0,1
3.0,1
3.0,3
1.0,3
2.0,1
1.0,1
1.0,1
3.0,1
3.0,3
1.0,1
3.0,2
1.0,1
3.0,2
1.0,1
3.0,2
3.0,3
1.0,1
1.0,2
3.0,1
1.0,1
3.0,2
1.0,1
3.0,2
1.0,1
1.0,2
3.0,1
3.0,3
1.0,1
2.0,2
1.0,1
1.0,1
1.0,1
1.0,3
3.0,3
3.0,3
1.0,1
3.0,2
2.0,1
1.0,1
3.0,2
3.0,3
1.0,1
2.0,2
1.0,1
1.0,3
1.0,3
2.0,3
1.0,1
3.0,1
1.0,1
3.0,2
1.0,1
3.0,2
1.0,1
3.0,2
1.0,1
2.0,2
1.0,1
1.0,1
3.0,1
3.0,3
1.0,1
3.0,2
1.0,1
1.0,2
2.0,1
1.0,1
1.0,3
3.0,3
3.0,3
1.0,1
3.0,2
1.0,1
3.0,2
1.0,1
3.0,2
3.0,3
1.0,1
3.0,2
3.0,3
1.0,1
2.0,2
1.0,1
3.0,1
3.0,3
1.0,1
3.0,2
1.0,1
3.0,2
1.0,3
2.0,2
1.0,1
2.0,1
1.0,1
1.0,3
1.0,1
1.0,3
2.0,1
1.0,1
3.0,1
3.0,3
1.0,1
3.0,2
1.0,1
3.0,2
1.0,1
3.0,2
1.0,1
2.0,2
2.0,1
2.0,1
1.0,1
3.0,1
3.0,3
1.0,1
2.0,2
1.0,1
1.0,1
1.0,3
3.0,3
3.0,3
1.0,1
2.0,2
1.0,1
1.0,1
1.0,1
3.0,3
3.0,3
1.0,1
2.0,2
1.0,1
3.0,1
3.0,3
1.0,1
3.0,2
1.0,1
2.0,2
1.0,1
1.0,1
1.0,1
1.0,3
3.0,3
3.0,3
1.0,1
3.0,2
1.0,1
3.0,2
3.0,3
1.0,1
2.0,2
2.0,1
1.0,1
2.0,1
1.0,1
1.0,3
1.0,3
3.0,3
1.0,3
2.0,3
1.0,3
2.0,1
1.0,3
1.0,3
3.0,3
3.0,3
1.0,1
1.0,2
3.0,1
3.0,3
1.0,1
2.0,3
1.0,1
3.0,3
1.0,1
3.0,2
1.0,1
3.0,2
1.0,3
3.0,1
3.0,3
1.0,1
3.0,2
1.0,3
3.0,2
3.0,3
1.0,1
3.0,2
3.0,3
1.0,1
3.0,2
1.0,1
3.0,2
1.0,1
3.0,2
1.0,1
1.0,2
2.0,1
1.0,1
1.0,1
2.0,1
1.0,1
2.0,3
1.0,1
1.0,3
1.0,1
2.0,3
1.0,1
1.0,1
1.0,3
2.0,1
1.0,1
2.0,1
1.0,1
1.0,1
2.0,3
1.0,1
1.0,3
1.0,3
3.0,1
3.0,3
1.0,1
1.0,2
3.0,1
3.0,3
1.0,1
3.0,2
1.0,3
3.0,2
3.0,3
1.0,1
3.0,2
3.0,3
1.0,1
3.0,2
1.0,1
3.0,2
1.0,1
2.0,2
1.0,1
3.0,3
3.0,3
1.0,1
3.0,2
3.0,3
1.0,1
3.0,2
1.0,1
2.0,2
1.0,1
1.0,1
3.0,1
3.0,3
2.0,1
1.0,1
3.0,1
1.0,1
3.0,2
1.0,1
3.0,2
1.0,1
2.0,2
1.0,1
1.0,1
3.0,3
3.0,3
1.0,1
1.0,2
2.0,1
1.0,1
1.0,1
2.0,1
1.0,1
1.0,1
1.0,1
2.0,1
1.0,1
1.0,1
1.0,3
2.0,1
2.0,1
1.0,1
3.0,1
1.0,1
1.0,2
3.0,1
3.0,3
1.0,1
3.0,2
3.0,3
1.0,1
2.0,2
1.0,1
1.0,1
1.0,3
1.0,3
3.0,3
3.0,3
1.0,1
3.0,2
1.0,1
3.0,2
1.0,1
1.0,2
3.0,1
3.0,3
1.0,1
3.0,2
3.0,3
1.0,1
3.0,2
1.0,1
2.0,2
1.0,1
1.0,1
3.0,3
3.0,3
1.0,1
1.0,2
3.0,1
3.0,3
1.0,1
3.0,2
1.0,1
2.0,2
1.0,1
1.0,1
3.0,3
3.0,3
1.0,1
2.0,2
1.0,1
1.0,3
3.0,3
3.0,3
1.0,1
3.0,2
1.0,3
1.0,1
1.0,3
3.0,3
3.0,3
1.0,1
3.0,2
3.0,3
1.0,1
3.0,2
3.0,3
1.0,1
3.0,2
3.0,3
1.0,1
3.0,2
3.0,3
1.0,1
2.0,2
1.0,1
3.0,1
3.0,3
1.0,1
1.0,2
1.0,1
1.0,3
1.0,1
1.0,1
1.0,3
3.0,3
3.0,3
1.0,1
3.0,2
1.0,1
2.0,2
1.0,1
3.0,1
3.0,3
1.0,1
1.0,2
2.0,1
1.0,1
1.0,3
3.0,3
3.0,3
1.0,1
2.0,2
1.0,1
1.0,1
3.0,3
3.0,3
1.0,1
3.0,2
1.0,1
3.0,2
1.0,1
3.0,2
1.0,1
3.0,2
1.0,1
3.0,2
1.0,1
2.0,2
1.0,1
3.0,1
3.0,3
1.0,1
2.0,2
1.0,1
3.0,1
3.0,3
1.0,1
1.0,2
2.0,1
1.0,1
3.0,1
3.0,3
1.0,1
3.0,2
1.0,1
3.0,2
1.0,1
1.0,2
2.0,1
1.0,1
1.0,1
1.0,1
1.0,1
1.0,1
3.0,1
3.0,3
1.0,1
2.0,2
1.0,1
3.0,3
3.0,3
1.0,1
3.0,2
1.0,1
3.0,2
3.0,3
1.0,1
3.0,2
1.0,1
2.0,2
1.0,1
3.0,1
3.0,3
1.0,1
3.0,2
1.0,1
2.0,2
1.0,1
1.0,3
1.0,3
3.0,3
3.0,3
1.0,1
3.0,2
1.0,1
1.0,2
2.0,1
1.0,1
2.0,1
1.0,1
1.0,3
1.0,3
1.0,1
3.0,3
3.0,3
1.0,1
3.0,2
1.0,1
3.0,2
1.0,1
1.0,2
2.0,1
1.0,1
1.0,1
2.0,1
1.0,1
2.0,3
3.0,1
1.0,1
3.0,2
3.0,3
1.0,1
2.0,2
1.0,1
1.0,1
1.0,1
3.0,2
1.0,1
3.0,2
