y_true,y_pred
0.0,-0.0114470115
0.0,-0.017413147
0.0,-0.0114470115
0.0,-0.017413147
0.0,0.017130494
0.0,0.019910626
0.0,0.04837444
0.0,0.04629099
0.0,0.03383194
0.0,-0.0043415455
0.0,-0.0114470115
0.0,-0.017413147
0.0,-0.0114470115
0.0,-0.017413147
0.0,0.017130494
0.0,0.019910626
0.0,0.04837444
0.0,0.04629099
0.0,0.021496661
0.0,0.019090606
0.0,0.09747525
2.0,0.07081363
0.0,0.02648473
0.0,0.011242582
0.0,0.106745794
0.0,-0.039976943
0.0,0.102380335
0.0,-0.022055384
0.0,0.06146043
0.0,2.1127439
0.0,1.2789786
0.0,0.06906307
0.0,0.014994552
0.0,-0.029425366
0.0,-0.01811573
0.0,0.011431432
0.0,0.09092785
0.0,0.98415416
7.0,2.136836
0.0,0.015449033
0.0,1.9015768
0.0,0.045463014
3.0,0.48996475
0.0,0.013920603
0.0,0.5407493
0.0,0.018964326
17.0,0.19840823
0.0,0.049256705
1.0,0.07376975
0.0,0.040851403
0.0,0.101502225
0.0,-0.0114470115
0.0,-0.017413147
0.0,0.013804481
0.0,0.01909547
0.0,0.02492466
0.0,0.0330601
0.0,0.032307968
0.0,0.032466725
0.0,0.023434507
0.0,0.020801501
0.0,0.024408698
0.0,0.05526575
0.0,-0.008833006
0.0,-0.010455164
0.0,-0.011321973
0.0,-0.014897632
0.0,-0.010703341
0.0,-0.04191631
0.0,0.4468462
0.0,0.60986555
0.0,-0.026137479
0.0,-0.025146568
0.0,-0.025637299
0.0,-0.023733374
0.0,-0.022181487
0.0,0.33197212
0.0,0.44326442
0.0,1.308271
0.0,1.6183258
7.0,1.4790024
0.0,0.17572787
5.0,1.4028313
0.0,0.15987556
1.0,1.2783688
0.0,0.030675625
0.0,0.070497006
0.0,0.07479483
0.0,-0.0114470115
0.0,-0.017413147
0.0,0.017130494
0.0,0.019910626
0.0,0.04837444
0.0,0.008183443
0.0,0.0011201799
0.0,0.00657998
0.0,-0.0066443486
0.0,0.0056143505
0.0,0.011274374
0.0,0.20745957
0.0,0.035231985
7.0,4.7426405
0.0,0.075095825
2.0,1.8206012
0.0,0.027151644
0.0,0.08349819
0.0,0.01865168
0.0,1.6537671
0.0,0.01673192
0.0,0.08078776
0.0,0.019877948
0.0,0.017748391
0.0,0.009280469
0.0,0.010570627
0.0,0.008031476
0.0,-0.0114470115
0.0,-0.017413147
0.0,0.017130494
0.0,0.019910626
0.0,0.04769985
1.0,0.026870536
0.0,0.026913194
0.0,0.13159226
0.0,0.027409753
0.0,0.51631445
0.0,0.04024607
0.0,0.008145167
0.0,0.018073654
0.0,-0.006735442
0.0,-0.010000252
0.0,0.010716692
0.0,-0.011888726
0.0,0.36630347
0.0,0.33782032
0.0,3.154218
0.0,1.9737271
7.0,1.6908654
0.0,0.016226903
0.0,1.2110063
0.0,0.050085213
0.0,0.6411468
0.0,0.041926544
0.0,0.07530157
0.0,0.024258986
0.0,0.50356406
0.0,0.082523815
0.0,0.03895647
0.0,0.030507294
0.0,0.03219334
0.0,0.028058175
0.0,0.03786003
0.0,0.029927295
0.0,-0.0114470115
0.0,-0.017413147
0.0,0.017130494
0.0,0.019910626
0.0,0.04837444
0.0,-0.00022981166
0.0,-0.0114470115
0.0,-0.017413147
0.0,0.017130494
0.0,0.019910626
0.0,0.058194634
0.0,0.057614177
0.0,0.04033093
0.0,0.042706184
0.0,0.063029826
0.0,0.065835744
0.0,0.059893727
0.0,0.06807281
0.0,0.05905478
0.0,0.007002467
0.0,-0.018781682
0.0,-0.0038794144
0.0,-0.009476438
0.0,-0.020294989
0.0,0.015025001
6.0,3.9815004
0.0,0.019696724
0.0,1.9143105
0.0,0.049264506
1.0,1.0119219
0.0,0.028220046
0.0,0.06696857
0.0,0.025945818
0.0,0.55942583
0.0,0.023971697
0.0,0.03535738
0.0,0.025010865
0.0,0.029140813
0.0,-0.0011024728
0.0,-0.0114470115
0.0,-0.017413147
0.0,0.017130494
0.0,0.019910626
0.0,0.04837444
0.0,0.04629099
0.0,0.03383194
0.0,0.035937507
0.0,0.03828968
0.0,0.031271055
0.0,0.050293695
0.0,0.06156009
0.0,0.04786172
0.0,0.006428292
0.0,-0.02238409
0.0,0.030187454
0.0,0.028629284
0.0,0.029862368
0.0,0.02437711
0.0,0.18322147
0.0,0.3689528
0.0,-0.0049667894
0.0,-0.007460165
0.0,0.002359344
0.0,0.011351257
0.0,0.05234034
0.0,0.06014626
0.0,1.494672
0.0,0.080628425
0.0,0.09022471
0.0,0.08497119
0.0,0.09768265
0.0,0.13513859
0.0,0.13086951
0.0,0.13008907
7.0,0.123183385
0.0,0.022861345
1.0,0.75767726
0.0,0.022473006
7.0,0.54796106
0.0,0.060922027
1.0,0.26101756
0.0,0.021961909
1.0,0.32560182
0.0,0.03220294
5.0,0.4116934
0.0,0.03096403
0.0,0.06953596
0.0,0.015721783
1.0,0.93151826
0.0,0.026049223
0.0,0.059160948
0.0,0.042138927
0.0,0.1156975
0.0,0.055166982
0.0,0.1075837
0.0,0.042207804
0.0,0.08456337
0.0,0.058527827
0.0,0.04996924
0.0,0.056929886
0.0,0.06383381
0.0,0.10777952
0.0,0.08993673
0.0,0.11937844
0.0,0.12598439
0.0,0.08899553
0.0,0.090348154
0.0,0.06164424
1.0,0.052629758
0.0,0.06321206
0.0,0.076687835
0.0,0.022533651
0.0,0.034226004
0.0,0.030433504
0.0,-0.0114470115
0.0,-0.017413147
0.0,0.013804481
0.0,0.01909547
0.0,-0.012141361
0.0,-0.0114470115
0.0,-0.017413147
0.0,0.017130494
0.0,0.019910626
0.0,0.04837444
0.0,0.008183443
0.0,0.0011201799
0.0,0.00657998
0.0,-0.0066443486
0.0,0.0056143505
0.0,0.011274374
0.0,0.20745957
0.0,0.035231985
0.0,-0.04450012
0.0,-0.045408472
0.0,0.009214986
0.0,0.008630324
0.0,-0.034918755
0.0,-0.0044804662
0.0,0.0339492
0.0,-0.0018907025
0.0,-0.013891395
0.0,-0.019039815
0.0,-0.016636165
0.0,-0.020958383
0.0,0.01559725
0.0,0.026839277
0.0,-0.004354465
0.0,-0.012681971
0.0,-0.016992256
0.0,-0.013440714
0.0,-0.011452838
0.0,0.050996605
0.0,0.05262013
7.0,0.055920202
0.0,0.012851163
9.0,0.8361878
0.0,0.01900825
7.0,0.46696043
0.0,0.015220159
0.0,0.07824119
0.0,0.017435389
1.0,0.72321343
0.0,0.020257244
0.0,0.051907517
0.0,0.025280904
0.0,0.06217548
0.0,0.031165648
0.0,0.039991483
0.0,0.0309121
0.0,0.0676029
0.0,0.06619703
0.0,0.074467234
0.0,0.06618013
0.0,0.07193812
0.0,0.062719256
0.0,0.06666585
0.0,0.07030038
0.0,0.07010137
0.0,0.060696673
0.0,0.07084456
0.0,0.0658245
0.0,0.08964063
0.0,0.089786924
0.0,0.0885485
0.0,0.1034407
0.0,0.094549514
0.0,0.0975593
0.0,-0.0114470115
0.0,-0.017413147
0.0,0.017130494
0.0,0.019910626
0.0,0.058194634
0.0,0.057614177
0.0,0.028659454
0.0,-0.00789329
0.0,-0.04959648
0.0,-0.07740265
0.0,-0.081720136
0.0,-0.084637314
0.0,-0.08741963
7.0,6.312895
0.0,0.23380692
2.0,2.1870914
0.0,0.025857104
0.0,1.3584925
0.0,0.03456198
1.0,1.2061481
0.0,0.030990072
0.0,0.058387514
0.0,0.017813165
1.0,0.12733874
0.0,0.03025742
0.0,0.038180526
0.0,0.03905932
0.0,0.10899611
0.0,0.11332415
0.0,0.12210964
0.0,0.12441459
0.0,0.14690799
0.0,0.13591883
0.0,0.15812953
0.0,0.10380835
0.0,0.06275029
0.0,0.08866981
0.0,0.080474965
0.0,0.070106916
0.0,-0.009370322
0.0,-0.012049204
0.0,-0.0114470115
0.0,-0.017413147
0.0,-0.0114470115
0.0,-0.017413147
0.0,0.017130494
0.0,0.019910626
0.0,0.04837444
0.0,0.008183443
0.0,0.0011201799
0.0,0.00657998
0.0,-0.0066443486
0.0,0.0056143505
0.0,0.011274374
7.0,0.20745957
0.0,0.40042937
6.0,1.6914908
0.0,0.052840825
4.0,1.6100005
0.0,0.021833932
0.0,1.3228277
0.0,0.026925582
0.0,1.2467054
0.0,0.024340631
4.0,1.0609049
0.0,0.022770885
0.0,1.4049603
0.0,0.030910378
0.0,0.052063007
0.0,0.05047254
0.0,-0.0114470115
0.0,-0.017413147
0.0,0.017130494
0.0,0.019910626
0.0,0.04837444
0.0,0.04629099
0.0,0.024838962
0.0,-0.006368002
0.0,-0.037501857
0.0,-0.07003566
0.0,-0.07239138
0.0,-0.07369086
0.0,-0.08283223
7.0,6.340436
0.0,0.16868395
0.0,0.018046852
0.0,0.06816413
0.0,-0.0114470115
0.0,-0.017413147
0.0,0.017130494
0.0,0.019910626
0.0,0.04837444
1.0,0.04629099
0.0,0.019745462
0.0,0.13599175
0.0,0.019828476
0.0,0.15059589
0.0,0.033949506
0.0,0.43804726
0.0,0.038155068
0.0,2.19373
0.0,1.7034277
0.0,0.12512222
0.0,0.107252486
0.0,0.05010254
0.0,0.054539256
0.0,0.07988764
0.0,0.09549875
0.0,1.9361551
0.0,2.4547453
0.0,0.9571449
0.0,0.060141042
0.0,0.045727048
0.0,0.05702222
0.0,1.0592366
7.0,1.2759796
0.0,0.052394018
2.0,1.1994538
0.0,0.024922127
4.0,0.5418894
0.0,0.039903075
1.0,0.17105341
0.0,0.031057911
0.0,0.29874757
0.0,0.027688328
0.0,0.08087698
0.0,0.02416232
4.0,0.09469644
0.0,-5.0131974e-05
10.0,0.51314646
0.0,0.09332676
0.0,0.085129134
0.0,-0.0114470115
0.0,-0.017413147
0.0,0.013804481
0.0,0.017326714
0.0,0.023195196
0.0,0.010890621
0.0,0.011761888
0.0,0.009598335
0.0,0.0056058136
0.0,0.0021444021
0.0,-0.026380438
0.0,-0.0114470115
0.0,-0.017413147
0.0,-0.0114470115
0.0,-0.017413147
0.0,0.017130494
0.0,0.019910626
0.0,0.05236139
0.0,0.01939773
0.0,0.013987986
2.0,0.039063092
0.0,0.020269733
0.0,0.5412863
0.0,0.06316061
0.0,0.114592426
0.0,0.07168102
0.0,0.30311286
0.0,0.052632038
0.0,0.61145294
0.0,0.77595526
0.0,1.4038814
0.0,1.4277011
0.0,1.4287245
0.0,0.3264894
0.0,0.28071582
0.0,0.32619184
1.0,0.20351234
0.0,0.019207107
11.0,3.6984973
0.0,0.07150656
11.0,0.31541026
0.0,0.057972677
0.0,-0.0114470115
0.0,-0.017413147
0.0,0.017130494
0.0,0.019910626
0.0,0.04769985
0.0,0.0084474785
0.0,8.273422e-05
0.0,-0.01696994
0.0,-0.04702739
0.0,-0.06317782
0.0,-0.053006824
0.0,4.8957505
0.0,0.0002067849
7.0,5.25254
0.0,0.20866409
8.0,2.3795154
0.0,0.05420062
1.0,0.9721248
0.0,0.035633676
1.0,0.8347915
0.0,0.033994116
1.0,0.95403695
0.0,0.03029704
5.0,0.39324135
0.0,0.020707013
4.0,1.2072817
0.0,0.022910615
0.0,0.8793027
0.0,0.02982275
0.0,0.2767704
0.0,-0.0114470115
0.0,-0.017413147
0.0,-0.0114470115
0.0,-0.017413147
0.0,0.013804481
1.0,0.017326714
0.0,0.08235992
0.0,0.06389671
0.0,0.044619028
0.0,0.03467696
0.0,0.07440426
0.0,0.06488321
0.0,0.04190714
0.0,0.24668817
0.0,-0.004764843
0.0,-0.0114470115
0.0,-0.017413147
0.0,0.013804481
0.0,0.0043555032
0.0,-0.01988423
0.0,-0.0114470115
0.0,-0.017413147
0.0,0.013804481
0.0,0.017326714
0.0,-0.015021404
0.0,-0.0114470115
0.0,-0.017413147
0.0,0.017130494
0.0,0.019910626
0.0,0.04769985
0.0,0.026870536
0.0,0.023190306
0.0,-0.01589908
0.0,-0.042295046
0.0,-0.054369252
0.0,-0.052045275
0.0,-0.05490277
0.0,-0.004800865
0.0,5.4996967
0.0,0.7672211
8.0,4.81551
0.0,0.040255014
0.0,1.3723099
0.0,0.11479655
4.0,0.68580925
0.0,0.027832264
3.0,1.1514391
0.0,0.020722872
1.0,0.8871361
0.0,0.031883124
0.0,0.05860537
0.0,0.058046974
0.0,-0.0114470115
0.0,-0.017413147
0.0,-0.0114470115
0.0,-0.017413147
0.0,0.017130494
0.0,0.019910626
0.0,0.04769985
2.0,0.026870536
0.0,0.023884656
0.0,0.86184806
0.0,0.02700173
0.0,1.3241018
0.0,0.034386963
0.0,2.7870736
0.0,0.062836945
0.0,1.5294378
0.0,0.44986036
0.0,0.5971122
0.0,0.24500167
0.0,0.37684888
0.0,0.14694576
1.0,0.14782257
0.0,0.006343582
3.0,4.180171
0.0,0.015656577
19.0,4.6826453
0.0,0.15229718
0.0,-0.0114470115
0.0,-0.017413147
0.0,0.017130494
0.0,0.019910626
0.0,0.05236139
0.0,0.010256764
0.0,-0.010639986
0.0,-0.026519561
0.0,-0.050732594
0.0,-0.07153288
0.0,-0.07837512
7.0,6.3844056
0.0,0.4498775
2.0,2.5210564
0.0,0.06423856
3.0,1.230141
0.0,0.08550694
2.0,1.2525759
0.0,0.02488038
0.0,0.06432249
0.0,0.014345319
0.0,0.9192118
0.0,0.005841705
0.0,0.029042905
0.0,0.011765384
0.0,0.08074632
0.0,0.04869849
0.0,0.11944395
0.0,0.1525269
0.0,0.1215388
0.0,0.0645314
0.0,0.06473831
0.0,0.06055859
0.0,0.04083633
0.0,0.05695874
0.0,0.034953766
0.0,0.023814334
0.0,-0.0114470115
0.0,-0.017413147
0.0,0.017130494
0.0,0.019910626
0.0,0.04769985
2.0,0.026870536
0.0,0.029990522
0.0,0.7590158
0.0,0.032125857
1.0,1.3252714
0.0,0.03977758
0.0,0.030865362
0.0,0.08677229
0.0,-0.013474634
0.0,0.04502596
0.0,0.0009312287
0.0,0.054788396
0.0,0.1555374
0.0,0.17631802
7.0,1.0087645
0.0,0.03563773
1.0,1.4149078
0.0,0.036505602
0.0,0.9829912
0.0,0.057972625
4.0,0.8962142
0.0,0.039100636
1.0,0.28667533
0.0,0.025266362
0.0,1.0171702
0.0,0.056784935
0.0,0.2631857
0.0,0.024493333
4.0,0.5762341
0.0,0.01586886
0.0,2.0312343
0.0,0.05139429
3.0,1.4120485
0.0,0.037053533
6.0,2.11318
0.0,0.024460655
0.0,0.34190422
0.0,-0.0114470115
0.0,-0.017413147
0.0,0.013804481
0.0,0.016205244
0.0,0.014626048
0.0,0.017593587
0.0,0.008535862
0.0,0.0060347854
0.0,0.010938042
0.0,0.011672694
0.0,0.01504248
0.0,0.051723987
0.0,0.039186686
0.0,0.11979173
0.0,0.09437829
0.0,0.11559686
0.0,0.07214209
0.0,0.069131054
0.0,-0.0033127635
0.0,-0.00398401
0.0,-0.014222231
0.0,-0.040818423
0.0,-0.04518003
0.0,-0.052742384
7.0,0.9433069
0.0,0.028066508
2.0,1.2982688
0.0,0.030761704
4.0,0.49992
0.0,0.034850992
0.0,1.379276
0.0,0.027052825
0.0,0.022742284
0.0,0.025607053
0.0,-0.0114470115
0.0,-0.017413147
0.0,0.017130494
0.0,0.019910626
0.0,0.04837444
0.0,0.04629099
0.0,0.03383194
0.0,0.035937507
0.0,0.056977917
0.0,0.0032737015
0.0,0.009853302
0.0,0.007305513
0.0,0.00018573402
0.0,0.0025939434
0.0,-0.05321006
7.0,0.47739628
0.0,0.023400461
5.0,2.0401835
0.0,0.020037008
4.0,0.68905437
0.0,0.021247344
0.0,0.65710306
0.0,0.022824666
0.0,0.4640008
0.0,0.020655893
0.0,0.8351605
0.0,0.01066395
1.0,0.3577248
0.0,0.08190541
4.0,0.88427836
0.0,0.04186078
3.0,1.983756
0.0,0.046068523
1.0,2.0927305
0.0,0.012956823
0.0,0.015572983
0.0,0.062141433
0.0,-0.0114470115
0.0,-0.017413147
0.0,0.017130494
0.0,0.019910626
0.0,0.04837444
1.0,0.04629099
0.0,0.017347233
0.0,0.042017154
0.0,0.06424857
0.0,0.016491622
0.0,0.054821555
0.0,0.018486159
0.0,0.059967797
3.0,0.9113068
0.0,0.026636265
0.0,0.032393515
0.0,0.029669365
3.0,3.9980671
0.0,0.009313097
0.0,0.585462
0.0,0.01053762
0.0,0.05721738
0.0,0.012547129
0.0,0.048663456
0.0,0.016126689
0.0,0.08800974
0.0,0.050662704
0.0,0.08237593
0.0,0.06893813
0.0,0.06782076
0.0,0.052054036
0.0,0.091583796
0.0,0.113596246
0.0,0.12809138
0.0,0.16019662
0.0,0.13312952
0.0,0.14172785
0.0,0.12851675
0.0,0.15375446
0.0,0.16316073
3.0,0.15328397
0.0,0.12659283
0.0,0.15412037
0.0,0.15218556
0.0,0.18164127
0.0,0.038374163
0.0,0.05683256
0.0,0.043220196
0.0,-0.026685106
0.0,-0.01426418
0.0,-0.030733662
0.0,-0.026447188
0.0,-0.0114470115
0.0,-0.017413147
0.0,0.017130494
0.0,0.019910626
0.0,0.05236139
0.0,0.010256764
0.0,-0.010639986
0.0,-0.026519561
0.0,-0.050732594
0.0,-0.07153288
0.0,-0.07837512
7.0,6.3844056
0.0,0.42035756
0.0,0.06818217
0.0,0.055225577
0.0,-0.0114470115
0.0,-0.017413147
0.0,0.013804481
0.0,0.040765148
0.0,0.040355988
0.0,0.039897654
0.0,0.025358293
0.0,0.024531431
0.0,0.000998181
0.0,-0.0114470115
0.0,-0.017413147
0.0,0.013804481
0.0,0.040765148
0.0,-0.011826789
0.0,-0.0114470115
0.0,-0.017413147
0.0,0.013804481
0.0,0.016205244
0.0,0.04035001
0.0,0.033032488
0.0,0.027323725
0.0,0.026382212
0.0,0.010485258
0.0,0.0098284
0.0,0.018947937
0.0,0.08228043
0.0,-0.023378447
0.0,-0.028063672
0.0,-0.03334435
0.0,-0.047065895
0.0,-0.03514482
0.0,-0.06378528
8.0,3.2348557
0.0,0.049956854
2.0,0.8267442
0.0,0.053193394
0.0,0.18757373
0.0,0.03970655
1.0,0.35274914
0.0,0.03652379
0.0,0.06842449
0.0,0.07577599
0.0,0.10404571
0.0,0.043238234
0.0,0.020621847
0.0,-0.0114470115
0.0,-0.017413147
0.0,0.013804481
0.0,0.016205244
0.0,-0.010247644
0.0,-0.0114470115
0.0,-0.017413147
0.0,0.013804481
0.0,0.016205244
0.0,0.04035001
0.0,0.033032488
0.0,0.027323725
0.0,0.026382212
0.0,-0.0017215102
0.0,-0.029514737
0.0,-0.030422028
0.0,-0.044146992
0.0,-0.04070501
0.0,-0.058822818
5.0,3.6218698
0.0,0.032509636
0.0,0.010291088
0.0,0.03486959
4.0,2.82921
0.0,0.013940616
0.0,0.04901534
0.0,0.03269894
0.0,0.092137605
0.0,0.035805274
0.0,0.06569898
0.0,0.02677625
0.0,0.0042074886
0.0,-0.037586544
0.0,-0.02798874
0.0,-0.036175855
0.0,-0.0114470115
0.0,-0.017413147
0.0,0.013804481
0.0,0.016205244
0.0,0.04035001
0.0,0.033032488
0.0,0.027323725
0.0,0.026382212
0.0,-0.0017215102
0.0,-0.029514737
0.0,-0.030422028
0.0,-0.044146992
0.0,-0.04070501
0.0,-0.058822818
0.0,3.6218698
0.0,2.673483
0.0,3.5116997
0.0,3.10699
8.0,2.715095
0.0,0.02655576
0.0,1.1957133
0.0,0.039800152
0.0,0.18989073
0.0,0.062327597
0.0,0.07455273
0.0,0.054809522
0.0,0.05622801
0.0,0.046752434
0.0,0.059492897
7.0,0.04414132
0.0,0.038530894
0.0,0.32010883
0.0,0.059104104
2.0,0.8934204
0.0,0.0734577
0.0,0.07729428
0.0,0.029213464
1.0,0.20314926
0.0,0.09082333
0.0,0.042153165
0.0,0.03917706
0.0,-0.0114470115
0.0,-0.017413147
0.0,0.017130494
0.0,0.019910626
0.0,0.04837444
0.0,0.008183443
0.0,0.0024703993
0.0,0.007301232
0.0,-0.0061108824
0.0,0.005916941
0.0,0.018790549
5.0,0.2125541
0.0,0.053787075
0.0,0.12695055
0.0,0.046658784
3.0,3.530648
0.0,0.029423973
0.0,0.095483
0.0,0.053944387
0.0,0.14560622
0.0,0.10660966
0.0,0.28803426
0.0,0.16616052
0.0,0.17141521
0.0,0.15132907
0.0,0.171928
5.0,0.15871774
0.0,0.19990022
0.0,0.1301424
0.0,0.21355061
0.0,1.5732278
0.0,0.14681458
0.0,0.028813904
0.0,0.04933442
0.0,0.048805263
0.0,0.014019018
0.0,0.009479098
0.0,0.0062263454
0.0,0.008915082
0.0,-0.0114470115
0.0,-0.017413147
0.0,0.017130494
0.0,0.019910626
0.0,0.04837444
2.0,0.04629099
0.0,0.02118437
0.0,0.05081011
0.0,0.058723718
0.0,0.009236823
0.0,0.06624569
0.0,0.0029084652
0.0,0.046318777
0.0,1.8938979
0.0,0.8755601
7.0,2.8605666
0.0,0.027939368
2.0,1.8363152
0.0,0.056015324
0.0,0.099461384
0.0,0.039061572
1.0,0.9094133
0.0,0.020210026
0.0,0.021068526
0.0,0.03009446
0.0,0.04650707
0.0,0.06993643
0.0,0.1212082
0.0,0.07100679
0.0,0.10974094
0.0,0.010554719
0.0,-0.0044749943
0.0,-0.0114470115
0.0,-0.017413147
0.0,0.013804481
0.0,0.016205244
0.0,0.04035001
0.0,0.033032488
0.0,0.027323725
0.0,0.025157562
1.0,0.022461025
0.0,0.040280268
0.0,-0.029242672
0.0,-0.0114470115
0.0,-0.017413147
0.0,0.017130494
0.0,0.019910626
0.0,0.05236139
0.0,0.010256764
0.0,-0.010639986
0.0,-0.026519561
0.0,-0.050732594
0.0,-0.07153288
0.0,-0.07837512
5.0,6.3844056
0.0,0.04208935
0.0,0.0005239412
0.0,0.42602584
2.0,3.776564
0.0,0.0196873
0.0,0.049991786
0.0,0.031921934
0.0,0.04051003
0.0,0.032319494
0.0,0.14407347
0.0,0.124510065
0.0,0.18333767
0.0,0.052239772
0.0,0.0689168
0.0,0.044797212
0.0,0.037220925
0.0,0.039895274
0.0,0.041001115
0.0,0.03600613
0.0,0.09244257
1.0,0.07518413
0.0,0.0981313
0.0,0.090103164
0.0,0.13725726
0.0,0.053677335
0.0,0.039718278
0.0,0.05252435
0.0,0.038745783
0.0,0.051806163
0.0,0.07484463
1.0,0.055979025
0.0,0.048271798
0.0,0.050463215
0.0,0.050779384
1.0,0.08183048
0.0,0.052037243
0.0,0.08608818
0.0,0.18479623
0.0,0.07050395
0.0,0.08073624
0.0,0.05167021
0.0,0.065601625
0.0,0.0734613
0.0,-0.034965444
0.0,-0.027018271
0.0,-0.032205448
0.0,-0.030928541
0.0,-0.0114470115
0.0,-0.017413147
0.0,0.013804481
0.0,0.016121775
0.0,0.022384193
0.0,0.014541085
0.0,0.013645548
0.0,0.012271112
0.0,-0.010672614
0.0,-0.027466064
0.0,-0.035256483
0.0,-0.04273595
0.0,-0.043382525
0.0,-0.03394816
0.0,4.2792177
0.0,2.4826968
0.0,4.9072666
0.0,4.382154
5.0,3.9299302
0.0,0.02629593
0.0,-0.0045010354
0.0,0.052188627
0.0,1.0417928
0.0,0.03467671
0.0,0.060953237
0.0,0.03499511
2.0,0.041446097
0.0,0.16592774
0.0,0.18522164
0.0,0.19393523
0.0,0.19877031
0.0,0.05475721
0.0,0.06384574
0.0,0.053028636
0.0,0.06488194
0.0,0.05232952
0.0,0.104666136
0.0,0.093211174
0.0,0.10616853
0.0,0.09247814
0.0,0.09013638
0.0,0.08744167
0.0,0.06424467
0.0,0.09270304
0.0,0.08285635
0.0,0.088307664
0.0,0.0896095
0.0,0.09480772
0.0,0.092390314
0.0,0.076526016
0.0,0.09310952
0.0,0.09785212
0.0,0.09173518
0.0,0.07398051
0.0,0.13364372
0.0,0.079393364
0.0,0.10836431
0.0,0.10143953
0.0,0.08999492
0.0,0.10365595
0.0,0.09496764
0.0,0.09721676
0.0,0.1237744
0.0,0.108931616
0.0,0.108853616
0.0,0.107872
0.0,0.08343288
0.0,0.105459206
0.0,0.106275685
0.0,0.10381255
0.0,0.0880872
0.0,0.09097221
0.0,0.089603364
0.0,0.0847713
0.0,0.08341231
0.0,0.102547474
0.0,0.059320666
0.0,0.07123381
0.0,0.0100041535
0.0,0.0121336095
0.0,-0.0114470115
0.0,-0.017413147
0.0,0.013804481
0.0,0.016205244
0.0,-0.010247644
0.0,-0.0114470115
0.0,-0.017413147
0.0,-0.0114470115
0.0,-0.017413147
0.0,0.013804481
0.0,0.016205244
0.0,0.04035001
0.0,0.033032488
0.0,0.027323725
0.0,0.025157562
0.0,0.022461025
0.0,0.015199893
0.0,-0.018564334
0.0,-0.0114470115
0.0,-0.017413147
0.0,0.017130494
0.0,0.019910626
0.0,0.04837444
2.0,0.04629099
0.0,0.022592295
0.0,0.57475615
0.0,0.033266276
0.0,0.17531389
0.0,0.039327558
0.0,1.597156
0.0,0.048478328
2.0,2.4448164
0.0,0.01615078
4.0,2.5401728
0.0,0.024639523
19.0,4.398947
0.0,0.053894255
0.0,-0.0114470115
0.0,-0.017413147
0.0,0.017130494
0.0,0.019910626
0.0,0.04837444
0.0,0.04629099
0.0,0.021496661
0.0,0.019090606
0.0,0.09720988
0.0,-0.04108727
0.0,-0.04357125
0.0,-0.060923167
0.0,-0.07537837
0.0,-0.07933392
0.0,-0.021486377
3.0,5.0830626
0.0,0.037163068
5.0,1.2740425
0.0,0.022129506
0.0,0.046174716
0.0,0.012419659
0.0,2.312699
0.0,0.0064186915
0.0,0.015999472
0.0,0.016560929
0.0,0.021464135
0.0,0.017519897
0.0,0.020852115
0.0,0.023936713
0.0,-0.037037168
0.0,-0.03070139
0.0,-0.04298651
0.0,-0.041833423
0.0,-0.0114470115
0.0,-0.017413147
0.0,0.013804481
0.0,0.040765148
0.0,0.061252814
0.0,0.05000197
0.0,0.037877254
0.0,0.039123002
0.0,0.038579658
0.0,0.0397828
0.0,-0.019934794
0.0,-0.0114470115
0.0,-0.017413147
0.0,0.017130494
0.0,0.019910626
0.0,0.10681855
0.0,0.065242395
0.0,0.056836866
0.0,0.03695879
0.0,0.004576221
0.0,-0.020113334
0.0,-0.0063078133
7.0,4.5769944
0.0,0.49912408
2.0,2.5999227
0.0,0.052299228
3.0,1.6043073
0.0,0.04515576
16.0,1.259218
0.0,0.0353321
0.0,0.07139399
0.0,0.074211486
0.0,-0.0114470115
0.0,-0.017413147
0.0,0.017130494
0.0,0.019910626
0.0,0.05236139
1.0,0.01939773
0.0,0.014669467
0.0,-0.0033102303
0.0,0.07733907
0.0,-0.054800708
0.0,0.056355912
0.0,-0.03791824
0.0,-0.0192791
4.0,5.887361
0.0,0.024369637
0.0,-0.02995288
0.0,0.01981781
3.0,4.655078
0.0,0.01370746
0.0,0.03915882
0.0,0.03431502
0.0,0.1327899
0.0,0.100802
0.0,0.17258108
0.0,0.046317358
0.0,0.07276893
0.0,0.047778632
0.0,0.07574972
0.0,0.0602849
0.0,0.04618905
0.0,0.06781243
0.0,0.06524153
0.0,0.03327694
0.0,0.039198443
0.0,0.037841156
0.0,0.023873206
0.0,0.0002506092
0.0,-0.013191929
0.0,-0.011620055
0.0,-0.0114470115
0.0,-0.017413147
0.0,0.017130494
0.0,0.019910626
0.0,0.04837444
0.0,0.008183443
0.0,0.0024703993
0.0,0.007301232
0.0,-0.0061108824
0.0,0.005916941
0.0,0.018790549
5.0,0.2125541
0.0,0.053787075
0.0,0.12695055
0.0,0.046658784
3.0,3.530648
0.0,0.026329141
0.0,0.0019601374
0.0,-0.008790245
0.0,-0.00875169
0.0,-0.0238099
0.0,-0.0114470115
0.0,-0.017413147
0.0,-0.0114470115
0.0,-0.017413147
0.0,0.017130494
0.0,0.019910626
0.0,0.04837444
0.0,0.008183443
0.0,0.0011201799
0.0,0.00657998
0.0,-0.0066443486
0.0,0.0056143505
0.0,0.011274374
0.0,0.20745957
0.0,0.035231985
5.0,4.7426405
0.0,0.018669842
0.0,0.047500234
0.0,0.034165867
3.0,1.5019653
0.0,0.015944272
0.0,0.57370335
0.0,0.022414768
0.0,0.12540624
0.0,0.037843384
0.0,0.16315974
0.0,0.112875775
0.0,0.1418726
0.0,0.051161136
0.0,0.11152928
0.0,0.04445341
0.0,-0.00938281
0.0,-0.025990553
0.0,0.010461801
0.0,0.0017761006
0.0,-0.0114470115
0.0,-0.017413147
0.0,0.017130494
1.0,0.019910626
0.0,0.038593616
0.0,0.10826984
0.0,0.031097455
0.0,0.12095379
0.0,0.080003865
1.0,0.12235404
0.0,0.018908063
0.0,1.5814307
0.0,0.037167728
0.0,0.9066667
0.0,0.3462495
0.0,1.1461837
0.0,0.09900216
1.0,0.9513611
0.0,0.027864309
0.0,2.9203434
0.0,0.010285541
0.0,2.9069498
0.0,1.0129415
0.0,-0.023806786
0.0,-0.0114470115
0.0,-0.017413147
1.0,0.013804481
0.0,0.062898375
0.0,0.0026960566
0.0,-0.0114470115
0.0,-0.017413147
1.0,0.013804481
0.0,0.062898375
0.0,0.0026960566
0.0,-0.0114470115
0.0,-0.017413147
1.0,0.013804481
0.0,0.062898375
0.0,0.0026960566
0.0,-0.0114470115
0.0,-0.017413147
0.0,0.017130494
1.0,0.019910626
0.0,0.038593616
0.0,0.10826984
0.0,0.03050076
0.0,0.04343861
0.0,0.0129106175
0.0,0.010179856
0.0,0.0026061535
0.0,-0.0028465032
0.0,-0.02354085
0.0,1.9394106
0.0,0.7914553
0.0,2.4046957
0.0,1.8048638
9.0,1.9656258
0.0,0.028300246
4.0,0.713957
0.0,0.034238696
15.000001,0.51793784
0.0,0.05626829
0.0,0.08592651
0.0,-0.0114470115
0.0,-0.017413147
0.0,0.017130494
1.0,0.019910626
0.0,0.038593616
0.0,-0.009806564
0.0,-0.0114470115
0.0,-0.017413147
1.0,0.013804481
0.0,0.062898375
0.0,0.035776015
0.0,0.06628546
0.0,0.023164315
0.0,0.05477834
0.0,0.084515825
0.0,0.06171307
0.0,0.06246193
0.0,0.14413647
0.0,0.09619112
0.0,0.21279967
0.0,0.03905476
0.0,0.03305574
0.0,0.031836994
0.0,0.01940946
0.0,0.028181465
0.0,0.014241103
0.0,0.7742281
0.0,0.81029564
0.0,0.11051109
0.0,0.02771799
0.0,0.022719538
0.0,0.026972877
0.0,0.020655893
0.0,1.8879352
0.0,1.7816806
7.0,2.2296615
0.0,0.033034414
0.0,0.23765758
0.0,0.0295996
0.0,0.05477459
0.0,0.01820267
0.0,0.16751613
0.0,0.03327955
0.0,0.06263467
0.0,0.048766658
0.0,0.05258102
0.0,0.060052913
0.0,0.056848392
0.0,0.05371655
0.0,0.06356375
0.0,0.048639618
0.0,0.069257915
3.0,0.05224066
0.0,0.15106793
1.0,0.16634192
0.0,0.15807797
0.0,0.15479037
0.0,0.17100734
0.0,0.1728806
0.0,0.1381231
0.0,0.2030589
0.0,0.18655404
0.0,0.17707437
0.0,0.16843198
0.0,0.18474807
0.0,0.18842566
0.0,0.16179223
0.0,0.19436184
0.0,0.18430436
0.0,0.17692196
0.0,0.18479227
0.0,0.1463372
0.0,0.086056866
0.0,0.1331077
0.0,0.05165007
0.0,0.05167221
0.0,0.049496345
0.0,0.05436016
0.0,0.052168917
0.0,0.054427415
0.0,0.055712506
0.0,0.05668632
0.0,0.05906626
0.0,0.07362287
0.0,0.018980032
0.0,0.004288399
0.0,-0.0114470115
0.0,-0.017413147
0.0,0.017130494
1.0,0.019910626
0.0,0.038593616
0.0,0.054281604
0.0,0.06468281
0.0,0.010168051
0.0,-0.028161403
0.0,-0.019424506
0.0,-0.008523221
6.0,2.4770396
0.0,0.06872934
2.0,1.9498769
0.0,0.040036425
0.0,0.20029448
0.0,0.061248507
1.0,2.0195863
0.0,0.03602688
0.0,0.108724676
0.0,0.041817844
0.0,0.09667643
0.0,0.048351113
0.0,0.08617347
2.0,0.09801984
0.0,0.10046964
0.0,0.06442217
0.0,0.09034327
0.0,0.054697633
0.0,0.014833745
0.0,0.045027733
0.0,0.005032931
0.0,0.013781049
0.0,-0.0114470115
0.0,-0.017413147
0.0,-0.0114470115
0.0,-0.017413147
0.0,0.017130494
1.0,0.019910626
0.0,0.029168399
0.0,0.16677077
0.0,0.028377028
0.0,0.016824432
0.0,0.04597064
0.0,-0.0014353095
0.0,-0.030732116
0.0,-0.053889744
0.0,0.048759058
0.0,5.1860223
0.0,1.844404
0.0,-0.055200953
0.0,-0.019523706
0.0,-0.0625563
0.0,-0.081309505
0.0,-0.021341402
0.0,1.9474722
0.0,1.7277656
6.0,1.7978945
0.0,0.032951348
0.0,1.485719
0.0,0.022888603
0.0,0.652863
0.0,0.031044891
0.0,0.02328981
0.0,0.01786697
1.0,1.0363406
0.0,0.008727777
0.0,0.03843177
0.0,0.01604593
0.0,0.06788964
0.0,0.036089703
0.0,0.084414646
0.0,0.07447841
0.0,0.10176077
0.0,0.0037467002
0.0,-0.0044758557
0.0,-0.016047753
0.0,0.0040122047
0.0,-0.0114470115
0.0,-0.017413147
0.0,0.017130494
1.0,0.019910626
0.0,0.03880392
0.0,-0.009876531
0.0,-0.0114470115
0.0,-0.017413147
0.0,-0.0114470115
0.0,-0.017413147
0.0,0.017130494
1.0,0.019910626
0.0,0.038593616
0.0,0.10826984
0.0,0.028756198
0.0,0.071169116
0.0,0.058505308
0.0,0.01055406
0.0,0.04006885
0.0,-0.021335855
0.0,-0.036840312
0.0,-0.036421195
0.0,0.040685833
7.0,4.6744576
0.0,0.035427067
0.0,1.3125916
0.0,0.060950223
2.0,1.3449435
0.0,0.0326538
0.0,0.07310483
0.0,0.03530122
0.0,0.8267129
0.0,0.030332277
0.0,0.043558124
0.0,0.025570802
0.0,0.025136055
0.0,0.049196035
0.0,0.05350589
0.0,0.033983245
0.0,0.07613742
0.0,0.06616108
0.0,0.06658023
0.0,0.0758703
0.0,0.099938534
0.0,0.19410315
0.0,0.13653529
0.0,0.19035782
0.0,0.07330779
0.0,0.11471498
0.0,0.09376893
0.0,0.052546263
0.0,0.084653676
0.0,-0.0114470115
0.0,-0.017413147
1.0,0.013804481
0.0,0.062898375
0.0,0.035776015
0.0,0.06628546
0.0,0.023164315
0.0,0.059255436
0.0,0.024727045
0.0,0.028562812
0.0,0.12004713
0.0,0.79686403
0.0,0.2045713
0.0,1.2070125
0.0,0.77983093
0.0,0.33096212
2.0,0.18327375
0.0,0.036812045
11.0,2.6881714
0.0,0.05338802
0.0,0.09149007
0.0,-0.0114470115
0.0,-0.017413147
0.0,0.017130494
1.0,0.019910626
0.0,0.029168399
1.0,0.16677077
0.0,0.016447365
0.0,0.15517725
0.0,0.026814856
1.0,0.14362547
0.0,0.014843776
0.0,1.2886313
0.0,0.02393803
0.0,1.746862
0.0,0.05573442
4.0,0.1458027
0.0,0.0425909
0.0,3.0781927
0.0,0.09055177
0.0,2.2822623
0.0,0.071064085
0.0,-0.002793154
0.0,-0.0114470115
0.0,-0.017413147
0.0,-0.0114470115
0.0,-0.017413147
0.0,-0.0114470115
0.0,-0.017413147
0.0,0.017130494
1.0,0.019910626
0.0,0.045385346
0.0,0.013110208
0.0,0.12663805
0.0,0.06953095
0.0,0.04121436
0.0,0.0068931337
0.0,0.101303525
0.0,3.666801
0.0,0.006973132
6.0,5.1173253
0.0,0.087237895
0.0,2.3212144
0.0,0.045677196
1.0,1.0438042
0.0,0.015051473
0.0,0.09264812
0.0,0.016982479
0.0,0.9458576
0.0,0.012505078
0.0,0.033469792
0.0,0.020056792
0.0,0.03697951
0.0,0.033638023
0.0,0.074937046
0.0,0.07129263
0.0,0.055556793
0.0,0.064325504
0.0,0.07402481
0.0,0.079852715
0.0,0.08765985
0.0,0.09045328
0.0,0.07230634
0.0,0.059990417
0.0,0.04195403
0.0,0.0428847
0.0,0.011108197
0.0,0.025810799
0.0,0.0015443384
0.0,-0.025670484
0.0,-0.0114470115
0.0,-0.017413147
0.0,0.017130494
1.0,0.019910626
0.0,0.045385346
0.0,0.47082725
0.0,0.043958295
0.0,0.10833089
0.0,0.03609135
1.0,0.16997261
0.0,0.022987524
0.0,0.033865303
0.0,0.06923446
0.0,-0.019194517
0.0,0.08439458
0.0,-0.0104078185
0.0,0.07849775
7.0,1.6184121
0.0,0.013028133
1.0,1.6796211
0.0,0.02741406
5.0,0.22891845
0.0,0.0142242825
0.0,0.10289087
0.0,0.01703479
0.0,1.0457193
0.0,0.013048905
0.0,0.084505714
0.0,0.013137009
0.0,0.04183854
0.0,0.036064927
0.0,0.041964795
0.0,0.05160513
0.0,-0.0114470115
0.0,-0.017413147
0.0,0.017130494
1.0,0.019910626
0.0,0.045385346
0.0,0.013110208
0.0,0.12663805
0.0,0.06953095
0.0,0.04121436
0.0,0.0068931337
0.0,0.101303525
4.0,3.666801
0.0,0.040706076
0.0,0.046082582
0.0,0.043504648
3.0,3.9787152
0.0,0.025285134
0.0,0.0038772866
0.0,-0.013610818
0.0,-0.0114470115
0.0,-0.017413147
0.0,-0.0114470115
0.0,-0.017413147
0.0,0.017130494
1.0,0.019910626
0.0,0.038593616
0.0,0.10826984
0.0,0.026494026
0.0,0.08668011
0.0,0.06450116
0.0,0.16608958
0.0,0.067412786
0.0,1.6659116
0.0,0.75362206
2.0,2.0346766
0.0,0.026691616
3.0,2.7748287
0.0,0.025428083
0.0,4.4924574
0.0,0.027750822
20.0,4.170822
0.0,0.06259708
0.0,0.06370477
0.0,0.1013403
0.0,-0.0114470115
0.0,-0.017413147
0.0,0.013804481
0.0,0.011646527
0.0,0.021844774
0.0,0.014511902
0.0,0.0071527613
0.0,0.059966583
0.0,0.10851764
0.0,0.1176048
0.0,0.11054493
0.0,0.4674209
0.0,0.31391758
0.0,0.8792151
0.0,0.44725594
0.0,0.28662837
0.0,0.12804542
0.0,0.14264852
0.0,0.390111
0.0,0.12749045
0.0,0.11227888
0.0,0.6715577
0.0,0.07808408
0.0,0.07490758
0.0,0.061432138
0.0,0.044482842
0.0,0.034087133
0.0,1.3872325
7.0,1.8581679
0.0,0.045428384
1.0,0.33749175
0.0,0.04435365
3.0,0.17530642
0.0,0.034514736
2.0,0.069315925
0.0,0.029084753
0.0,0.0647507
0.0,0.07963506
0.0,0.12760426
0.0,0.085497715
0.0,0.12383231
0.0,0.09196345
0.0,0.15637596
8.0,0.14612183
0.0,0.105215944
2.0,0.22682391
0.0,0.11043119
0.0,-0.0114470115
0.0,-0.017413147
0.0,0.017130494
1.0,0.019910626
0.0,0.027157953
0.0,0.026255475
0.0,0.08983473
0.0,0.059668552
0.0,0.03295943
0.0,0.014535106
0.0,0.07984769
0.0,0.9377493
0.0,0.45429513
7.0,3.8105996
0.0,0.32151783
0.0,1.8230858
0.0,0.093382314
3.0,1.5041735
0.0,0.018757135
0.0,0.20373948
0.0,0.09008637
0.0,-0.0114470115
0.0,-0.017413147
0.0,0.013804481
0.0,0.011646527
0.0,0.021844774
0.0,0.014511902
0.0,0.0071527613
0.0,0.02754153
0.0,0.045642998
0.0,0.051415037
0.0,0.038699377
0.0,0.036468517
0.0,-0.026388494
0.0,-0.032248132
0.0,-0.035264943
0.0,-0.038378116
0.0,-0.029294375
0.0,-0.054681014
0.0,0.48499477
0.0,0.4779427
0.0,-0.017625988
0.0,-0.013553771
0.0,-0.014090226
0.0,-0.01006457
0.0,-0.008759087
0.0,0.5456981
0.0,0.98840314
0.0,1.697411
0.0,1.7211138
0.0,1.646028
0.0,1.6373477
0.0,0.21629027
0.0,0.058117475
0.0,0.052229486
0.0,0.053315774
0.0,0.048848074
0.0,0.90380144
0.0,0.91545457
0.0,0.9265232
0.0,0.9326081
0.0,0.904049
0.0,0.9399072
6.0,0.8918057
0.0,0.07722746
0.0,0.05800667
0.0,0.04956284
1.0,0.96932125
0.0,0.04020787
0.0,0.062494334
0.0,0.03752952
0.0,0.08482472
0.0,0.06370464
0.0,0.083497986
0.0,0.072985694
0.0,0.10035423
0.0,0.101172656
0.0,0.088133276
0.0,0.102416255
0.0,0.10199037
0.0,0.10811197
0.0,0.09838533
0.0,0.13458203
0.0,0.11313662
0.0,0.12250507
0.0,0.102730475
0.0,0.044469748
0.0,0.038601596
0.0,0.021753376
0.0,-0.0114470115
0.0,-0.017413147
0.0,0.013804481
0.0,0.011646527
0.0,0.021844774
0.0,0.014511902
0.0,0.0071527613
0.0,0.059966583
0.0,0.10851764
0.0,0.09995029
0.0,0.08520698
0.0,0.0791672
0.0,0.07170798
0.0,0.12320889
0.0,0.11274623
0.0,0.18295483
0.0,0.031040229
0.0,0.009057295
0.0,0.0063848733
0.0,0.007014246
0.0,0.004849781
0.0,-0.023822669
0.0,0.41314015
0.0,0.4498091
0.0,-0.05531434
0.0,-0.04974817
0.0,-0.04915021
0.0,-0.05094437
0.0,-0.029683424
0.0,0.24730901
0.0,0.45951125
7.0,1.149773
0.0,0.029570771
10.0,0.546719
0.0,0.041202098
0.0,0.05473454
0.0,0.046175778
4.0,0.0570476
0.0,0.048470806
3.0,0.05045194
0.0,0.05033696
1.0,0.10861894
0.0,0.0458492
2.0,0.12118046
0.0,0.04771976
0.0,0.060585897
0.0,-0.0114470115
0.0,-0.017413147
0.0,-0.0114470115
0.0,-0.017413147
0.0,0.013804481
0.0,0.011646527
0.0,-0.018425616
0.0,-0.0114470115
0.0,-0.017413147
0.0,0.017130494
0.0,0.019910626
0.0,0.046098515
0.0,0.010297548
0.0,0.0010934293
0.0,-0.011233261
0.0,-0.03854437
0.0,-0.058041327
0.0,-0.053245757
0.0,2.6874099
0.0,-0.013966378
0.0,-0.07202921
0.0,-0.082024775
0.0,-0.063106254
0.0,-0.046334688
0.0,-0.06630725
0.0,-0.05036224
0.0,-0.044018432
0.0,-0.03704092
0.0,-0.042149667
0.0,-0.039158214
0.0,-0.036082458
0.0,-0.03721905
0.0,0.088651694
0.0,0.12901689
0.0,1.2407796
0.0,1.3649935
0.0,0.018098783
0.0,-0.0012612282
0.0,-0.002346602
0.0,-0.0006393283
0.0,-0.00011105537
0.0,0.0021784736
0.0,0.002655956
7.0,0.43047327
0.0,0.031634264
0.0,0.033682153
0.0,0.041206256
0.0,-0.0114470115
0.0,-0.017413147
0.0,0.017130494
0.0,0.019910626
0.0,0.046098515
0.0,0.058705557
0.0,0.045559324
0.0,0.04790443
0.0,0.051808167
0.0,0.0037701828
0.0,0.012842145
0.0,0.0058993353
0.0,-0.008842531
0.0,-0.010801351
0.0,0.013718302
0.0,1.7567022
0.0,0.62205356
0.0,3.6455672
0.0,3.4273329
0.0,3.1961277
0.0,2.345611
0.0,1.3169038
0.0,1.1613332
0.0,0.12228161
0.0,0.03408802
0.0,0.038159374
0.0,0.033282362
0.0,0.4978898
7.0,0.7397331
0.0,0.025794687
3.0,1.2649541
0.0,0.030400446
0.0,0.79590863
0.0,0.0467897
4.0,1.5390066
0.0,0.0152922785
14.0,0.27591753
0.0,0.04062068
0.0,0.068749756
0.0,-0.0114470115
0.0,-0.017413147
0.0,0.017130494
0.0,0.019910626
0.0,0.06493808
1.0,0.0570587
0.0,0.028162466
1.0,0.23503181
0.0,0.014543111
0.0,0.73875827
0.0,0.024157481
0.0,1.3164438
0.0,0.04837657
0.0,0.6720224
0.0,0.06678944
0.0,0.69106525
0.0,1.9998689
2.0,1.7748322
0.0,0.032452814
1.0,3.289549
0.0,0.030505117
1.0,3.8656821
0.0,0.022777496
1.0,4.3129964
0.0,0.05023082
7.0,4.7149177
0.0,0.058463078
9.0,1.9900198
0.0,0.060733736
0.0,0.27889323
0.0,0.029969042
0.0,0.059843164
0.0,0.029404847
0.0,0.28547174
0.0,0.11308704
0.0,-0.0114470115
0.0,-0.017413147
0.0,-0.0114470115
0.0,-0.017413147
0.0,0.017130494
0.0,0.019910626
0.0,0.06799649
0.0,0.069331124
0.0,0.08553756
0.0,0.02926466
0.0,0.010738781
0.0,-0.010576909
0.0,-0.013163962
0.0,-0.016692428
0.0,0.034433395
0.0,1.6732347
0.0,0.49288136
7.0,2.9531658
0.0,0.030189987
0.0,1.4675211
0.0,0.06150056
6.0,0.6104236
0.0,0.024256226
2.0,0.55337465
0.0,0.023826418
6.0,0.7290079
0.0,0.017373428
7.0,0.4331159
0.0,0.012830948
0.0,0.07113557
0.0,-0.0114470115
0.0,-0.017413147
0.0,-0.0114470115
0.0,-0.017413147
0.0,0.017130494
0.0,0.019910626
0.0,0.046098515
0.0,0.010297548
0.0,-0.003158137
0.0,0.0043847114
0.0,-0.024842761
0.0,-0.044896465
0.0,-0.046729207
0.0,2.5565627
0.0,-0.020877574
1.0,3.8425965
0.0,0.04518165
1.0,1.5724392
0.0,0.0042169373
0.0,1.2205906
0.0,0.09924945
0.0,0.061162427
0.0,1.0480841
3.0,1.6900854
0.0,0.0007270276
0.0,0.027786313
0.0,0.009304561
0.0,-0.010914002
0.0,-0.013904619
0.0,-0.023456799
0.0,-0.02131255
0.0,-0.0114470115
0.0,-0.017413147
0.0,0.017130494
0.0,0.019910626
0.0,0.06799649
0.0,0.069331124
0.0,0.043710068
0.0,0.046509907
0.0,0.092769004
0.0,0.08801969
0.0,0.08417179
0.0,0.010737869
0.0,0.007857319
0.0,0.005283743
0.0,-0.00284169
0.0,-0.0048971516
0.0,-0.010203364
0.0,0.35881084
0.0,0.32265344
0.0,3.4537036
0.0,2.3642933
6.0,1.3515533
0.0,0.016872512
0.0,0.13284415
0.0,0.013121861
0.0,0.95791465
0.0,0.027076637
0.0,0.013914574
0.0,0.020713016
0.0,-0.0114470115
0.0,-0.017413147
0.0,0.017130494
0.0,0.019910626
0.0,0.06493808
7.0,0.0570587
0.0,1.2905527
1.0,5.417419
0.0,1.0594516
2.0,1.6117148
0.0,0.63421786
0.0,0.22851583
0.0,0.076397024
0.0,0.08505914
0.0,0.09335146
0.0,0.17611459
0.0,0.06577442
6.0,1.6074528
0.0,0.018807925
4.0,1.8950886
0.0,0.022551738
0.0,0.6376066
0.0,0.08230381
5.0,1.5605502
0.0,0.106506154
4.0,2.1078432
0.0,0.17793298
0.0,-0.0114470115
0.0,-0.017413147
0.0,-0.0114470115
0.0,-0.017413147
0.0,0.017130494
0.0,0.019910626
0.0,0.04769985
0.0,0.026870536
0.0,0.07019254
0.0,0.07957923
0.0,0.117518745
0.0,0.10119107
0.0,0.065787844
0.0,0.080258355
0.0,0.35613006
0.0,0.038200743
0.0,0.027919356
0.0,0.03275181
0.0,0.034469873
0.0,0.021442274
0.0,0.11763421
8.0,3.438421
0.0,0.03870097
1.0,0.48758566
0.0,0.05554263
0.0,0.3975684
0.0,0.034836985
4.0,0.5690704
0.0,0.027379328
0.0,0.0726561
0.0,0.025389528
0.0,0.081883475
0.0,0.031727485
0.0,0.05930534
0.0,0.012391945
4.0,0.10093803
0.0,-0.001501426
3.0,1.0931958
0.0,0.014924281
1.0,0.69767743
0.0,0.028488286
3.0,1.8919741
0.0,0.0069129183
0.0,0.808954
0.0,-0.0114470115
0.0,-0.017413147
0.0,0.017130494
1.0,0.019910626
0.0,0.039845522
0.0,0.023582825
0.0,0.07077001
0.0,0.013973344
0.0,0.04101216
0.0,-0.0046878844
0.0,0.017285323
7.0,1.1690922
0.0,0.34139782
3.0,2.111523
0.0,0.1636117
0.0,0.16515315
0.0,0.022199726
0.0,1.4988015
0.0,0.04168617
2.0,0.12654461
0.0,0.028925922
0.0,0.037999835
0.0,0.05630254
0.0,-0.011766194
0.0,-0.0057399212
0.0,-0.0114470115
0.0,-0.017413147
0.0,-0.0114470115
0.0,-0.017413147
0.0,0.017130494
0.0,0.019910626
0.0,0.06493808
0.0,0.024899378
0.0,-0.0018630653
0.0,0.0061060186
0.0,-0.015627345
0.0,-0.022375934
0.0,-0.019217923
0.0,2.2418973
0.0,-0.02429478
7.0,5.5043283
0.0,0.22854005
3.0,1.6660982
0.0,0.02528326
0.0,0.14016171
0.0,0.02835537
0.0,1.3892912
0.0,0.03044936
0.0,0.08189422
0.0,0.041559484
0.0,0.045077864
7.0,0.042126566
0.0,0.10059635
1.0,0.15574695
0.0,0.09351103
2.0,1.1249524
0.0,0.08348663
0.0,0.17894174
0.0,0.096185625
0.0,0.15656087
0.0,0.11284733
1.0,0.07111876
0.0,0.110980995
2.0,0.08378135
0.0,0.08781199
0.0,0.20078683
0.0,0.12653102
0.0,0.19743314
0.0,0.06941396
0.0,0.2009428
0.0,0.14339039
0.0,0.19755581
0.0,0.08116937
0.0,0.210708
0.0,0.0856036
0.0,0.09470513
0.0,0.1449878
0.0,0.12084445
0.0,0.116222285
0.0,0.12063993
0.0,0.13025618
0.0,0.12611441
0.0,0.1429441
0.0,0.113651596
0.0,0.13504028
0.0,0.120115325
0.0,0.15485907
0.0,0.118587956
0.0,0.06814352
0.0,0.14856179
0.0,0.09058371
0.0,0.1452949
0.0,0.1115081
0.0,0.12917908
0.0,0.11910876
0.0,0.123604424
0.0,0.113466516
5.0,0.16527162
0.0,0.08792774
0.0,0.06810764
0.0,0.16369525
0.0,0.1618068
0.0,0.123187155
0.0,0.11043567
0.0,0.09307283
0.0,0.07044842
0.0,0.11620493
0.0,0.15905066
0.0,0.1451844
0.0,0.08710997
0.0,0.08647652
0.0,-0.0114470115
0.0,-0.017413147
0.0,-0.0114470115
0.0,-0.017413147
0.0,0.017130494
0.0,0.019910626
0.0,0.04769985
0.0,0.0084474785
0.0,8.273422e-05
0.0,-0.01696994
0.0,-0.04702739
0.0,-0.06317782
0.0,-0.053006824
7.0,4.8957505
0.0,0.391698
2.0,2.181541
0.0,0.052885205
0.0,0.121518515
0.0,0.03613145
1.0,1.4961288
0.0,0.04468831
0.0,0.020921145
0.0,0.029964989
0.0,-0.0114470115
0.0,-0.017413147
0.0,0.017130494
0.0,0.019910626
0.0,0.04837444
0.0,0.04629099
0.0,0.07369071
0.0,0.10395203
0.0,0.0924671
0.0,-0.024035558
0.0,-0.01969728
0.0,-0.03424817
0.0,-0.04336996
0.0,-0.045100894
0.0,0.09722092
7.0,2.1354692
0.0,0.032073267
0.0,1.0440062
0.0,0.055555448
0.0,0.09235323
0.0,0.033150155
0.0,1.0992764
0.0,0.02311915
0.0,0.022201296
0.0,0.025121083
0.0,0.036680926
0.0,0.02821721
0.0,0.061336763
0.0,0.053957406
0.0,0.0702031
0.0,0.06923403
0.0,0.133627
0.0,0.02817412
3.0,0.031371646
0.0,0.0150880525
0.0,0.0044859885
0.0,0.009223726
0.0,0.023884732
0.0,0.053093232
0.0,-0.0114470115
0.0,-0.017413147
0.0,0.017130494
0.0,0.019910626
0.0,0.06288257
0.0,0.058446992
0.0,0.0358836
0.0,0.038830623
0.0,0.08213538
0.0,0.0059964326
0.0,0.0076628714
0.0,-0.005845125
0.0,-0.013377561
0.0,-0.016730096
0.0,-0.0575166
0.0,0.8485361
0.0,0.5195477
2.0,5.120948
0.0,0.02132866
4.0,1.9117501
0.0,-0.007694283
3.0,2.2572217
0.0,-0.0014225929
0.0,0.070061296
0.0,-0.010587701
3.0,4.12638
0.0,0.008931496
0.0,0.011193287
0.0,0.013525475
0.0,-0.009875949
0.0,-0.0023929088
0.0,-0.0114470115
0.0,-0.017413147
0.0,-0.0114470115
0.0,-0.017413147
0.0,0.013804481
0.0,0.011646527
0.0,0.021844774
0.0,0.014511902
0.0,0.0071527613
0.0,0.0062713353
0.0,-0.0066661085
0.0,-0.0128973685
0.0,-0.012143387
0.0,-0.016383834
0.0,-0.017426219
0.0,0.96291286
0.0,0.5733123
0.0,0.26971757
0.0,2.0858347
0.0,1.661852
7.0,1.6721298
0.0,0.022206312
0.0,0.819798
0.0,0.04200335
0.0,0.058156487
0.0,0.031012414
1.0,0.10572595
0.0,0.04590113
0.0,0.054636937
0.0,0.0408779
0.0,0.057172973
0.0,0.04439598
0.0,0.04724438
0.0,0.047873046
0.0,0.06158375
0.0,0.05927089
0.0,0.15891775
0.0,0.04320867
0.0,0.09238515
0.0,0.10290144
0.0,-0.006403036
0.0,-0.020025356
0.0,-0.009530167
0.0,-0.0014607935
0.0,-0.0114470115
0.0,-0.017413147
0.0,0.017130494
0.0,0.019910626
0.0,0.06493808
0.0,0.024899378
0.0,-0.0018630653
0.0,0.0061060186
0.0,-0.015627345
0.0,-0.022375934
0.0,-0.019217923
7.0,2.2418973
0.0,0.36473078
0.0,2.080898
0.0,0.14893453
3.0,1.0801696
0.0,0.027811391
0.0,1.3413815
0.0,0.039554812
4.0,0.37873352
0.0,0.008291965
0.0,1.4706963
0.0,0.03186995
0.0,1.1803614
0.0,0.013386807
3.0,1.6338458
0.0,-0.0008745357
0.0,0.8676174
0.0,0.0519671
0.0,0.88091004
0.0,0.0508208
0.0,0.8230368
0.0,0.0077755987
0.0,3.11515
9.0,2.6811292
0.0,0.01896468
0.0,-0.0114470115
0.0,-0.017413147
0.0,0.013804481
0.0,0.011646527
0.0,0.021844774
0.0,0.014511902
0.0,0.0071527613
0.0,0.010141959
0.0,-0.0075325635
0.0,-0.0114470115
0.0,-0.017413147
0.0,0.017130494
0.0,0.019910626
0.0,0.06288257
0.0,0.030916205
0.0,0.00052558776
0.0,0.008785306
0.0,-0.011831247
0.0,-0.018714502
0.0,-0.013272865
0.0,1.143253
0.0,0.037981417
7.0,4.406239
0.0,0.2144007
3.0,2.1364832
0.0,0.06645516
11.0,1.0243196
0.0,0.021781469
3.0,0.357007
0.0,0.015106418
4.0,0.08532964
0.0,0.016571948
0.0,0.15711959
0.0,-0.0114470115
0.0,-0.017413147
0.0,0.017130494
0.0,0.019910626
0.0,0.0649356
0.0,0.022038741
0.0,0.0050503593
0.0,0.015173776
0.0,-0.00685392
0.0,-0.014103627
0.0,-0.0042532887
6.0,0.82685274
0.0,0.1640763
0.0,1.961866
0.0,0.07992884
1.0,1.6816536
0.0,0.015029206
0.0,0.065410145
0.0,0.013144203
0.0,1.1415774
0.0,0.01852745
0.0,0.072593406
0.0,0.027643694
0.0,0.046702404
0.0,0.036107484
0.0,0.045223348
0.0,0.036195464
0.0,0.079338774
0.0,0.06310655
0.0,0.053570155
0.0,0.058851443
0.0,0.08202356
0.0,0.08402978
0.0,0.11556641
0.0,0.056708712
2.0,0.055579007
0.0,0.027597766
0.0,0.05456545
0.0,0.021093326
0.0,0.05330336
0.0,0.025530677
0.0,0.05023852
0.0,0.024902342
0.0,0.045816977
0.0,0.04304695
0.0,0.04783758
0.0,0.058430728
0.0,0.0614903
0.0,0.048321623
0.0,0.05506662
0.0,0.06664376
0.0,0.06741694
0.0,0.052640196
0.0,0.06070701
0.0,0.055798028
0.0,0.06592666
0.0,0.061355937
0.0,0.06910684
1.0,0.06761843
0.0,0.060138308
0.0,0.08314919
0.0,0.052226573
3.0,0.09999821
0.0,0.09345304
2.0,0.15579401
0.0,0.12625384
0.0,0.26535922
0.0,0.124132164
0.0,0.107970946
0.0,0.049632784
0.0,0.06924647
0.0,0.056501295
0.0,0.06901511
0.0,0.07419162
0.0,0.07762484
0.0,0.07152067
0.0,0.012987602
0.0,-0.0061186845
0.0,-0.012792342
0.0,-0.0038233546
0.0,-0.0114470115
0.0,-0.017413147
0.0,0.017130494
0.0,0.019910626
0.0,0.04837444
0.0,-0.011404429
0.0,-0.0114470115
0.0,-0.017413147
0.0,-0.0114470115
0.0,-0.017413147
0.0,-0.0114470115
0.0,-0.017413147
0.0,-0.0114470115
0.0,-0.017413147
0.0,0.017130494
0.0,0.019910626
0.0,0.07280954
0.0,0.07429285
0.0,0.05596056
0.0,0.024337262
0.0,0.011019814
0.0,-0.0041701747
0.0,-0.0032514853
0.0,-0.00759792
0.0,0.03426081
0.0,1.534267
0.0,0.183486
0.0,0.0031116023
0.0,-0.009967574
0.0,-0.01389408
0.0,-0.008495736
0.0,0.075719595
0.0,1.4423687
0.0,1.2105477
7.0,1.6708716
0.0,0.032528535
1.0,1.6255553
0.0,0.019209083
0.0,0.15460628
0.0,0.01653722
0.0,0.838947
0.0,0.017511562
0.0,0.007557642
0.0,0.020742478
0.0,0.0040794355
0.0,0.002423738
0.0,-0.0114470115
0.0,-0.017413147
0.0,-0.0114470115
0.0,-0.017413147
0.0,-0.0114470115
0.0,-0.017413147
0.0,0.017130494
0.0,0.019910626
0.0,0.0649356
0.0,0.071000606
0.0,0.056806494
0.0,0.059799414
0.0,0.06772082
0.0,0.08127893
0.0,0.081331134
0.0,0.09875596
0.0,0.03662583
0.0,0.057384063
0.0,0.056550235
0.0,0.040833063
0.0,0.040414933
0.0,0.02256268
0.0,0.02314671
0.0,0.0336765
0.0,0.034993563
1.0,0.37806398
0.0,0.014713621
0.0,-0.0056099426
0.0,-0.053345133
0.0,-0.0114470115
0.0,-0.017413147
0.0,0.013804481
0.0,0.011646527
0.0,0.0024974286
0.0,0.0035917952
0.0,-0.01339993
0.0,-0.015212458
0.0,-0.009440467
0.0,0.0031380488
0.0,-0.0151089765
0.0,-0.015242603
0.0,-0.02634467
0.0,-0.027467307
0.0,-0.030115612
0.0,0.01069212
0.0,0.21582468
0.0,0.10859612
7.0,2.4054635
0.0,0.035957824
0.0,0.026293524
0.0,0.075527325
0.0,-0.0114470115
0.0,-0.017413147
0.0,-0.0114470115
0.0,-0.017413147
0.0,0.013804481
0.0,0.011646527
0.0,0.0024974286
0.0,0.0035917952
0.0,-0.027294036
0.0,-0.0114470115
0.0,-0.017413147
0.0,0.017130494
0.0,0.019910626
0.0,0.028458394
0.0,0.04183702
0.0,0.031169625
0.0,0.04412374
0.0,0.07153106
0.0,0.07795
0.0,0.109586924
0.0,0.7962421
0.0,0.14917813
0.0,0.8997927
0.0,0.7196786
0.0,0.21254183
0.0,0.1288251
0.0,0.17167707
0.0,0.1250064
1.0,0.1308997
0.0,0.02293914
3.0,2.3423986
0.0,0.013811397
0.0,4.2277665
0.0,0.0185179
20.0,4.11731
0.0,0.048708294
1.0,0.04241051
0.0,0.03914
0.0,0.07772328
0.0,0.06041944
0.0,-0.0114470115
0.0,-0.017413147
0.0,0.013804481
0.0,0.011646527
0.0,-0.018425616
0.0,-0.0114470115
0.0,-0.017413147
0.0,0.017130494
0.0,0.019910626
0.0,0.026340894
0.0,-0.017859422
0.0,-0.0114470115
0.0,-0.017413147
0.0,0.013804481
0.0,0.011646527
0.0,-0.018425616
0.0,-0.0114470115
0.0,-0.017413147
0.0,0.013804481
0.0,0.016205244
0.0,-0.010247644
0.0,-0.0114470115
0.0,-0.017413147
0.0,0.017130494
0.0,0.019910626
0.0,0.046098515
0.0,0.010297548
0.0,0.0010934293
0.0,-0.011233261
0.0,-0.03854437
0.0,-0.058041327
0.0,-0.053245757
0.0,2.6874099
0.0,-0.013966378
7.0,3.8620071
0.0,0.06946073
15.000001,1.7066792
0.0,0.038836803
7.0,0.17449199
0.0,0.044963416
0.0,0.08349403
0.0,-0.0114470115
0.0,-0.017413147
0.0,-0.0114470115
0.0,-0.017413147
0.0,0.013804481
0.0,0.012500315
0.0,0.013119682
0.0,0.0067230044
0.0,0.009003009
0.0,0.008076897
0.0,-0.013260731
0.0,-0.03437179
0.0,-0.035638995
0.0,-0.044413663
0.0,-0.04556619
0.0,-0.07664627
0.0,3.3203475
0.0,1.8725579
0.0,0.040042073
0.0,0.042118635
0.0,0.053086568
0.0,0.05413853
0.0,1.4057252
0.0,1.7141589
0.0,1.6555741
0.0,1.5344995
0.0,1.8266083
6.0,1.3565669
0.0,0.039877187
0.0,0.91346353
0.0,0.030850366
0.0,0.095485754
0.0,0.060265094
0.0,-0.0114470115
0.0,-0.017413147
0.0,0.017130494
0.0,0.019910626
0.0,0.0641862
0.0,0.04004666
0.0,0.00086878537
0.0,0.010566143
0.0,-0.0077117365
0.0,-0.0120101925
0.0,-0.0037387966
7.0,0.92227006
0.0,0.27850097
0.0,0.020951316
0.0,0.100211106
0.0,-0.0114470115
0.0,-0.017413147
0.0,0.017130494
0.0,0.019910626
0.0,0.04837444
0.0,0.008183443
0.0,-0.0014466076
0.0,-0.0114470115
0.0,-0.017413147
0.0,0.013804481
0.0,0.011646527
0.0,-0.018425616
0.0,-0.0114470115
0.0,-0.017413147
0.0,0.017130494
0.0,0.019910626
0.0,0.04769985
0.0,0.0084474785
0.0,8.273422e-05
0.0,-0.01696994
0.0,-0.04702739
0.0,-0.06317782
0.0,-0.053006824
7.0,4.8957505
0.0,0.391698
0.0,2.181541
0.0,0.1149015
0.0,1.3565928
0.0,0.040836282
7.0,1.2176292
0.0,0.010385678
1.0,0.8264417
0.0,0.03769461
0.0,0.09348747
0.0,0.029144434
0.0,1.2467122
0.0,0.016130589
0.0,0.01573298
0.0,0.011594444
0.0,0.069415785
0.0,0.035720564
0.0,0.114843994
0.0,0.13752191
0.0,0.16040576
0.0,0.14319116
0.0,0.14163713
0.0,0.15954651
0.0,0.06950855
2.0,0.13046189
0.0,0.075184
0.0,0.0673186
0.0,0.037367295
0.0,0.18300106
0.0,0.022282511
0.0,0.065425165
0.0,0.020565154
0.0,0.06320829
0.0,0.062878616
0.0,0.076182716
0.0,0.096377365
0.0,0.106506884
0.0,0.059925947
0.0,0.07694635
0.0,0.078887895
0.0,0.060427647
0.0,0.04785544
0.0,0.025141805
0.0,0.03523961
0.0,0.036284454
0.0,-0.0114470115
0.0,-0.017413147
0.0,0.013804481
0.0,0.011646527
0.0,0.021844774
0.0,0.014511902
0.0,0.0071527613
0.0,0.010141959
0.0,0.038648687
0.0,0.07636288
0.0,0.065946475
0.0,0.44869712
0.0,0.2838607
0.0,1.0093284
0.0,0.09428112
0.0,0.03980864
0.0,0.034371663
0.0,0.023027752
0.0,0.03082962
0.0,0.07998102
0.0,1.1388398
0.0,0.67820686
7.0,3.5277152
0.0,0.044195175
1.0,0.58309203
0.0,0.027311819
0.0,0.2833967
0.0,0.022071749
4.0,0.08776723
0.0,0.025005342
1.0,0.42446315
0.0,0.021134667
0.0,0.0559446
0.0,0.061845884
0.0,0.053409502
0.0,0.058291
0.0,0.07369466
0.0,0.070546225
0.0,0.70671535
8.0,0.07085867
0.0,0.048189875
1.0,0.74194497
0.0,0.04958222
0.0,0.16487108
0.0,0.05911087
4.0,0.10347128
0.0,0.036823872
0.0,-0.0114470115
0.0,-0.017413147
0.0,0.013804481
0.0,0.011646527
0.0,-0.018425616
0.0,-0.0114470115
0.0,-0.017413147
0.0,0.017130494
0.0,0.019910626
0.0,0.048989985
0.0,0.049877286
0.0,0.034244623
0.0,0.018004801
0.0,0.013376143
0.0,-0.0022350906
0.0,-0.008147928
0.0,-0.01097338
0.0,-0.04836122
0.0,1.3398439
0.0,0.48911935
0.0,5.392351
0.0,3.632181
3.0,3.7288227
0.0,0.010880538
0.0,-0.06853099
0.0,0.002139589
3.0,2.3302927
0.0,0.0052108373
0.0,-0.011960845
0.0,-0.016239086
0.0,-0.0114470115
0.0,-0.017413147
0.0,0.013804481
0.0,0.011646527
0.0,-0.018425616
0.0,-0.0114470115
0.0,-0.017413147
0.0,0.017130494
0.0,0.019910626
0.0,0.04837444
0.0,0.04629099
0.0,0.03328872
0.0,0.0343004
0.0,0.05995227
0.0,0.080224484
0.0,0.08188469
0.0,0.0042090593
0.0,0.00057437713
0.0,-0.0022296696
0.0,-0.014982595
0.0,-0.0044740317
0.0,-0.008563727
0.0,0.38486782
0.0,0.35454467
0.0,0.009373261
0.0,0.020811154
0.0,-0.0076934723
0.0,-0.012976126
0.0,0.04838769
0.0,0.09045817
0.0,1.6227381
6.0,3.212522
0.0,0.012436631
0.0,-0.0010049447
0.0,0.010675527
2.0,0.8492426
0.0,0.0069878246
0.0,-0.0014190464
0.0,0.02012729
0.0,-0.013809218
0.0,-0.0050519556
0.0,-0.0114470115
0.0,-0.017413147
0.0,0.017130494
0.0,0.019910626
0.0,0.07280954
0.0,0.07429285
0.0,0.052651923
0.0,0.020833343
0.0,0.005678415
0.0,-0.01227253
0.0,-0.012042516
0.0,-0.009089669
0.0,-0.010585522
0.0,1.0481452
0.0,0.098725535
0.0,-0.050616372
0.0,-0.05489854
0.0,-0.05745464
0.0,-0.051194675
0.0,0.012646354
0.0,0.9775667
0.0,1.059109
7.0,1.3053132
0.0,0.058870442
3.0,0.9237221
0.0,0.054214146
4.0,0.5944547
0.0,0.043278664
0.0,0.058958244
0.0,0.053344626
0.0,-0.0114470115
0.0,-0.017413147
0.0,0.017130494
0.0,0.019910626
0.0,0.0641862
0.0,0.06199828
0.0,0.040495288
0.0,0.051233005
0.0,0.103762396
0.0,0.08195851
0.0,0.08185404
0.0,0.084398635
0.0,0.058487777
0.0,0.14323573
0.0,0.07678372
0.0,0.18096478
0.0,0.11160905
0.0,0.11769997
0.0,0.107953265
1.0,0.10800768
0.0,0.0255973
2.0,2.1292348
0.0,0.005257195
0.0,4.527416
0.0,0.01616461
1.0,4.045743
0.0,0.03590977
1.0,1.5922562
0.0,0.017357722
1.0,3.0299926
0.0,-0.0011947065
16.0,3.9006808
0.0,0.047928043
0.0,0.026099658
0.0,0.02754923
0.0,-0.0114470115
0.0,-0.017413147
0.0,-0.0114470115
0.0,-0.017413147
0.0,0.017130494
0.0,0.019910626
0.0,0.0649356
0.0,0.022038741
0.0,0.0050503593
0.0,0.015173776
0.0,-0.00685392
0.0,-0.014103627
0.0,-0.0042532887
0.0,0.82685274
0.0,0.12722608
7.0,3.6590393
0.0,0.17101543
3.0,2.0757933
0.0,0.021882543
0.0,1.1091886
0.0,0.056487843
5.0,1.3713963
0.0,0.0069297133
1.0,0.6948848
0.0,0.030090077
6.0,1.4585863
0.0,0.061036073
3.0,0.9370431
0.0,0.012558351
2.0,1.0208557
0.0,0.0039899377
0.0,0.0759941
0.0,-0.0114470115
0.0,-0.017413147
0.0,0.017130494
0.0,0.019910626
0.0,0.0649356
0.0,0.071000606
0.0,0.06875617
0.0,0.077141024
0.0,0.07964742
0.0,0.09841608
0.0,0.05559973
0.0,0.011231538
0.0,0.0059751538
0.0,0.0014204903
0.0,0.015312722
0.0,0.08610132
0.0,-0.027974073
0.0,-0.0114470115
0.0,-0.017413147
0.0,0.013804481
0.0,0.011646527
0.0,0.021844774
0.0,0.014511902
0.0,0.0071527613
0.0,0.010141959
0.0,0.038648687
0.0,0.046737894
0.0,0.024445226
0.0,0.059390683
0.0,-0.0282795
0.0,-0.029374298
0.0,-0.029220507
0.0,-0.03354916
0.0,-0.022274075
0.0,-0.061219778
8.0,0.63405424
0.0,0.08351838
1.0,0.42042112
0.0,0.05088322
0.0,0.08192578
0.0,0.11483596
0.0,-0.0114470115
0.0,-0.017413147
0.0,0.017130494
0.0,0.019910626
0.0,0.07280954
0.0,0.07429285
0.0,0.05210617
0.0,0.032377657
0.0,0.022043578
0.0,-0.003028792
0.0,-0.0032927764
0.0,-0.007605368
0.0,-0.009103703
0.0,1.6310765
0.0,0.13897763
7.0,3.764662
0.0,0.022640932
2.0,1.2427906
0.0,0.037437767
14.0,1.1298703
0.0,0.035542913
0.0,0.12264903
0.0,0.019749971
3.0,0.11859589
0.0,0.03006966
0.0,0.085594915
0.0,0.0696302
0.0,-0.0114470115
0.0,-0.017413147
0.0,-0.0114470115
0.0,-0.017413147
0.0,-0.0114470115
0.0,-0.017413147
0.0,0.017130494
0.0,0.019910626
0.0,0.028458394
0.0,-0.0051494837
0.0,-0.033128165
0.0,-0.028529933
0.0,-0.042377606
0.0,-0.048257206
0.0,-0.040726975
0.0,1.5017138
0.0,-0.066661924
0.0,-0.07465469
0.0,-0.086666405
0.0,-0.054955967
0.0,-0.045566116
0.0,-0.0639647
0.0,0.035174
0.0,0.0901111
7.0,2.776839
0.0,0.03927788
0.0,1.1561563
0.0,0.03691854
0.0,0.1084957
0.0,0.032726757
0.0,1.5682265
0.0,0.025415694
0.0,0.033255484
0.0,0.03153909
0.0,-0.0114470115
0.0,-0.017413147
0.0,0.017130494
0.0,0.019910626
0.0,0.048989985
0.0,0.049877286
0.0,0.04915193
0.0,-0.0017698436
0.0,-0.0114470115
0.0,-0.017413147
0.0,-0.0114470115
0.0,-0.017413147
0.0,0.013804481
0.0,0.017111925
0.0,0.0557062
0.0,0.05240557
0.0,0.04576472
0.0,0.042545605
0.0,0.0377949
0.0,0.03669934
6.0,0.04474728
0.0,0.039324112
1.0,2.0104756
0.0,0.050254125
10.0,1.6930652
0.0,0.19023737
10.0,0.48556867
0.0,0.049176197
0.0,0.15210651
0.0,-0.0114470115
0.0,-0.017413147
0.0,0.017130494
0.0,0.019910626
0.0,0.0641862
0.0,-0.006631657
0.0,-0.0114470115
0.0,-0.017413147
0.0,0.017130494
0.0,0.019910626
0.0,0.0641862
0.0,0.04004666
0.0,0.019831186
0.0,0.0095935725
0.0,-0.011893108
0.0,-0.01556893
0.0,-0.008521043
0.0,0.919456
0.0,0.07060608
0.0,-0.072842546
0.0,-0.0780854
0.0,-0.031713706
0.0,-0.032979086
0.0,-0.07200142
0.0,0.091244705
0.0,0.5592557
2.0,4.252515
0.0,0.030842489
0.0,1.159843
0.0,0.015049016
4.0,2.0291965
0.0,0.0105342
0.0,0.004027834
0.0,0.004108086
1.0,2.2976155
0.0,0.008375257
0.0,-0.018057922
0.0,0.021371877
0.0,-0.0114470115
0.0,-0.017413147
0.0,0.013804481
0.0,0.017326714
0.0,-0.015021404
0.0,-0.0114470115
0.0,-0.017413147
0.0,0.2969093
0.0,0.08016523
0.0,0.07298314
0.0,0.07752491
0.0,0.066506736
0.0,0.083756775
0.0,-0.0100189475
0.0,-0.0114470115
0.0,-0.017413147
0.0,0.013804481
0.0,0.017326714
0.0,0.013939273
0.0,0.01815958
0.0,0.014522263
0.0,0.010534858
0.0,0.012848731
0.0,0.015357914
0.0,0.020062111
0.0,0.079046115
0.0,-0.022172317
0.0,-0.02258011
0.0,-0.015650144
0.0,0.07792411
0.0,0.06295598
1.0,0.061921958
0.0,0.02956031
0.0,0.2289522
0.0,0.039206803
0.0,0.1274602
0.0,0.04337292
0.0,-0.04250718
0.0,-0.0114470115
0.0,-0.017413147
0.0,0.017130494
0.0,0.019910626
0.0,0.048989985
0.0,0.020419242
0.0,0.009594712
0.0,0.014750454
0.0,0.0008430227
0.0,-0.0063968296
0.0,-0.0028328998
0.0,0.25931513
0.0,0.013197122
4.0,4.3456016
0.0,0.022412615
5.0,1.9633379
0.0,0.021798745
0.0,0.10318673
0.0,0.011950839
0.0,1.9551083
0.0,0.0119191995
0.0,0.056107003
0.0,0.025776042
0.0,0.04803056
1.0,0.034682766
0.0,0.11544304
0.0,0.06608977
0.0,0.086150594
0.0,0.06598077
0.0,0.020118907
0.0,0.0034408167
0.0,-0.0114470115
0.0,-0.017413147
0.0,0.017130494
0.0,0.019910626
0.0,0.014586961
0.0,0.0036095527
0.0,-0.019870654
0.0,-0.025429957
0.0,-0.031051375
0.0,-0.025151812
0.0,-0.024430966
0.0,1.1231636
0.0,0.10479576
0.0,-0.053228807
0.0,0.15251607
0.0,0.21135835
0.0,0.18108898
0.0,0.024955388
0.0,0.00839917
0.0,0.025847023
0.0,0.052080154
0.0,0.05168941
0.0,0.049686868
0.0,0.04987612
0.0,0.048883438
0.0,0.07489398
0.0,0.10242476
0.0,0.09982573
0.0,0.047238454
0.0,-0.069050044
0.0,-0.060567584
0.0,-0.06019566
0.0,-0.043889266
0.0,-0.0114470115
0.0,-0.017413147
0.0,0.017130494
0.0,0.019910626
0.0,0.07280954
0.0,0.07429285
0.0,0.052651923
0.0,0.053883336
0.0,0.063017614
0.0,-0.017300902
0.0,-0.0114470115
0.0,-0.017413147
0.0,0.017130494
0.0,0.019910626
0.0,0.028458394
0.0,-0.01138467
0.0,-0.0114470115
0.0,-0.017413147
0.0,-0.0114470115
0.0,-0.017413147
0.0,0.013804481
0.0,0.017111925
0.0,-0.009986446
0.0,-0.0114470115
0.0,-0.017413147
0.0,-0.0114470115
0.0,-0.017413147
0.0,0.017130494
0.0,0.019910626
0.0,0.04837444
0.0,0.04629099
0.0,0.36361462
0.0,0.2598987
0.0,0.12550113
0.0,0.114934914
0.0,0.10446744
0.0,0.16697764
0.0,0.07603075
0.0,0.22019628
0.0,0.2545306
0.0,0.07997651
0.0,0.076161034
0.0,0.027074508
0.0,0.03186737
0.0,0.05320948
0.0,0.069526084
0.0,1.5532852
0.0,1.6055447
7.0,1.5320987
0.0,0.06535573
0.0,0.9999137
0.0,0.05163444
0.0,0.08304991
0.0,0.018714957
3.0,0.5500309
0.0,0.007689115
0.0,0.012709912
0.0,0.016488302
0.0,0.0064865304
0.0,0.015581114
0.0,-0.0114470115
0.0,-0.017413147
0.0,0.013804481
0.0,0.017111925
0.0,-0.009986446
0.0,-0.0114470115
0.0,-0.017413147
0.0,0.013804481
0.0,0.017111925
0.0,-0.009986446
0.0,-0.0114470115
0.0,-0.017413147
0.0,-0.0114470115
0.0,-0.017413147
0.0,-0.0114470115
0.0,-0.017413147
0.0,-0.0114470115
0.0,-0.017413147
0.0,-0.0114470115
0.0,-0.017413147
0.0,0.013804481
0.0,0.017326714
0.0,-0.015021404
0.0,-0.0114470115
0.0,-0.017413147
0.0,0.013804481
0.0,0.03132704
0.0,0.05481084
0.0,0.049097568
0.0,0.03367582
0.0,0.03280384
0.0,-0.0059443754
0.0,-0.0114470115
0.0,-0.017413147
0.0,0.013804481
0.0,0.017111925
0.0,0.0557062
0.0,0.05240557
0.0,0.04576472
0.0,0.05142084
0.0,0.04527452
0.0,0.04103848
0.0,0.0007312074
0.0,0.0011620283
0.0,-0.008307671
0.0,-0.017870642
0.0,-0.013906366
0.0,-0.017456364
0.0,0.4164135
0.0,0.18547104
7.0,1.5715679
0.0,0.052006997
2.0,0.5458081
0.0,0.050282698
0.0,0.26467258
0.0,0.04130839
3.0,0.48732212
0.0,0.035648976
0.0,0.080754936
0.0,0.0612537
0.0,0.5043546
0.0,0.09282141
0.0,0.11694713
0.0,0.103191055
0.0,0.1582533
0.0,0.19808117
0.0,0.34724918
0.0,0.28366542
0.0,0.20166323
0.0,0.16805527
0.0,0.1803683
0.0,0.18977608
0.0,0.16636825
0.0,0.15241182
0.0,0.16042411
0.0,0.14373872
0.0,0.08232159
0.0,0.15442467
0.0,0.105502576
0.0,0.09388627
0.0,0.0833999
0.0,0.09182298
0.0,0.07528442
0.0,0.09082318
0.0,0.09111508
0.0,0.09058164
0.0,0.09811453
0.0,0.089457124
0.0,0.08899809
0.0,0.08831602
0.0,0.075799294
0.0,0.08625514
2.0,0.09225821
0.0,0.088348195
0.0,0.14755034
0.0,0.124487095
0.0,0.14732718
0.0,0.123028606
0.0,0.12632394
0.0,0.12586568
0.0,0.12805028
0.0,0.12745577
0.0,0.084369786
0.0,0.12977983
0.0,0.108056925
0.0,0.10298612
0.0,0.11124105
0.0,0.11707511
0.0,0.089982435
0.0,0.12403382
0.0,0.11582814
0.0,0.092588335
0.0,0.102669775
1.0,0.09557262
0.0,0.12300112
0.0,0.02484955
0.0,0.021960516
0.0,-0.0114470115
0.0,-0.017413147
0.0,0.017130494
0.0,0.019910626
0.0,0.04837444
0.0,0.04629099
0.0,0.055052202
0.0,0.057598803
0.0,0.097252384
0.0,0.08228529
0.0,0.08189277
0.0,0.17960411
0.0,0.08609861
0.0,0.28919423
0.0,0.10023461
0.0,-0.032343686
0.0,-0.0114470115
0.0,-0.017413147
0.0,-0.0114470115
0.0,-0.017413147
0.0,0.013804481
0.0,0.017111925
0.0,0.0557062
0.0,0.05240557
0.0,0.04576472
0.0,0.042545605
0.0,0.0032196178
0.0,-0.0114470115
0.0,-0.017413147
0.0,0.013804481
0.0,0.017111925
0.0,-0.009986446
0.0,-0.0114470115
0.0,-0.017413147
0.0,0.013804481
0.0,0.031828027
0.0,0.047145005
0.0,0.0373829
0.0,0.028853346
0.0,0.026750209
7.0,0.020781592
0.0,0.04522497
22.0,1.6137924
0.0,0.0641406
0.0,-0.0114470115
0.0,-0.017413147
0.0,0.017130494
0.0,0.019910626
0.0,0.046098515
0.0,0.010297548
0.0,-0.003158137
0.0,0.0043847114
0.0,-0.024842761
0.0,-0.044896465
0.0,-0.046729207
6.0,2.5565627
0.0,0.052982938
0.0,1.6470743
0.0,0.11968805
0.0,1.8515117
0.0,0.057102725
0.0,1.2424988
0.0,0.041866455
3.0,0.99609554
0.0,0.008441399
0.0,1.2752223
0.0,0.075694166
0.0,1.1081359
0.0,0.07663322
4.0,1.6216928
0.0,0.017364789
1.0,1.4133161
0.0,0.0150700165
4.0,1.1766294
0.0,0.034383923
1.0,1.1036516
0.0,0.009788578
2.0,1.2325525
0.0,-0.0024952246
1.0,1.7666842
0.0,0.023407985
0.0,0.8681944
0.0,0.05035084
2.0,1.0679466
0.0,0.0073689697
0.0,0.61751175
0.0,-0.0114470115
0.0,-0.017413147
0.0,-0.0114470115
0.0,-0.017413147
0.0,0.017130494
0.0,0.019910626
0.0,0.0649356
0.0,0.071000606
0.0,0.049983047
0.0,0.012333707
0.0,-0.0098818
0.0,-0.016564932
0.0,-0.018619811
0.0,-0.021766396
0.0,0.025070623
7.0,1.645639
0.0,0.18315667
23.0,1.8432808
0.0,0.040587623
0.0,0.081042305
0.0,0.051340006
0.0,0.095582955
0.0,-0.0114470115
0.0,-0.017413147
0.0,0.017130494
0.0,0.019910626
0.0,0.05765182
0.0,0.022282308
0.0,-0.0046119895
0.0,-0.01717252
0.0,-0.04570316
0.0,-0.057887863
0.0,-0.049087133
6.0,4.6487775
0.0,0.12951213
0.0,0.08823896
0.0,0.053647723
1.0,2.193039
0.0,0.051107
0.0,0.13436426
0.0,0.08774509
0.0,0.16306955
0.0,0.29073152
0.0,0.44707456
0.0,0.104990385
0.0,0.11152163
0.0,0.11236486
0.0,0.11377694
0.0,0.08909632
0.0,0.1093256
0.0,0.082333095
0.0,0.12975182
0.0,0.13090597
0.0,0.19320376
0.0,0.13332807
0.0,0.21879686
0.0,0.0775113
0.0,0.07047325
0.0,0.07523672
0.0,0.07594039
0.0,0.07784156
0.0,0.07496729
0.0,0.076772645
0.0,-0.030852215
0.0,-0.033094753
0.0,-0.024569556
0.0,-0.027007531
0.0,-0.0114470115
0.0,-0.017413147
0.0,0.013804481
0.0,0.022905119
0.0,-0.011782128
0.0,-0.0114470115
0.0,-0.017413147
0.0,0.013804481
0.0,0.017111925
0.0,-0.009986446
0.0,-0.0114470115
0.0,-0.017413147
0.0,0.017130494
0.0,0.019910626
0.0,0.04837444
1.0,0.04629099
0.0,0.024482237
0.0,0.0073195975
0.0,-0.0114470115
0.0,-0.017413147
0.0,0.013804481
0.0,0.017111925
0.0,0.0557062
0.0,0.05240557
0.0,0.04576472
0.0,0.042545605
0.0,0.0032196178
0.0,-0.0114470115
0.0,-0.017413147
0.0,0.017130494
0.0,0.019910626
0.0,0.048989985
0.0,0.049877286
0.0,0.039165407
0.0,0.021970648
0.0,0.010255548
0.0,-0.0040363967
0.0,-0.0026870638
0.0,-0.0070858593
0.0,0.005254079
0.0,1.5790552
0.0,0.24256799
7.0,2.8114252
0.0,0.02755379
0.0,1.5010344
0.0,0.045951463
0.0,0.078326255
0.0,0.032711834
0.0,1.1926016
0.0,0.019072264
0.0,0.01996423
0.0,0.031496357
0.0,-0.0114470115
0.0,-0.017413147
0.0,0.013804481
0.0,0.012498517
0.0,0.008281883
0.0,0.004250933
0.0,0.0056200502
0.0,0.004115711
0.0,0.0017161905
0.0,-0.0023236005
0.0,-0.008613352
0.0,-0.013750246
0.0,-0.027509358
0.0,-0.054977372
0.0,-0.052593786
0.0,0.045105934
0.0,2.9643674
0.0,2.2336423
0.0,-0.048169356
0.0,-0.0509677
0.0,-0.044708755
0.0,-0.049200114
0.0,0.09527456
7.0,0.236831
0.0,0.056958664
2.0,1.2747343
0.0,0.041395232
0.0,0.073312074
0.0,0.024289107
3.0,0.9579999
0.0,0.021914994
0.0,-0.008749436
0.0,-0.0005745798
0.0,-0.01087299
0.0,-0.0021082282
0.0,-0.0114470115
0.0,-0.017413147
0.0,0.013804481
0.0,0.01909547
0.0,0.04418195
0.0,0.03765988
0.0,0.030388057
0.0,0.02810405
0.0,0.026588008
0.0,0.027177813
0.0,0.004636511
0.0,-0.005299905
0.0,-0.0057287244
0.0,-0.016863748
0.0,-0.019839697
0.0,0.1356043
0.0,0.43930343
0.0,0.17658718
0.0,2.1717806
0.0,1.9997296
0.0,1.6053848
0.0,1.253822
0.0,0.043722883
0.0,-0.017784007
0.0,-0.05485507
0.0,-0.050038904
0.0,-0.05220028
0.0,0.8923847
0.0,1.0533144
7.0,1.037901
0.0,0.039294653
2.0,0.43248415
0.0,0.031883225
0.0,0.57147574
0.0,0.033894155
4.0,0.5062574
0.0,0.07020149
1.0,0.12990484
0.0,0.038873788
8.0,0.17006916
0.0,0.046794463
1.0,0.18999901
0.0,0.056498382
0.0,0.15545763
0.0,0.057300266
0.0,0.093797915
0.0,0.057137683
0.0,0.09944441
0.0,0.04852755
0.0,0.13903421
8.0,0.1585501
0.0,0.05960251
0.0,-0.0114470115
0.0,-0.017413147
0.0,0.013804481
0.0,0.017111925
0.0,-0.009986446
0.0,-0.0114470115
0.0,-0.017413147
0.0,-0.0114470115
0.0,-0.017413147
0.0,-0.0114470115
0.0,-0.017413147
0.0,0.013804481
0.0,0.03132704
0.0,0.05481084
0.0,0.049097568
0.0,0.03367582
0.0,0.03280384
0.0,0.02149152
0.0,0.0040532677
0.0,0.0021457195
0.0,-0.0018771752
0.0,-0.0015779793
0.0,-0.021760773
0.0,0.25474063
0.0,0.15555318
0.0,-0.011385759
0.0,-0.012572384
0.0,-0.017969387
0.0,-0.0074680685
0.0,0.6487015
0.0,1.1172924
0.0,1.6138325
7.0,1.4654543
0.0,0.03623949
3.0,0.8984548
0.0,0.041325036
9.0,0.15257972
0.0,0.028733702
0.0,0.06245583
0.0,0.067471914
0.0,0.06370561
0.0,0.052180268
0.0,0.082535215
3.0,0.053855572
0.0,0.053379532
0.0,0.056843985
0.0,0.03972109
2.0,0.07137334
0.0,0.04099648
0.0,0.052804194
0.0,0.056877095
0.0,0.05282284
0.0,0.053262144
0.0,-0.0114470115
0.0,-0.017413147
0.0,0.017130494
0.0,0.019910626
0.0,0.06288257
0.0,0.030916205
0.0,0.00052558776
0.0,0.008785306
0.0,-0.011831247
0.0,-0.018714502
0.0,-0.013272865
7.0,1.143253
0.0,0.34702018
0.0,2.295474
0.0,0.1157048
0.0,0.28189927
0.0,0.04177002
0.0,1.5849931
0.0,0.052878745
0.0,0.06788047
0.0,0.061504282
0.0,0.08556358
0.0,0.06213614
0.0,0.07044543
0.0,0.12302483
0.0,0.16084194
0.0,0.12213426
0.0,0.14770953
0.0,0.18974628
0.0,0.09612795
0.0,0.06337021
0.0,0.11099343
0.0,0.07982556
0.0,0.10009988
0.0,0.049876478
0.0,0.045525912
0.0,0.055680793
0.0,0.064633034
0.0,0.060166348
0.0,0.054424122
0.0,0.056828406
0.0,0.063033395
0.0,0.06505965
0.0,0.053851064
0.0,0.07187641
0.0,0.067466974
0.0,0.07144042
0.0,0.03925972
0.0,-0.011132136
0.0,-0.014757192
0.0,-0.0097803455
0.0,-0.0114470115
0.0,-0.017413147
0.0,0.017130494
0.0,0.019910626
0.0,0.058194634
0.0,0.023656162
0.0,0.00017076283
0.0,0.009185069
0.0,-0.012325018
0.0,-0.025080832
0.0,-0.016345734
0.0,0.97836334
0.0,0.050121944
7.0,3.8485172
0.0,0.28230426
0.0,2.104594
0.0,0.029775733
0.0,0.091043666
0.0,0.02205546
0.0,1.3930491
0.0,0.019080473
0.0,-0.004282193
0.0,-0.0046656933
0.0,0.014923293
0.0,0.006240633
0.0,-0.0114470115
0.0,-0.017413147
0.0,0.017130494
0.0,0.019910626
0.0,0.06799649
0.0,0.039001156
0.0,0.020125594
0.0,0.025949819
0.0,0.011145055
0.0,0.0043042568
0.0,0.011977919
0.0,0.50560266
0.0,0.07686577
7.0,4.2797256
0.0,0.1545976
6.0,2.162087
0.0,0.21532024
3.0,0.47953516
0.0,0.03484965
0.0,0.079319626
0.0,0.03114338
3.0,0.7099202
0.0,0.0154045755
0.0,0.058022175
0.0,0.027228097
0.0,0.024147449
0.0,0.020425018
0.0,-0.0114470115
0.0,-0.017413147
0.0,0.017130494
0.0,0.019910626
0.0,0.06288257
0.0,0.030916205
0.0,0.00052558776
0.0,0.008785306
0.0,-0.011831247
0.0,-0.018714502
0.0,-0.013272865
0.0,1.143253
0.0,0.037981417
0.0,4.406239
0.0,0.11494469
0.0,3.5541127
0.0,2.107883
0.0,2.1804118
0.0,1.9151587
7.0,1.7928323
0.0,0.01709176
0.0,1.4846517
0.0,0.0328162
3.0,0.8877497
0.0,0.028563168
3.0,0.80867255
0.0,0.023622444
0.0,0.18735114
0.0,0.011628135
0.0,1.3717684
0.0,0.004193151
0.0,0.04388853
0.0,0.011353208
0.0,0.01990627
0.0,0.038987655
0.0,0.05207772
0.0,0.044426683
0.0,0.043451983
0.0,0.043212015
0.0,0.06419573
0.0,0.07611911
0.0,0.05495726
0.0,0.04541506
0.0,0.054941706
0.0,0.089962445
0.0,0.062014773
0.0,0.084820665
0.0,0.064522356
0.0,0.056903996
0.0,0.05621588
0.0,0.04990819
0.0,0.05087828
0.0,0.047046285
0.0,-0.0114470115
0.0,-0.017413147
0.0,0.017130494
0.0,0.019910626
0.0,0.058194634
0.0,0.023656162
0.0,0.008742318
0.0,0.011286863
0.0,-0.011096823
0.0,-0.02431302
0.0,-0.015315559
0.0,1.1404996
0.0,0.05380772
2.0,4.636115
0.0,0.019330777
4.0,1.8297949
0.0,0.012775725
3.0,1.9153391
0.0,0.012967943
0.0,1.6923314
0.0,0.003953029
4.0,1.8455441
0.0,-0.0070452015
0.0,1.3231841
0.0,0.02132491
3.0,1.4778318
0.0,-0.009290197
3.0,2.212119
0.0,0.017052269
3.0,1.1712536
0.0,0.015549221
1.0,1.7065773
0.0,0.004889223
0.0,1.7634121
0.0,0.0100279655
1.0,1.9158559
0.0,0.022940433
0.0,1.2113338
0.0,-0.0114470115
0.0,-0.017413147
0.0,0.017130494
0.0,0.019910626
0.0,0.048989985
0.0,0.049877286
0.0,0.040298913
0.0,0.0559867
0.0,0.087742485
6.0,0.06824829
0.0,0.5240431
22.0,4.809997
0.0,0.15031476
0.0,-0.0114470115
0.0,-0.017413147
0.0,-0.0114470115
0.0,-0.017413147
0.0,0.017130494
0.0,0.019910626
0.0,0.04837444
0.0,0.04629099
0.0,0.36361462
0.0,0.2598987
0.0,0.572031
0.0,0.29167137
0.0,0.05004445
0.0,-0.046962082
0.0,-0.0114470115
0.0,-0.017413147
0.0,0.017130494
0.0,0.019910626
0.0,0.05765182
0.0,0.022282308
0.0,-0.005235055
0.0,-0.017184071
0.0,-0.042920798
0.0,-0.05587995
0.0,-0.043313876
5.0,4.650148
0.0,0.048813596
0.0,0.059690792
0.0,0.04110214
1.0,1.9978689
0.0,0.042965002
0.0,0.08387092
0.0,0.07333419
0.0,0.07084408
0.0,0.06733188
0.0,0.08340633
0.0,0.09543775
0.0,0.18885843
0.0,0.08026963
0.0,0.10555509
0.0,0.054101646
0.0,0.083212286
0.0,0.048134398
0.0,0.057961226
0.0,0.050576273
0.0,0.16643685
0.0,0.044216454
0.0,0.05181574
0.0,0.047841787
0.0,-0.029744651
0.0,-0.025450628
0.0,-0.0114470115
0.0,-0.017413147
0.0,0.013804481
0.0,0.026970774
0.0,0.042454258
0.0,0.037040055
0.0,0.027924346
0.0,0.02693417
0.0,0.020497164
0.0,0.020691536
0.0,0.031322148
0.0,0.06920224
0.0,-0.00876542
0.0,-0.010103252
0.0,-0.015770825
0.0,-0.01802727
0.0,-0.01241102
0.0,-0.0502712
0.0,0.36059898
0.0,0.34045535
7.0,3.4751616
0.0,0.046505652
0.0,0.76270753
0.0,0.04129712
0.0,0.20011456
0.0,0.032125805
0.0,0.13990386
0.0,0.035442825
8.0,0.10094512
0.0,0.058157396
0.0,0.06009823
0.0,0.05295269
0.0,0.1251869
0.0,0.053182956
0.0,0.061159287
0.0,0.047431055
0.0,0.06670673
0.0,0.06691461
0.0,0.023085685
0.0,0.021837883
0.0,0.022124287
0.0,0.014320823
0.0,-0.0114470115
0.0,-0.017413147
0.0,0.013804481
0.0,0.026970774
0.0,-0.01299971
0.0,-0.0114470115
0.0,-0.017413147
0.0,0.017130494
0.0,0.019910626
0.0,0.048989985
0.0,0.020419242
0.0,0.0020850748
0.0,0.008196667
0.0,-0.0053013233
0.0,-0.0130163785
0.0,-0.00654297
0.0,0.30097896
0.0,0.014523529
2.0,3.9804432
0.0,0.032848526
5.0,1.4467286
0.0,0.02643513
6.0,1.4384444
0.0,0.010736071
2.0,1.1545564
0.0,0.0025211393
0.0,0.1908214
0.0,-0.0006041676
0.0,2.1140394
0.0,0.009223118
0.0,0.08709913
0.0,0.022859192
0.0,-0.0114470115
0.0,-0.017413147
0.0,0.013804481
0.0,0.026970774
0.0,0.042454258
0.0,0.037040055
0.0,0.027924346
0.0,0.02609031
0.0,0.02007032
0.0,0.036944047
0.0,-0.009659462
0.0,-0.021365391
0.0,-0.023661658
0.0,-0.036436394
0.0,-0.044833537
0.0,0.48553875
0.0,2.9425673
0.0,2.3941908
0.0,-0.04092236
0.0,-0.048014197
0.0,-0.04508587
0.0,-0.046832815
0.0,0.09373058
6.0,0.3432892
0.0,0.04929541
0.0,0.03915738
0.0,0.034294248
1.0,1.7023255
0.0,0.03829262
0.0,0.06442554
0.0,0.03832345
0.0,0.06459623
1.0,0.05374791
0.0,0.15259545
0.0,0.048900157
0.0,0.049649604
0.0,0.04527728
0.0,0.06896549
0.0,0.07712664
0.0,0.07847131
0.0,0.08195562
0.0,0.07475088
0.0,0.07682341
0.0,0.07765711
0.0,0.066881225
0.0,0.08187775
1.0,0.07199782
0.0,0.10784703
0.0,0.11313056
0.0,0.09822685
0.0,0.07816611
0.0,0.06237132
0.0,0.060330577
0.0,0.06544009
0.0,0.07060456
0.0,0.061857637
0.0,0.079298854
0.0,0.08328296
0.0,0.07591709
0.0,0.070886
0.0,0.06293574
0.0,0.069045104
0.0,0.065447405
0.0,0.07185085
0.0,0.041922946
0.0,-0.026408633
0.0,-0.028647777
0.0,-0.028277574
0.0,-0.0114470115
0.0,-0.017413147
0.0,-0.0114470115
0.0,-0.017413147
0.0,0.017130494
0.0,0.019910626
0.0,0.04837444
0.0,0.04629099
0.0,0.030551804
0.0,-0.00060953794
0.0,-0.040711243
0.0,-0.0114470115
0.0,-0.017413147
0.0,0.013804481
0.0,0.016205244
0.0,-0.010247644
0.0,-0.0114470115
0.0,-0.017413147
0.0,-0.0114470115
0.0,-0.017413147
0.0,0.013804481
0.0,0.016205244
0.0,0.014626048
0.0,0.017593587
0.0,0.008535862
0.0,0.0060347854
0.0,0.010938042
0.0,0.011672694
0.0,0.01504248
0.0,0.059277173
0.0,0.049294904
0.0,0.18868232
0.0,0.115143344
0.0,0.11474366
0.0,0.07128465
0.0,0.084543385
0.0,0.11924155
0.0,0.06926415
0.0,0.060644947
0.0,0.060790833
0.0,0.059780467
0.0,0.057904508
0.0,0.054487098
0.0,0.060108617
0.0,0.06527462
0.0,0.35143504
0.0,0.42916492
0.0,1.3067182
0.0,0.09585804
0.0,-0.007549764
0.0,-0.010329644
0.0,-0.009979531
0.0,0.001973766
0.0,0.007184629
0.0,1.1837041
0.0,1.1892956
0.0,1.182757
2.0,1.1686957
0.0,0.020207543
5.0,2.3347669
0.0,0.03651624
0.0,1.3500663
0.0,0.04031601
0.0,0.90976965
0.0,0.025565052
3.0,1.8858098
0.0,0.01808703
0.0,0.07737628
0.0,0.02037866
0.0,1.0454295
0.0,0.01326605
0.0,0.024895882
0.0,-0.0035358116
0.0,-0.0114470115
0.0,-0.017413147
0.0,0.013804481
0.0,0.016205244
0.0,-0.010247644
0.0,-0.0114470115
0.0,-0.017413147
0.0,0.017130494
0.0,0.019910626
0.0,0.04837444
0.0,0.04629099
0.0,0.0181344
0.0,0.004253745
0.0,-0.045760587
0.0,-0.06514704
0.0,-0.06703711
0.0,-0.07104767
0.0,-0.0044795796
7.0,6.170436
0.0,0.0584743
0.0,0.045373134
0.0,0.043525547
1.0,1.5799153
0.0,0.04035733
0.0,0.0054951385
0.0,0.017574765
0.0,-0.0033231496
0.0,0.004701082
0.0,-0.0114470115
0.0,-0.017413147
0.0,-0.0114470115
0.0,-0.017413147
0.0,0.017130494
0.0,0.019910626
0.0,0.04837444
0.0,0.04629099
0.0,0.02934101
0.0,-0.027034028
0.0,-0.0114470115
0.0,-0.017413147
0.0,-0.0114470115
0.0,-0.017413147
0.0,0.017130494
0.0,0.019910626
0.0,0.048989985
0.0,0.049877286
0.0,0.057844497
0.0,0.06336859
0.0,0.069798276
0.0,0.07989866
0.0,0.0824616
0.0,0.113637105
0.0,0.11104848
0.0,0.39536387
0.0,0.16389795
0.0,0.4199458
0.0,0.41965896
2.0,0.5597896
0.0,0.023369987
1.0,2.5706398
0.0,0.0094831
0.0,2.8120818
0.0,0.01827228
0.0,2.531732
0.0,0.01871012
0.0,-0.033577986
0.0,-0.0114470115
0.0,-0.017413147
0.0,0.013804481
0.0,0.016205244
0.0,0.04035001
0.0,0.033032488
0.0,0.027323725
0.0,0.024731351
0.0,0.019897226
0.0,0.11036208
0.0,0.09809305
0.0,0.074323885
0.0,0.059498496
0.0,0.19440778
0.0,0.11822295
0.0,0.095762916
1.0,0.068669155
0.0,0.045649886
0.0,-0.006513154
0.0,-0.0114470115
0.0,-0.017413147
0.0,-0.0114470115
0.0,-0.017413147
0.0,-0.0114470115
0.0,-0.017413147
0.0,0.013804481
0.0,0.016205244
0.0,0.04035001
0.0,0.033032488
0.0,0.027323725
0.0,0.024731351
0.0,0.0031278147
0.0,-0.02288845
0.0,-0.022902029
0.0,-0.0364404
0.0,-0.03675274
0.0,-0.027976453
7.0,3.306175
0.0,0.061741643
0.0,0.055930667
0.0,0.056209013
0.0,2.3532417
0.0,0.0528143
0.0,0.014018866
0.0,0.008523246
0.0,-0.00039680002
0.0,-0.0048985197
0.0,-0.0114470115
0.0,-0.017413147
0.0,0.017130494
0.0,0.019910626
0.0,0.048989985
0.0,-0.00029103903
0.0,-0.0114470115
0.0,-0.017413147
0.0,0.017130494
0.0,0.019910626
0.0,0.04837444
0.0,0.008183443
0.0,0.0011201799
0.0,0.00657998
0.0,-0.0066443486
0.0,0.0056143505
0.0,0.011274374
7.0,0.20745957
0.0,0.4425064
0.0,1.4899478
0.0,0.091353476
0.0,0.15465948
0.0,0.044830576
0.0,0.07453791
0.0,0.07263573
0.0,0.05006573
7.0,0.16249849
0.0,0.026409013
0.0,0.23376943
0.0,0.04709338
0.0,1.064474
0.0,0.01236332
0.0,1.1914483
0.0,0.061669473
0.0,0.056614805
0.0,0.056254663
0.0,1.6891657
0.0,0.022488661
0.0,0.06703022
0.0,0.12649171
0.0,0.09612475
0.0,0.04882829
0.0,0.041016415
0.0,0.04175406
0.0,-0.0114470115
0.0,-0.017413147
0.0,-0.0114470115
0.0,-0.017413147
0.0,0.013804481
0.0,0.016205244
0.0,0.04035001
0.0,0.033032488
0.0,0.027323725
0.0,0.025157562
0.0,0.022461025
0.0,0.06716464
0.0,-0.0062616076
0.0,-0.018740948
0.0,-0.018800275
0.0,-0.028543383
0.0,-0.03671677
0.0,0.43904808
7.0,2.8621755
0.0,0.050084755
0.0,1.20011
0.0,0.03819778
0.0,0.18330157
0.0,0.056191128
0.0,0.043645874
0.0,0.0605459
0.0,0.038779855
0.0,0.022831049
0.0,0.06830863
6.0,0.12037186
0.0,0.037683845
0.0,0.12970817
0.0,0.059611477
0.0,0.13894595
0.0,0.061135575
0.0,0.08940636
0.0,0.0602959
0.0,0.07916662
0.0,0.11993096
0.0,0.17773502
18.0,0.17674862
0.0,0.08632493
0.0,0.109461226
0.0,0.0862007
0.0,-0.0114470115
0.0,-0.017413147
0.0,0.017130494
0.0,0.019910626
0.0,0.04837444
0.0,0.008183443
0.0,0.0011201799
0.0,0.00657998
0.0,-0.0066443486
0.0,0.0056143505
0.0,0.011274374
0.0,0.20745957
0.0,0.035231985
3.0,4.7426405
0.0,0.027600907
0.0,-0.0076945364
0.0,0.06776637
3.0,3.9461539
0.0,0.03174299
0.0,-0.016822508
0.0,-0.00725452
0.0,-0.018313548
0.0,-0.02888572
0.0,-0.0114470115
0.0,-0.017413147
0.0,0.013804481
0.0,0.016205244
0.0,0.014626048
0.0,0.017593587
0.0,0.013091791
0.0,0.013845266
0.0,0.014476868
0.0,0.015482421
0.0,0.019669188
0.0,0.044335157
0.0,-0.012414769
0.0,-0.014233301
0.0,-0.015730344
0.0,-0.019059421
0.0,-0.012327982
0.0,-0.03678286
0.0,0.11844689
0.0,0.11104463
5.0,1.0221512
0.0,0.045188464
0.0,0.028286163
0.0,0.0371845
1.0,0.49151117
0.0,0.036314066
0.0,0.038821146
0.0,0.038943097
0.0,-0.0114470115
0.0,-0.017413147
0.0,0.013804481
0.0,0.022335732
0.0,0.02008215
0.0,0.020272696
0.0,0.014101904
0.0,0.014826196
0.0,0.016144928
0.0,0.014511243
0.0,0.018607296
0.0,0.07737013
0.0,-0.03171074
0.0,-0.03326615
0.0,-0.044391546
0.0,-0.05540305
0.0,-0.05032004
0.0,-0.07881934
0.0,2.5995955
0.0,3.2270758
0.0,4.879259
0.0,2.8641994
0.0,2.951102
0.0,3.0173826
5.0,3.7029614
0.0,0.020478241
0.0,-0.006650251
0.0,0.014962507
2.0,0.9533465
0.0,0.029192261
0.0,0.13253896
0.0,0.028386705
0.0,0.047891006
0.0,0.040076472
0.0,0.043625053
0.0,0.03833452
0.0,0.048022784
0.0,0.04686324
0.0,0.047530152
0.0,0.047671124
0.0,0.033129305
0.0,-0.002667786
0.0,-0.0093054725
0.0,-0.032503657
0.0,-0.0114470115
0.0,-0.017413147
0.0,0.017130494
0.0,0.019910626
0.0,0.046098515
0.0,0.010297548
0.0,0.0010934293
0.0,-0.011233261
0.0,-0.03854437
0.0,-0.058041327
0.0,-0.053245757
0.0,2.6874099
0.0,-0.013966378
0.0,3.8620071
0.0,0.27720678
5.0,1.8145925
0.0,0.01739972
0.0,0.04068852
0.0,0.0142480945
1.0,1.3749434
0.0,0.017563418
0.0,-0.011604298
0.0,-0.009391753
0.0,-0.020799931
0.0,-0.019925522
0.0,-0.0114470115
0.0,-0.017413147
0.0,0.017130494
0.0,0.019910626
0.0,0.046098515
0.0,0.010297548
0.0,-0.003158137
0.0,0.0043847114
0.0,-0.024842761
0.0,-0.044896465
0.0,-0.046729207
0.0,2.5565627
0.0,-0.020877574
0.0,3.8425965
0.0,0.28862274
7.0,1.8944473
0.0,0.023419764
0.0,0.95338464
0.0,0.10280743
0.0,0.85866976
0.0,0.040723022
0.0,0.8658448
0.0,0.034881264
0.0,0.48891148
0.0,0.2746065
2.0,0.68892944
0.0,0.013277906
0.0,0.10139469
0.0,0.026867243
0.0,1.7604522
0.0,0.026067816
0.0,0.075605854
0.0,0.016924722
0.0,0.04557521
0.0,0.044768132
0.0,0.050866324
2.0,0.123546645
0.0,0.11814232
0.0,0.06218118
0.0,0.044871006
0.0,0.120394334
0.0,-0.013605929
0.0,-0.0071083545
0.0,-0.00056642294
0.0,-0.00773831
0.0,-0.0114470115
0.0,-0.017413147
0.0,0.017130494
0.0,0.019910626
0.0,0.04769985
0.0,0.0084474785
0.0,8.273422e-05
0.0,-0.01696994
0.0,-0.04702739
0.0,-0.06317782
0.0,-0.053006824
6.0,4.8957505
0.0,0.08996615
0.0,0.07541217
0.0,0.048782516
0.0,1.9229144
0.0,0.05275809
0.0,0.0885086
0.0,0.06522517
0.0,0.06014302
0.0,0.07184624
0.0,0.11667522
0.0,0.06320636
0.0,0.058532335
0.0,0.04415814
0.0,-0.020226669
0.0,-0.04665179
0.0,-0.028361576
0.0,0.0061776577
0.0,-0.0114470115
0.0,-0.017413147
0.0,0.017130494
0.0,0.019910626
0.0,0.09428927
0.0,0.04828479
0.0,0.026030881
0.0,0.047185462
0.0,0.021090388
0.0,-0.0057347026
0.0,0.017909756
0.0,2.783478
0.0,0.41711256
7.0,3.6758335
0.0,0.051996738
0.0,0.21895103
0.0,0.18694454
0.0,1.466758
0.0,0.03936599
0.0,0.10319476
0.0,0.06279578
0.0,0.12517297
0.0,0.12904844
0.0,0.14905381
0.0,0.14483243
0.0,0.1801468
0.0,0.18752632
0.0,0.17676778
0.0,0.1509704
0.0,0.16791148
4.0,0.17595208
0.0,0.09455795
1.0,0.0699891
0.0,0.09588314
0.0,0.09007358
0.0,0.0909182
0.0,0.072968245
0.0,0.06642051
1.0,0.12782435
0.0,0.071203515
0.0,0.10742444
0.0,0.06953707
0.0,0.141467
0.0,0.14419897
0.0,0.07864045
0.0,0.06466513
0.0,0.12327526
0.0,0.14365403
0.0,0.092825845
0.0,0.07563967
0.0,0.08564558
0.0,0.091159336
1.0,0.09248974
0.0,0.0855541
0.0,0.06982768
0.0,0.113837175
0.0,0.105485275
0.0,0.093921505
0.0,0.079623505
0.0,0.11931177
0.0,0.09272637
0.0,0.08810904
0.0,0.044086296
0.0,0.05469178
0.0,0.028895877
0.0,0.03336302
0.0,0.03277215
0.0,0.033808254
3.0,0.03551725
0.0,0.093096726
0.0,0.064398184
0.0,0.053171102
0.0,0.059784975
0.0,0.07076522
0.0,0.06374462
0.0,0.07486234
0.0,0.06934156
0.0,0.19443199
0.0,0.108176924
0.0,0.18969107
0.0,0.12953928
0.0,0.10882816
0.0,0.118040055
0.0,0.16078295
0.0,0.08976927
0.0,0.1064199
0.0,0.11039226
0.0,0.10163844
0.0,0.0914199
0.0,0.108147055
3.0,0.107301325
0.0,0.112621136
0.0,0.041285038
0.0,0.02364076
0.0,0.15748286
0.0,0.041867316
0.0,0.053950213
0.0,0.1810893
0.0,0.18005075
0.0,0.17340738
0.0,0.11904804
0.0,0.16650487
0.0,0.15675057
0.0,0.10161989
0.0,0.17023653
0.0,0.03455332
0.0,-0.0114470115
0.0,-0.017413147
0.0,0.017130494
0.0,0.019910626
0.0,0.048989985
7.0,0.049877286
0.0,0.5550774
7.0,4.1323256
0.0,0.47511134
16.0,1.9522444
0.0,0.64098084
0.0,-0.0114470115
0.0,-0.017413147
0.0,0.013804481
0.0,0.016205244
0.0,0.014626048
0.0,0.017593587
0.0,0.008535862
0.0,0.0060347854
0.0,0.010938042
0.0,0.012236154
8.0,0.02532336
0.0,0.021121064
0.0,0.7942327
0.0,0.02335846
0.0,0.8577173
0.0,0.02908873
0.0,0.94490886
0.0,0.042270727
0.0,0.54466355
0.0,0.033283554
0.0,0.03711975
0.0,0.0776044
0.0,0.03912822
0.0,0.30892193
0.0,0.29010287
0.0,0.36655736
6.0,1.2859528
0.0,0.042531673
0.0,0.06685852
0.0,-0.0114470115
0.0,-0.017413147
0.0,0.017130494
0.0,0.019910626
0.0,0.048989985
0.0,0.020419242
0.0,0.009594712
0.0,0.014750454
0.0,0.0008430227
0.0,-0.0063968296
0.0,-0.0028328998
7.0,0.25931513
0.0,0.1526422
1.0,2.0698216
0.0,0.077435255
1.0,1.0355221
0.0,0.020794004
17.0,0.83180565
0.0,0.0385162
2.0,0.054069526
0.0,0.034739785
0.0,0.12870122
0.0,0.04300432
0.0,0.077931
0.0,-0.0114470115
0.0,-0.017413147
0.0,0.013804481
0.0,0.016205244
0.0,0.04035001
0.0,0.033032488
0.0,0.027323725
0.0,0.025345374
0.0,0.022897469
0.0,0.025513096
0.0,0.030677628
0.0,0.05659834
0.0,-0.003641066
0.0,-0.006280429
0.0,-0.009371386
0.0,-0.01783827
0.0,-0.0094484715
0.0,-0.04415738
0.0,0.5007202
0.0,0.46226543
7.0,1.9269469
0.0,0.055151176
1.0,0.48275587
0.0,0.036409594
4.0,0.8371107
0.0,0.047932904
1.0,0.5040311
0.0,0.05399239
15.000001,0.8490494
0.0,0.067812346
0.0,0.100836225
0.0,-0.0114470115
0.0,-0.017413147
0.0,0.017130494
0.0,0.019910626
0.0,0.04837444
0.0,0.04629099
0.0,0.03383194
0.0,0.035937507
0.0,0.056977917
0.0,0.060387474
0.0,0.0588024
0.0,0.073475644
0.0,0.096524544
0.0,0.025404928
0.0,0.0032606302
0.0,-0.004487559
0.0,-0.004040399
0.0,-0.017520301
0.0,-0.034369305
0.0,3.0724213
0.0,3.3231466
0.0,-0.06530567
0.0,-0.06773032
0.0,-0.070272565
0.0,-0.07360615
0.0,0.36583483
0.0,1.3705105
0.0,2.2911146
7.0,2.3883445
0.0,0.028646814
0.0,1.3629564
0.0,0.04086835
0.0,0.7027427
0.0,0.035733636
0.0,0.046066318
0.0,0.015063557
3.0,0.101455666
0.0,0.012853316
0.0,-0.007047203
0.0,-0.0038561595
0.0,-0.0095665185
0.0,-0.013678658
0.0,-0.0114470115
0.0,-0.017413147
0.0,0.017130494
0.0,0.019910626
0.0,0.046098515
0.0,0.010297548
0.0,-0.003158137
0.0,0.0043847114
0.0,-0.024842761
0.0,-0.044896465
0.0,-0.046729207
0.0,2.5565627
0.0,-0.020877574
7.0,3.8425965
0.0,0.18003745
8.0,1.9102561
0.0,0.025919093
0.0,1.1814779
0.0,0.23748183
4.0,0.9507351
0.0,0.019340456
0.0,0.20778652
0.0,0.03429602
1.0,0.8404054
0.0,0.024473624
0.0,0.048189417
0.0,0.053711407
0.0,0.05343744
0.0,0.04539107
0.0,-0.0114470115
0.0,-0.017413147
0.0,0.017130494
0.0,0.019910626
0.0,0.048989985
0.0,0.020419242
0.0,0.0020850748
0.0,0.008196667
0.0,-0.0053013233
0.0,-0.0130163785
0.0,-0.00654297
0.0,0.30097896
0.0,0.014523529
1.0,3.9804432
0.0,0.03600869
0.0,0.016058369
0.0,0.029232463
0.0,-0.031752463
0.0,-0.0032634167
0.0,0.042203676
4.0,0.28658116
0.0,0.035741057
0.0,1.7033131
0.0,0.03590972
0.0,0.003132729
0.0,0.005928771
0.0,2.102318
0.0,0.014692595
0.0,-0.015476468
0.0,-0.018243022
0.0,-0.026790006
0.0,-0.02586521
0.0,-0.0114470115
0.0,-0.017413147
0.0,-0.0114470115
0.0,-0.017413147
0.0,0.013804481
0.0,0.016205244
0.0,0.04035001
0.0,0.033032488
0.0,0.027323725
0.0,0.03497991
0.0,-0.0013060658
0.0,-0.0114470115
0.0,-0.017413147
0.0,-0.0114470115
0.0,-0.017413147
0.0,-0.0114470115
0.0,-0.017413147
0.0,-0.0114470115
0.0,-0.017413147
0.0,0.017130494
0.0,0.019910626
0.0,0.046098515
0.0,0.010297548
0.0,-0.003158137
0.0,0.0043847114
0.0,-0.024842761
0.0,-0.044896465
0.0,-0.046729207
0.0,2.5565627
0.0,-0.020877574
7.0,3.8425965
0.0,0.18003745
8.0,1.9102561
0.0,0.02746343
0.0,1.1972704
0.0,0.22327328
0.0,0.07589239
0.0,0.08964547
0.0,-0.0114470115
0.0,-0.017413147
0.0,-0.0114470115
0.0,-0.017413147
0.0,0.017130494
0.0,0.019910626
0.0,0.048989985
0.0,0.049877286
0.0,0.033268582
0.0,0.012391514
0.0,-0.037610583
0.0,-0.057946887
0.0,-0.06384959
0.0,-0.06812418
0.0,-0.0010145962
8.0,6.1163964
0.0,0.083800144
6.0,1.8277748
0.0,0.027124869
0.0,0.13168886
0.0,0.021635734
0.0,0.039012834
0.0,0.084087335
0.0,-0.0114470115
0.0,-0.017413147
0.0,-0.0114470115
0.0,-0.017413147
0.0,-0.0114470115
0.0,-0.017413147
0.0,0.017130494
0.0,0.019910626
0.0,0.048989985
0.0,0.049877286
0.0,0.033003256
0.0,-0.017263487
0.0,-0.0114470115
0.0,-0.017413147
0.0,0.013804481
0.0,0.022905119
0.0,0.03834387
0.0,0.03540052
0.0,0.027717663
0.0,0.025136435
0.0,0.02397575
0.0,0.01864266
0.0,0.03734389
0.0,0.0505919
0.0,-0.005103886
0.0,-0.007651269
0.0,-0.012209124
0.0,-0.010178666
0.0,-0.0027975617
0.0,-0.030113332
0.0,0.55621046
0.0,0.51263463
7.0,3.5584767
0.0,0.05249869
0.0,0.7204285
0.0,0.03303877
0.0,0.061740756
0.0,0.020327643
1.0,0.226549
0.0,0.0333271
0.0,0.027817698
0.0,0.043892913
0.0,-0.0114470115
0.0,-0.017413147
0.0,-0.0114470115
0.0,-0.017413147
0.0,-0.0114470115
0.0,-0.017413147
0.0,0.013804481
0.0,0.016205244
0.0,-0.010247644
0.0,-0.0114470115
0.0,-0.017413147
0.0,-0.0114470115
0.0,-0.017413147
0.0,-0.0114470115
0.0,-0.017413147
0.0,0.013804481
0.0,0.03659829
0.0,0.08576023
0.0,0.08069895
0.0,0.06535155
0.0,0.060881343
0.0,0.033708066
0.0,0.016004208
0.0,0.013295992
0.0,0.0053047687
0.0,0.0034882887
0.0,-0.032321192
7.0,1.5743821
0.0,0.044558283
2.0,1.8749405
0.0,0.037778027
0.0,0.26165324
0.0,0.02101875
3.0,1.3659695
0.0,0.041628107
0.0,0.0456814
0.0,0.05385142
0.0,0.08349216
0.0,0.059588704
0.0,0.075683095
0.0,0.11238707
0.0,0.12320603
0.0,0.07417612
0.0,0.07438653
0.0,0.052393664
0.0,0.027243726
0.0,0.002215585
0.0,-0.007891467
0.0,0.009174228
0.0,-0.0114470115
0.0,-0.017413147
0.0,-0.0114470115
0.0,-0.017413147
0.0,0.013804481
0.0,0.012500315
0.0,-0.016412053
0.0,-0.0114470115
0.0,-0.017413147
0.0,0.017130494
0.0,0.019910626
0.0,0.04769985
0.0,0.026870536
0.0,0.027796825
0.0,0.031420816
0.0,0.09673404
0.0,0.09641585
0.0,0.10307291
0.0,0.0134946965
0.0,0.010861996
0.0,0.0031005575
0.0,-0.025764845
0.0,-0.031050768
0.0,0.0032409725
7.0,1.8406596
0.0,0.016536206
1.0,1.4779179
0.0,0.014939987
3.0,0.49778593
0.0,0.010522522
2.0,0.36581987
0.0,0.015374456
1.0,0.5455231
0.0,0.01018054
3.0,0.5117569
0.0,-0.0011560499
0.0,0.10964929
0.0,0.008604309
0.0,0.916466
0.0,-0.0075690164
0.0,0.20982777
0.0,0.0096561685
0.0,0.48886037
0.0,0.18826775
0.0,0.24605262
0.0,0.1711859
0.0,0.28415665
0.0,0.13631816
0.0,0.12560241
0.0,0.3114235
0.0,0.33824292
0.0,0.24159297
0.0,0.24129444
0.0,0.30865288
0.0,0.1969317
0.0,0.22284278
0.0,0.1944279
0.0,0.138546
0.0,0.18780467
1.0,0.20605479
0.0,0.15874569
0.0,0.19907494
0.0,0.16130455
0.0,0.15923364
0.0,0.14517018
0.0,0.14903909
0.0,0.12292175
0.0,0.16199663
0.0,0.17664966
0.0,0.13861227
0.0,0.15835747
0.0,0.09759013
0.0,0.09391246
0.0,0.09427496
0.0,0.09356443
0.0,0.09879054
0.0,0.10353978
0.0,0.10870441
0.0,0.0811031
0.0,0.07354282
0.0,0.07452682
0.0,0.08214784
0.0,0.085824095
0.0,0.08123328
0.0,0.08707293
0.0,0.09456182
0.0,0.15017404
0.0,0.091516815
0.0,0.12349286
0.0,0.13620926
0.0,-0.0114470115
0.0,-0.017413147
0.0,0.017130494
0.0,0.019910626
0.0,0.046098515
0.0,0.010297548
0.0,-0.003158137
0.0,0.0043847114
0.0,-0.024842761
0.0,-0.044896465
0.0,-0.046729207
7.0,2.5565627
0.0,0.0937478
0.0,0.06845543
0.0,0.07176553
0.0,-0.0114470115
0.0,-0.017413147
0.0,-0.0114470115
0.0,-0.017413147
0.0,0.017130494
0.0,0.019910626
0.0,0.10681855
0.0,0.065242395
0.0,0.05467063
0.0,0.08020118
0.0,0.047396097
0.0,0.021618307
0.0,0.033506196
0.0,5.6479383
0.0,0.5865414
7.0,6.540484
0.0,0.37909555
0.0,2.6199381
0.0,0.083083
1.0,0.9880339
0.0,0.040692724
0.0,0.050668783
0.0,0.052901518
3.0,1.11515
0.0,-0.003407353
0.0,0.105049536
0.0,0.023877133
0.0,0.011438272
0.0,-0.0041527716
0.0,-0.0114470115
0.0,-0.017413147
0.0,0.013804481
0.0,0.018229242
0.0,0.011717507
0.0,0.016064955
0.0,0.0070313453
0.0,0.00504737
0.0,0.017048925
0.0,0.019649759
0.0,0.018325023
0.0,0.07375462
0.0,0.061899107
0.0,0.24678525
0.0,0.125448
0.0,0.16643284
0.0,0.0154231945
0.0,-0.007846959
0.0,-0.009841016
0.0,-0.008527781
0.0,-0.010045748
0.0,-0.048989553
0.0,0.34467366
0.0,0.61187243
6.0,0.6202726
0.0,0.025297167
0.0,0.0072805863
0.0,0.01832183
1.0,0.14681393
0.0,0.027093254
0.0,0.00459826
0.0,0.041959375
0.0,-0.0025961725
0.0,-0.0027638196
0.0,-0.0114470115
0.0,-0.017413147
0.0,0.013804481
0.0,0.016205244
0.0,-0.010247644
0.0,-0.0114470115
0.0,-0.017413147
0.0,0.013804481
0.0,0.016205244
0.0,0.04035001
0.0,0.033032488
0.0,0.027323725
0.0,0.036863443
0.0,0.033509336
0.0,0.035828605
0.0,0.044886228
0.0,0.08071025
0.0,0.00898325
0.0,-0.01032174
0.0,-0.0114470115
0.0,-0.017413147
0.0,0.017130494
0.0,0.019910626
0.0,0.09428927
0.0,0.04828479
0.0,0.039036572
0.0,0.05883784
0.0,0.029485378
0.0,0.004507825
0.0,0.026292764
0.0,3.2315366
0.0,0.51362985
0.0,4.5700526
0.0,0.19056128
0.0,-0.005992253
0.0,-0.024495183
0.0,-0.05574739
0.0,-0.027093051
0.0,0.11937274
0.0,1.9878782
0.0,1.6672702
7.0,1.8807166
0.0,0.020473225
0.0,1.7646443
0.0,0.04872676
5.0,0.44510844
0.0,0.01876585
2.0,0.3622293
0.0,0.022728352
0.0,0.06469609
0.0,0.009630457
1.0,1.2644918
0.0,0.009155482
0.0,0.06643497
0.0,0.041005675
0.0,-0.0114470115
0.0,-0.017413147
0.0,0.017130494
0.0,0.019910626
0.0,0.058194634
0.0,0.057614177
0.0,0.05761833
0.0,0.0035916686
0.0,-0.01905775
0.0,-0.042120002
0.0,-0.04420599
0.0,-0.04670299
0.0,-0.017062224
0.0,2.6950774
0.0,0.26157892
7.0,2.8445199
0.0,0.029699154
0.0,0.818246
0.0,0.033118844
0.0,0.08590969
0.0,0.02277851
0.0,0.92505336
0.0,0.019817254
0.0,0.025037741
0.0,0.027441315
0.0,0.048104253
0.0,0.03393456
0.0,0.0694243
0.0,0.06396242
0.0,0.12637714
0.0,0.04092294
0.0,0.03329637
0.0,0.035757143
0.0,-0.0013488769
0.0,0.0025482192
0.0,-0.0021071895
0.0,-0.0038881032
0.0,-0.0114470115
0.0,-0.017413147
0.0,0.017130494
0.0,0.019910626
0.0,0.0641862
0.0,0.06199828
0.0,0.04308875
0.0,0.016575065
0.0,0.013248571
0.0,-0.0029244244
0.0,-0.0075548557
0.0,-0.01043467
0.0,-0.045793165
0.0,1.3846074
0.0,0.52981585
6.0,5.38916
0.0,0.023090549
0.0,-0.003005056
0.0,0.027709734
1.0,1.3043435
0.0,0.015285769
0.0,0.011160001
0.0,0.027758015
0.0,-0.0114470115
0.0,-0.017413147
0.0,-0.0114470115
0.0,-0.017413147
0.0,-0.0114470115
0.0,-0.017413147
0.0,0.013804481
0.0,0.016205244
0.0,0.014626048
0.0,0.017593587
0.0,0.008535862
0.0,0.0060347854
0.0,0.010938042
0.0,0.012185033
0.0,0.018665003
0.0,0.035096638
6.0,0.05089525
0.0,0.014967802
22.0,3.0394044
0.0,0.31065866
0.0,0.057083067
0.0,0.053308707
0.0,0.09335478
0.0,0.047935717
0.0,-0.0114470115
0.0,-0.017413147
0.0,0.013804481
0.0,0.016205244
0.0,-0.010247644
0.0,-0.0114470115
0.0,-0.017413147
0.0,0.013804481
0.0,0.016205244
0.0,-0.010247644
0.0,-0.0114470115
0.0,-0.017413147
0.0,0.013804481
0.0,0.016205244
0.0,0.014626048
0.0,0.017593587
0.0,-0.0036555303
0.0,-0.0114470115
0.0,-0.017413147
0.0,0.013804481
0.0,0.016205244
0.0,-0.010247644
0.0,-0.0114470115
0.0,-0.017413147
0.0,-0.0114470115
0.0,-0.017413147
0.0,0.013804481
0.0,0.016205244
0.0,0.04035001
0.0,0.033032488
0.0,0.027323725
0.0,0.025157562
0.0,0.022461025
0.0,0.021829246
0.0,-0.03325969
0.0,-0.0114470115
0.0,-0.017413147
0.0,-0.0114470115
0.0,-0.017413147
0.0,-0.0114470115
0.0,-0.017413147
0.0,0.013804481
0.0,0.016205244
0.0,0.04035001
0.0,0.033032488
0.0,0.027323725
0.0,0.036863443
0.0,0.033509336
0.0,0.089628674
0.0,0.09610778
0.0,0.08524016
0.0,0.075903155
0.0,0.080394566
1.0,0.069459714
0.0,0.027050873
3.0,0.20002197
0.0,0.040399533
0.0,2.4414015
0.0,0.028934738
0.0,2.2381275
0.0,0.03294248
1.0,1.9834882
0.0,0.041664965
1.0,0.3114667
0.0,0.027944282
18.0,2.3579795
0.0,0.078848906
0.0,0.061304893
0.0,0.08047339
1.0,0.1240112
0.0,0.0991425
0.0,-0.0114470115
0.0,-0.017413147
0.0,-0.0114470115
0.0,-0.017413147
0.0,0.013804481
0.0,0.016205244
0.0,-0.010247644
0.0,-0.0114470115
0.0,-0.017413147
0.0,-0.0114470115
0.0,-0.017413147
0.0,-0.0114470115
0.0,-0.017413147
0.0,0.017130494
0.0,0.019910626
0.0,0.05337411
0.0,0.038425513
0.0,0.027729923
0.0,-0.017827757
0.0,-0.0114470115
0.0,-0.017413147
0.0,0.017130494
0.0,0.019910626
0.0,0.058194634
0.0,0.057614177
0.0,0.03844935
0.0,-0.011047704
0.0,-0.0114470115
0.0,-0.017413147
0.0,0.017130494
0.0,0.019910626
0.0,0.04992562
0.0,0.0535695
0.0,0.037493855
0.0,0.044174198
0.0,0.07251371
0.0,0.06694278
0.0,0.115548424
1.0,0.23459342
0.0,0.03869702
0.0,0.17502671
0.0,0.07412328
0.0,0.17050132
0.0,0.079649046
0.0,0.22855814
0.0,0.05273605
0.0,1.4705648
0.0,1.5197833
7.0,2.8490853
0.0,0.020348769
5.0,1.0206605
0.0,0.021978095
0.0,0.079711154
0.0,0.022093078
2.0,0.6806419
0.0,0.022510903
0.0,0.04429288
0.0,0.041473176
0.0,0.028803619
0.0,0.024963824
0.0,-0.0114470115
0.0,-0.017413147
0.0,-0.0114470115
0.0,-0.017413147
0.0,0.013804481
0.0,0.01909547
0.0,-0.012141361
0.0,-0.0114470115
0.0,-0.017413147
0.0,0.013804481
0.0,0.018229242
0.0,0.011717507
0.0,0.0128330765
0.0,-0.0038836196
0.0,-0.0054102
0.0,-0.0032137155
0.0,-0.00012539327
0.0,0.020403562
0.0,0.054005485
0.0,0.046789978
0.0,0.10832922
0.0,0.08176436
0.0,0.122627094
0.0,-0.0398956
0.0,-0.0114470115
0.0,-0.017413147
0.0,0.017130494
0.0,0.019910626
0.0,0.046098515
0.0,0.058705557
0.0,0.042450357
0.0,-0.0012721717
0.0,-0.020676361
0.0,-0.04461766
0.0,-0.041571084
0.0,-0.04429493
0.0,-0.029207638
0.0,2.6782818
0.0,0.15419017
0.0,0.032978125
0.0,0.019819178
0.0,0.035348084
0.0,0.032323092
0.0,0.057615902
0.0,2.451159
0.0,2.0930436
5.0,2.2182186
0.0,0.008246241
0.0,1.2826889
0.0,0.020290809
1.0,0.87614745
0.0,0.011356096
0.0,0.011245015
0.0,0.013508122
0.0,1.0013244
0.0,0.020295015
0.0,0.03248324
0.0,0.02077541
0.0,0.043036997
0.0,0.044641346
0.0,0.103116736
1.0,0.09892341
0.0,0.10392371
1.0,0.104384676
0.0,0.102160126
0.0,0.12561703
0.0,0.120204724
0.0,0.13020906
0.0,0.12181872
0.0,0.12889238
0.0,0.11539833
1.0,0.13093874
0.0,0.118958235
0.0,0.1422528
0.0,0.1371539
2.0,0.15519775
0.0,0.09162101
0.0,0.115157425
0.0,0.06696305
0.0,0.16319183
0.0,0.11784345
0.0,0.121983536
0.0,0.09694896
0.0,0.1272355
0.0,0.14051223
1.0,0.17795146
0.0,0.14460889
1.0,0.15879388
0.0,0.13103555
0.0,0.14743708
0.0,0.13264635
0.0,0.14466454
0.0,0.14210199
0.0,0.101667546
0.0,0.1412581
0.0,0.11728534
0.0,0.1509891
0.0,0.081623085
5.0,0.08991913
0.0,0.02612071
0.0,0.02435388
0.0,0.075868525
0.0,0.15864645
0.0,0.058807872
0.0,0.11949033
0.0,0.10448593
0.0,0.1119815
0.0,0.07368585
0.0,0.024173643
0.0,-0.0114470115
0.0,-0.017413147
0.0,0.017130494
0.0,0.019910626
0.0,0.058194634
0.0,0.023656162
0.0,0.00017076283
0.0,0.009185069
0.0,-0.012325018
0.0,-0.025080832
0.0,-0.016345734
0.0,0.97836334
0.0,0.050121944
6.0,3.8485172
0.0,0.039972864
0.0,0.09028437
0.0,0.060697485
1.0,1.6433647
0.0,0.027224017
0.0,0.04626211
0.0,0.05364843
0.0,0.096002474
0.0,0.07989821
0.0,0.118449725
0.0,0.09101479
0.0,0.13338381
0.0,0.20419711
0.0,0.16118833
0.0,0.15067373
6.0,0.16431776
0.0,0.16478382
1.0,0.14071487
0.0,0.07378844
0.0,0.41943192
0.0,0.09399424
3.0,0.33706218
0.0,0.11490066
0.0,0.18125713
0.0,0.15037054
0.0,0.14610739
0.0,0.11277171
0.0,0.071299724
0.0,0.0278064
0.0,0.03202367
0.0,0.033930887
0.0,-0.0114470115
0.0,-0.017413147
0.0,0.017130494
0.0,0.019910626
0.0,0.0641862
0.0,0.04004666
0.0,0.00086878537
0.0,0.010566143
0.0,-0.0077117365
0.0,-0.0120101925
0.0,-0.0037387966
0.0,0.92227006
0.0,0.0843063
7.0,4.977183
0.0,0.10393116
1.0,1.6985123
0.0,0.061500914
0.0,0.022460543
0.0,0.05788371
0.0,-0.0114470115
0.0,-0.017413147
0.0,-0.0114470115
0.0,-0.017413147
0.0,-0.0114470115
0.0,-0.017413147
0.0,-0.0114470115
0.0,-0.017413147
0.0,-0.0114470115
0.0,-0.017413147
0.0,0.017130494
0.0,0.019910626
0.0,0.05337411
0.0,0.038425513
0.0,0.027729923
0.0,0.027779168
0.0,0.081680946
0.0,0.10309814
0.0,0.09804819
0.0,0.086467855
0.0,0.055674914
0.0,0.12703848
0.0,0.082229
0.0,0.311942
0.0,0.07513962
0.0,0.00677344
0.0,-0.026541777
0.0,-0.0114470115
0.0,-0.017413147
0.0,0.013804481
0.0,0.01909547
0.0,-0.012141361
0.0,-0.0114470115
0.0,-0.017413147
0.0,-0.0114470115
0.0,-0.017413147
0.0,0.013804481
0.0,0.01909547
0.0,0.04418195
0.0,0.03765988
0.0,0.030388057
0.0,0.02810405
0.0,0.011035975
0.0,-0.0053924173
0.0,-0.0074108182
0.0,-0.013690462
0.0,-0.015232926
0.0,-0.05444246
0.0,0.8182645
0.0,0.36304164
9.0,1.4924788
0.0,0.03555246
0.0,0.23740667
0.0,0.036134794
3.0,0.12850244
0.0,0.040833518
0.0,0.106910124
0.0,0.07909402
0.0,0.4375068
0.0,0.09905729
0.0,0.07860691
0.0,0.048844073
0.0,-0.0114470115
0.0,-0.017413147
0.0,0.017130494
0.0,0.019910626
0.0,0.06288257
0.0,0.058446992
0.0,0.037314378
0.0,0.041066572
0.0,0.08645686
0.0,0.10500554
0.0,0.10468815
0.0,0.13621223
0.0,0.08486675
0.0,0.20681478
0.0,0.061622962
0.0,0.03215091
0.0,0.042293757
0.0,0.011711984
0.0,0.0056273458
0.0,0.026299806
0.0,0.05664376
0.0,0.14141825
0.0,0.36451587
0.0,0.36039567
0.0,1.2231581
6.0,1.5056709
0.0,0.022511613
1.0,1.4047608
0.0,0.022837862
3.0,0.68433344
0.0,0.024687273
0.0,0.3987285
0.0,0.023322666
0.0,0.8097741
0.0,0.010706153
1.0,0.63213444
0.0,0.013860567
0.0,0.16383322
0.0,0.08428274
4.0,0.7176674
0.0,0.040475983
3.0,1.6855432
0.0,0.020588763
6.0,1.4916672
0.0,0.072924264
0.0,2.610361
0.0,0.0499317
0.0,1.2236618
0.0,0.037266474
1.0,1.2290586
0.0,0.05906608
0.0,0.0760479
0.0,-0.0114470115
0.0,-0.017413147
0.0,0.017130494
0.0,0.019910626
0.0,0.06288257
0.0,0.030916205
0.0,0.00052558776
0.0,0.008785306
0.0,-0.011831247
0.0,-0.018714502
0.0,-0.013272865
0.0,1.143253
0.0,0.037981417
6.0,4.406239
0.0,0.093351714
0.0,2.2851334
0.0,0.025018565
0.0,0.09946037
0.0,0.01071507
0.0,1.6161292
0.0,0.017767567
0.0,-0.008229952
0.0,-0.008505084
0.0,-0.013845089
0.0,-0.016002208
0.0,-0.0114470115
0.0,-0.017413147
0.0,0.013804481
0.0,0.018229242
0.0,0.02921539
0.0,0.024853554
0.0,0.012325474
0.0,0.011118634
0.0,0.02643024
0.0,0.02920921
0.0,0.041478977
0.0,0.06733847
0.0,0.059696186
0.0,0.34773692
0.0,0.12341722
0.0,0.12239429
0.0,0.11067618
0.0,0.13841735
0.0,0.29524854
0.0,0.8862871
0.0,0.48602158
0.0,0.8518719
2.0,0.8867918
0.0,0.028354406
4.0,1.2745482
0.0,0.018524284
10.0,3.8025808
0.0,0.042395387
7.0,0.2385406
0.0,0.04312234
1.0,0.044335816
0.0,0.09613691
0.0,-0.0114470115
0.0,-0.017413147
0.0,0.017130494
0.0,0.019910626
0.0,0.05337411
0.0,0.038425513
0.0,0.02659971
0.0,0.030761627
0.0,0.050771657
0.0,-0.013772056
0.0,-0.014318822
0.0,-0.028798603
0.0,-0.039786145
0.0,-0.04291287
0.0,-0.05317546
0.0,4.3708634
0.0,3.7831855
0.0,-0.06230847
0.0,-0.035540655
0.0,-0.03978222
0.0,-0.04446838
0.0,0.08557675
0.0,0.11872711
0.0,0.27759212
7.0,4.488934
0.0,0.010718059
6.0,1.4549377
0.0,0.020906908
1.0,0.28698298
0.0,0.044725094
1.0,0.49391165
0.0,0.017630091
5.0,0.21542612
0.0,0.016762521
0.0,0.25839844
0.0,0.014415412
0.0,0.063931316
0.0,0.072165474
0.0,-0.0114470115
0.0,-0.017413147
0.0,-0.0114470115
0.0,-0.017413147
0.0,0.017130494
0.0,0.019910626
0.0,0.0649356
0.0,0.071000606
0.0,0.044524666
0.0,0.02733677
0.0,0.018866848
0.0,-0.013347113
0.0,-0.0071996506
0.0,-0.011276705
0.0,-0.05068188
0.0,0.99652255
0.0,0.084374875
4.0,5.8401723
0.0,0.026154198
0.0,-0.028625255
0.0,0.026793653
1.0,2.0361626
0.0,0.024266865
0.0,0.060193352
0.0,0.028987199
0.0,0.029881494
0.0,0.033631004
0.0,0.44449952
0.0,0.0368907
0.0,0.039096683
0.0,0.037426826
0.0,0.047362227
0.0,0.047281977
0.0,0.070200644
0.0,0.037311513
0.0,0.043413352
0.0,0.05641861
0.0,0.040934518
0.0,0.061628003
0.0,0.06650879
0.0,0.06717107
0.0,0.063498035
0.0,0.067915805
0.0,0.07496808
0.0,0.07997978
0.0,0.07419051
0.0,0.08494221
0.0,0.07909255
0.0,0.07558407
0.0,0.05862477
0.0,0.078790925
0.0,0.058857977
7.0,0.076860905
0.0,0.19462414
0.0,0.27827215
0.0,0.05856899
0.0,0.44725093
0.0,0.06044619
0.0,0.05031201
0.0,0.060815785
3.0,0.05445604
0.0,0.18549354
0.0,0.25481063
0.0,0.18217346
2.0,0.18878926
0.0,0.1320625
0.0,0.17701021
0.0,0.17187715
0.0,0.0841785
0.0,0.09223255
0.0,0.10343116
0.0,0.08202878
0.0,0.057962418
0.0,0.032277215
0.0,-0.006796619
0.0,-0.001383531
0.0,0.0020387678
0.0,-0.0114470115
0.0,-0.017413147
1.0,0.2969093
0.0,0.03780432
3.0,0.82524157
0.0,0.014051113
0.0,1.0183767
0.0,0.012847262
0.0,0.049779605
0.0,-0.0114470115
0.0,-0.017413147
0.0,0.017130494
0.0,0.019910626
0.0,0.058194634
0.0,0.023656162
0.0,0.008742318
0.0,0.011286863
0.0,-0.011096823
0.0,-0.02431302
0.0,-0.015315559
0.0,1.1404996
0.0,0.05380772
1.0,4.636115
0.0,0.053593665
0.0,-0.02437868
0.0,0.03716692
0.0,-0.02517598
0.0,0.008855298
0.0,-0.008893701
0.0,1.328071
0.0,1.9424782
0.0,2.0571938
0.0,2.0054643
1.0,2.1696908
0.0,-0.023200616
0.0,0.0274382
0.0,0.12650281
0.0,-0.0019446849
0.0,0.11987467
0.0,0.0038154512
0.0,0.07473423
0.0,0.28913492
0.0,0.28956553
0.0,1.3767403
5.0,1.364859
0.0,0.02253854
0.0,0.9665363
0.0,0.023956878
0.0,1.8526602
0.0,0.010716286
0.0,0.0690387
0.0,0.029372904
0.0,0.03578174
0.0,0.03320819
0.0,0.06128364
0.0,0.039452776
0.0,0.052290715
1.0,0.05810111
0.0,0.1396586
0.0,0.14988913
0.0,0.16162589
0.0,0.15826936
0.0,0.14731926
0.0,0.11819455
0.0,0.1582371
0.0,0.16165185
0.0,0.16498603
0.0,0.15975977
0.0,0.14987315
0.0,0.17219059
0.0,0.1534844
0.0,0.15455219
0.0,0.15552734
0.0,0.15361385
0.0,0.11813249
0.0,0.16251247
0.0,0.15681364
0.0,0.16276747
0.0,0.17027195
0.0,-0.016461477
0.0,-0.021777695
0.0,-0.0114470115
0.0,-0.017413147
0.0,-0.0114470115
0.0,-0.017413147
0.0,-0.0114470115
0.0,-0.017413147
0.0,0.017130494
0.0,0.019910626
0.0,0.04992562
0.0,0.02844583
0.0,-0.0007812634
0.0,0.0044306633
0.0,-0.009006834
0.0,-0.017382875
0.0,-0.0255516
0.0,0.14721519
0.0,-0.022360228
7.0,4.3897715
0.0,0.09084446
0.0,1.8267761
0.0,0.049747486
0.0,0.08387822
0.0,0.015425601
1.0,1.3973875
0.0,0.023037048
2.0,0.04404293
0.0,0.034377337
1.0,0.2547935
0.0,0.029419465
0.0,0.04177384
0.0,0.028365882
0.0,0.0025828227
0.0,-0.0077634645
0.0,-0.015036147
0.0,0.0016124308
0.0,-0.0114470115
0.0,-0.017413147
0.0,0.017130494
0.0,0.019910626
0.0,0.05337411
0.0,0.00917253
0.0,0.0009699612
0.0,-0.012916646
0.0,-0.03894031
0.0,-0.05477127
0.0,-0.049110033
7.0,5.24561
0.0,0.2079737
0.0,0.091029584
0.0,0.083578035
1.0,1.1083012
0.0,0.06094181
0.0,0.019542806
0.0,0.020544685
0.0,0.016138038
0.0,0.003926177
0.0,-0.0114470115
0.0,-0.017413147
0.0,0.017130494
0.0,0.019910626
0.0,0.06288257
0.0,0.058446992
0.0,0.037314378
0.0,0.018782087
0.0,0.013886785
0.0,-0.0056273458
0.0,-0.007085201
0.0,-0.011131629
0.0,-0.043515973
0.0,1.8502901
0.0,0.20861918
7.0,5.3766136
0.0,0.019946573
0.0,0.02549995
0.0,0.036300667
1.0,0.41454577
0.0,0.016312726
0.0,0.05702455
0.0,0.032565035
0.0,0.048257306
0.0,0.052412335
0.0,0.075515956
0.0,0.043942943
2.0,0.06692261
0.0,0.028927086
0.0,0.05113061
0.0,0.041822024
0.0,0.06823658
0.0,0.03851909
0.0,0.04386464
0.0,0.031911902
0.0,0.042001728
0.0,0.046159644
0.0,0.061963018
0.0,0.07474604
0.0,0.05981008
0.0,0.08151221
0.0,0.117434464
0.0,0.12165895
0.0,0.07209563
0.0,0.104838625
0.0,0.08292898
0.0,0.118826486
0.0,0.12174111
0.0,0.13307722
0.0,0.122179605
0.0,0.11502134
0.0,0.101397835
0.0,0.109977745
0.0,0.10892026
0.0,0.094864845
0.0,0.14157914
0.0,0.1139363
0.0,0.09794531
0.0,0.023346504
0.0,-0.010491237
0.0,-0.0141686285
0.0,-0.013371279
0.0,-0.0114470115
0.0,-0.017413147
0.0,0.017130494
0.0,0.019910626
0.0,0.0649356
0.0,0.071000606
0.0,0.049684256
0.0,0.052516624
0.0,0.04661539
0.0,-0.0016979262
0.0,0.0006391003
0.0,-0.003577964
0.0,-0.013415762
0.0,-0.017868262
0.0,-0.034201253
0.0,1.0781641
0.0,0.4028812
7.0,4.6800914
0.0,0.15285555
5.0,1.7533824
0.0,0.059155047
0.0,0.09989712
0.0,0.069404796
0.0,1.1838394
0.0,0.023467718
0.0,0.04681967
0.0,0.021776529
0.0,0.07526626
0.0,0.04964864
0.0,0.08164029
0.0,0.09157422
0.0,0.12465096
0.0,0.10654585
0.0,0.1458014
0.0,0.13796765
0.0,0.14012957
0.0,0.07356283
0.0,0.09529151
0.0,0.105145596
0.0,0.022901675
0.0,0.0015807658
0.0,0.00889441
0.0,-0.0033190965
0.0,-0.0114470115
0.0,-0.017413147
0.0,-0.0114470115
0.0,-0.017413147
0.0,-0.0114470115
0.0,-0.017413147
0.0,-0.0114470115
0.0,-0.017413147
0.0,-0.0114470115
0.0,-0.017413147
0.0,0.017130494
0.0,0.019910626
0.0,0.0649356
0.0,0.071000606
0.0,0.049684256
0.0,0.052516624
0.0,0.08598082
0.0,0.10863627
0.0,0.11217129
0.0,0.22155944
0.0,0.11665926
0.0,0.9530604
0.0,0.4870628
3.0,0.83424985
0.0,0.028920526
0.0,2.7698371
0.0,0.039530393
0.0,-0.023912547
0.0,-0.0114470115
0.0,-0.017413147
0.0,0.017130494
0.0,0.019910626
0.0,0.0649356
0.0,0.071000606
0.0,0.049684256
0.0,0.052516624
0.0,0.070864215
0.0,0.007255761
0.0,0.009964509
0.0,0.006244078
0.0,-0.0025986806
0.0,-0.0065855025
0.0,-0.023808457
7.0,0.4599652
0.0,0.023526588
0.0,1.67345
0.0,0.06680887
0.0,0.14254215
0.0,0.048841387
0.0,0.5954615
0.0,0.021763787
1.0,0.015894495
0.0,0.04050894
0.0,0.07871723
0.0,0.061842542
0.0,0.15051873
0.0,0.09546065
0.0,0.24167168
0.0,0.05917012
0.0,0.076196596
0.0,0.036493722
0.0,-0.009300279
0.0,-0.01081536
0.0,-0.00778601
0.0,-0.0046471
0.0,-0.0114470115
0.0,-0.017413147
0.0,0.017130494
0.0,0.019910626
0.0,0.0649356
0.0,-0.007741755
0.0,-0.0114470115
0.0,-0.017413147
0.0,-0.0114470115
0.0,-0.017413147
0.0,-0.0114470115
0.0,-0.017413147
0.0,0.017130494
0.0,0.019910626
0.0,0.06288257
0.0,0.058446992
0.0,0.03672361
0.0,0.043819144
0.0,0.039442692
0.0,-0.0034970788
0.0,-0.00522168
0.0,-0.019719116
0.0,-0.023759415
0.0,-0.027433082
0.0,-0.09100739
0.0,0.7596169
0.0,0.33230957
6.0,4.9840126
0.0,0.0071217804
0.0,0.05024612
0.0,0.019198064
0.0,0.7355785
0.0,0.0121837165
0.0,0.02960041
0.0,0.042594723
0.0,0.0035391806
0.0,-0.004052432
0.0,-0.0114470115
0.0,-0.017413147
0.0,-0.0114470115
0.0,-0.017413147
0.0,0.017130494
0.0,0.019910626
0.0,0.06288257
0.0,0.030916205
0.0,0.00052558776
0.0,0.008785306
0.0,-0.011831247
0.0,-0.018714502
0.0,-0.013272865
0.0,1.143253
0.0,0.037981417
8.0,4.406239
0.0,0.21603858
0.0,1.9608376
0.0,0.066382915
1.0,0.37248763
0.0,0.022683261
3.0,0.8775184
0.0,0.042615622
1.0,0.048039377
0.0,0.033732485
4.0,0.87364626
0.0,0.017599389
0.0,0.28306535
0.0,0.013821429
3.0,1.712707
0.0,0.011114606
6.0,2.091112
0.0,0.007098196
0.0,0.039305672
0.0,0.08235883
0.0,-0.0114470115
0.0,-0.017413147
0.0,0.013804481
0.0,0.017326714
0.0,-0.015021404
0.0,-0.0114470115
0.0,-0.017413147
0.0,0.017130494
0.0,0.019910626
0.0,0.06288257
1.0,0.058446992
0.0,0.022352224
0.0,0.13846086
0.0,0.029479349
0.0,-0.032802675
0.0,-0.0114470115
0.0,-0.017413147
0.0,0.013804481
0.0,0.015594362
0.0,0.009411765
0.0,0.010330708
0.0,0.0020806417
0.0,0.0035051345
0.0,0.008941882
0.0,0.012879864
0.0,0.012867832
0.0,0.008301288
0.0,0.007026228
0.0,0.039325405
0.0,0.039237477
0.0,0.096433096
0.0,0.022338392
0.0,0.020895585
0.0,0.066155106
0.0,0.06674273
0.0,0.06524853
0.0,0.07590232
0.0,0.02728489
0.0,0.026914714
0.0,0.0014343977
0.0,0.000110346075
0.0,0.0016488074
0.0,0.16942719
0.0,0.6496436
0.0,0.5809167
7.0,1.6653764
0.0,0.046610955
1.0,0.8997537
0.0,0.040689483
3.0,0.1413879
0.0,0.05099534
0.0,0.08559365
0.0,0.07202455
1.0,0.43838242
0.0,0.042570256
0.0,0.066389784
0.0,0.025875445
0.0,-0.0114470115
0.0,-0.017413147
0.0,0.013804481
0.0,0.017111925
0.0,0.0557062
0.0,0.05240557
0.0,0.04576472
0.0,0.04234594
0.0,-0.010198906
0.0,-0.0114470115
0.0,-0.017413147
0.0,0.013804481
0.0,0.015594362
0.0,0.023116134
0.0,0.014632355
0.0,0.011342442
0.0,0.009172708
0.0,0.00870014
0.0,0.012535121
0.0,0.020473935
0.0,0.06860714
0.0,0.07015756
0.0,0.24821468
0.0,0.1276894
0.0,0.106569126
0.0,0.07391672
0.0,0.05132544
0.0,0.07116461
0.0,0.078372665
1.0,0.072873
0.0,0.050510284
3.0,1.2254179
0.0,0.038075425
1.0,1.3550106
0.0,0.0287832
2.0,2.7187703
0.0,0.03360162
0.0,2.8300686
0.0,0.024260735
0.0,3.6659532
0.0,0.026866002
7.0,2.4925032
0.0,0.033194914
11.0,1.1235394
0.0,0.04142796
0.0,0.070900366
0.0,0.04433536
0.0,0.07588998
0.0,-0.0114470115
0.0,-0.017413147
0.0,0.013804481
0.0,0.015594362
0.0,0.023116134
0.0,0.014632355
0.0,0.011342442
0.0,0.009163462
0.0,-0.01789073
0.0,-0.0114470115
0.0,-0.017413147
0.0,-0.0114470115
0.0,-0.017413147
0.0,0.013804481
0.0,0.015594362
0.0,0.009411765
0.0,0.013312711
0.0,-0.013183316
0.0,-0.0114470115
0.0,-0.017413147
0.0,0.013804481
0.0,0.012500315
0.0,0.013119682
0.0,0.0067230044
0.0,0.009003009
0.0,0.008076897
0.0,-0.013260731
0.0,-0.03437179
0.0,-0.035638995
0.0,-0.044413663
0.0,-0.04556619
0.0,-0.07664627
0.0,3.3203475
0.0,1.8725579
5.0,2.3145177
0.0,0.028795183
3.0,1.9357396
0.0,0.02019741
0.0,0.0614256
0.0,0.03296855
1.0,1.5881057
0.0,0.020255927
0.0,0.043312404
0.0,0.032542896
0.0,0.05635133
2.0,0.057708513
0.0,0.12927388
1.0,0.1706564
0.0,0.12904033
0.0,-0.017124109
0.0,-0.00043621656
0.0,-0.027187439
0.0,-0.011259378
0.0,-0.0114470115
0.0,-0.017413147
0.0,0.017130494
0.0,0.019910626
0.0,0.05337411
0.0,0.038425513
0.0,0.027729923
0.0,0.027779168
0.0,0.026998183
0.0,0.026494812
0.0,0.068524584
0.0,0.06549832
0.0,0.054689806
0.0,0.011169526
0.0,-0.031195564
0.0,0.009197609
0.0,0.0064779934
0.0,0.0034136607
0.0,-0.009793948
7.0,0.58329767
0.0,0.032726325
0.0,1.4747881
0.0,0.084478915
0.0,0.18985392
0.0,0.063911
0.0,0.079013616
0.0,0.067992106
0.0,0.06598515
5.0,0.07549812
0.0,0.047632825
1.0,0.2962898
0.0,0.045647305
3.0,0.05974351
0.0,0.04562172
0.0,0.04670081
0.0,0.012689038
0.0,0.042374615
0.0,0.007389083
0.0,0.03675287
0.0,0.008625967
0.0,0.06262626
0.0,0.09584124
0.0,0.03549531
0.0,-0.0114470115
0.0,-0.017413147
0.0,-0.0114470115
0.0,-0.017413147
0.0,0.017130494
0.0,0.019910626
0.0,0.0649356
6.0,0.071000606
0.0,0.09286463
1.0,3.9687343
0.0,0.036296107
13.0,2.943139
0.0,0.611216
6.0,0.7825445
0.0,0.41417235
1.0,0.66370016
0.0,0.07668512
1.0,0.48363563
0.0,0.048740994
0.0,-0.0114470115
0.0,-0.017413147
0.0,0.017130494
0.0,0.019910626
0.0,0.06288257
0.0,0.058446992
0.0,0.037314378
0.0,0.018782087
0.0,0.013886785
0.0,-0.0056273458
0.0,-0.007085201
0.0,-0.011131629
0.0,-0.043515973
0.0,1.8502901
0.0,0.20861918
8.0,5.3766136
0.0,0.06663591
4.0,0.8308645
0.0,0.06844765
0.0,1.0343201
0.0,0.08536761
1.0,1.235246
0.0,0.038984235
1.0,0.43279442
0.0,0.04126568
5.0,0.27406114
0.0,0.05579215
6.0,0.4161572
0.0,0.017999128
2.0,1.5497441
0.0,0.033725873
0.0,0.058139816
0.0,0.0032467484
0.0,-0.0114470115
0.0,-0.017413147
0.0,0.017130494
0.0,0.019910626
0.0,0.06288257
0.0,0.058446992
0.0,0.03672361
0.0,-0.0006352752
0.0,-0.019421518
0.0,-0.047319517
0.0,-0.053085428
0.0,-0.059351698
0.0,-0.07724124
7.0,6.02743
0.0,0.16622217
1.0,2.1359518
0.0,0.03976375
2.0,0.47783315
0.0,0.04485953
0.0,0.05099344
0.0,0.05851288
0.0,0.33240497
0.0,0.009467014
0.0,0.0050170226
0.0,0.008120746
0.0,0.0057994258
0.0,-0.008661559
0.0,-0.0114470115
0.0,-0.017413147
0.0,0.017130494
0.0,0.019910626
0.0,0.06288257
0.0,0.058446992
0.0,0.03824568
0.0,0.03996007
0.0,0.088072814
0.0,0.07193769
0.0,0.07127399
0.0,0.04158451
0.0,0.0759123
0.0,0.2687464
0.0,0.10405217
0.0,0.40630528
0.0,0.4237339
3.0,0.34573206
0.0,0.024327002
22.0,4.460997
0.0,0.12749931
0.0,0.088969335
0.0,0.0655572
0.0,0.16308603
0.0,0.07922139
1.0,0.066008
0.0,0.043475136
0.0,-0.0114470115
0.0,-0.017413147
0.0,0.013804481
0.0,0.015594362
0.0,-0.016417246
0.0,-0.0114470115
0.0,-0.017413147
0.0,0.013804481
0.0,0.015594362
0.0,-0.016417246
0.0,-0.0114470115
0.0,-0.017413147
0.0,0.013804481
0.0,0.017111925
0.0,-0.009986446
0.0,-0.0114470115
0.0,-0.017413147
0.0,0.017130494
0.0,0.019910626
0.0,0.06288257
0.0,0.058446992
0.0,0.027567292
0.0,0.024238797
0.0,0.054300074
0.0,-0.022266602
0.0,-0.018859096
0.0,-0.03684781
0.0,-0.04053916
0.0,-0.04328943
0.0,-0.04761106
0.0,1.871388
0.0,0.95431024
0.0,-0.06410899
0.0,-0.059139542
0.0,-0.06271814
0.0,-0.06508787
0.0,0.041406907
0.0,0.10629615
0.0,0.1520971
5.0,3.3986824
0.0,-0.0030058918
0.0,0.03812462
0.0,0.010673931
0.0,2.0148354
0.0,0.015906604
0.0,0.043170646
0.0,0.0114017185
0.0,0.028064406
0.0,0.0017774432
0.0,-0.008821378
0.0,-0.0114470115
0.0,-0.017413147
0.0,0.013804481
0.0,0.017111925
0.0,-0.009986446
0.0,-0.0114470115
0.0,-0.017413147
0.0,0.017130494
0.0,0.019910626
0.0,0.06288257
0.0,0.058446992
0.0,0.037314378
0.0,0.041066572
0.0,0.05278745
0.0,0.004125033
0.0,0.005826075
0.0,-0.00733923
0.0,-0.014135722
0.0,-0.016910333
0.0,-0.06537037
0.0,1.310298
0.0,0.60513717
7.0,5.331833
0.0,0.014014712
4.0,1.5663466
0.0,0.015649408
0.0,0.086215444
0.0,0.011127095
1.0,0.8932337
0.0,0.052017916
0.0,0.06578475
0.0,0.05484884
0.0,0.20423153
0.0,0.0503895
0.0,0.06308249
0.0,0.046173677
0.0,0.16100708
0.0,0.0568852
0.0,0.20201863
0.0,0.08995204
0.0,0.19793758
0.0,0.1815615
0.0,0.14184918
0.0,0.11286964
0.0,0.05209424
3.0,0.10119647
0.0,0.08718295
1.0,0.085859835
0.0,0.075586
1.0,0.12379188
0.0,0.09599442
0.0,0.16445649
0.0,0.048719667
0.0,0.16875844
0.0,0.047594927
0.0,-0.0014026313
0.0,0.033013336
0.0,0.031317614
0.0,0.033256017
0.0,-0.0114470115
0.0,-0.017413147
0.0,0.013804481
0.0,0.017111925
0.0,-0.009986446
0.0,-0.0114470115
0.0,-0.017413147
0.0,0.013804481
0.0,0.017111925
0.0,-0.009986446
0.0,-0.0114470115
0.0,-0.017413147
0.0,-0.0114470115
0.0,-0.017413147
0.0,-0.0114470115
0.0,-0.017413147
0.0,-0.0114470115
0.0,-0.017413147
0.0,0.017130494
0.0,0.019910626
0.0,0.046098515
0.0,-0.004877874
0.0,-0.0114470115
0.0,-0.017413147
0.0,0.017130494
0.0,0.019910626
0.0,0.04992562
0.0,0.0535695
0.0,0.03572923
0.0,0.04902892
0.0,0.07762436
0.0,0.009738674
0.0,0.002098754
0.0,-1.2362003e-05
0.0,-0.005544966
0.0,-0.0027107997
0.0,-0.069731325
0.0,0.7250433
0.0,0.48649704
7.0,4.0213304
0.0,0.036430214
1.0,1.7591479
0.0,0.038837843
0.0,0.4972829
0.0,0.02064272
4.0,0.7592359
0.0,0.026634721
1.0,0.35363823
0.0,0.017463254
0.0,1.1004906
0.0,0.014331158
2.0,0.413518
0.0,-0.0021467328
3.0,1.5819924
0.0,0.0113957655
0.0,1.5782921
0.0,0.0591803
4.0,1.4515125
0.0,0.0052889865
0.0,1.6131439
0.0,0.019739054
0.0,1.7517173
0.0,0.09256668
0.0,1.5102152
0.0,0.0041789394
0.0,1.560516
0.0,1.7359847
0.0,1.4829615
7.0,1.7683891
0.0,0.08007948
0.0,-0.0114470115
0.0,-0.017413147
0.0,-0.0114470115
0.0,-0.017413147
0.0,0.017130494
0.0,0.019910626
0.0,0.06288257
0.0,0.058446992
0.0,0.05267191
0.0,0.058878396
0.0,0.08251072
1.0,0.10041483
0.0,0.028282514
0.0,-0.0019764765
0.0,0.062482577
0.0,-0.013703027
0.0,0.060067885
0.0,-0.037803106
0.0,0.05412883
6.0,2.4136143
0.0,0.0107955495
4.0,1.8218184
0.0,0.0034654392
1.0,1.2545791
0.0,0.06929232
0.0,0.18326773
0.0,0.04885296
0.0,0.03293336
0.0,0.051704027
0.0,0.10724109
0.0,0.04456593
0.0,0.14810424
6.0,0.70136595
0.0,0.032058626
0.0,0.18716781
0.0,0.023728535
4.0,0.044592302
0.0,0.008234512
0.0,0.08926739
0.0,0.062376007
0.0,0.045577895
0.0,0.048669457
0.0,-0.0114470115
0.0,-0.017413147
0.0,-0.0114470115
0.0,-0.017413147
0.0,-0.0114470115
0.0,-0.017413147
0.0,0.013804481
0.0,0.017111925
0.0,0.0557062
0.0,0.05240557
0.0,0.04576472
0.0,0.04409881
0.0,0.019966206
0.0,0.025098894
0.0,0.026194122
0.0,0.07050066
0.0,0.058201093
0.0,0.2932963
0.0,0.15055202
0.0,0.22693104
0.0,-0.0045391857
0.0,-0.028035453
0.0,-0.027394248
0.0,-0.03095329
0.0,-0.03140658
0.0,-0.07333429
3.0,1.5144109
0.0,0.02096269
3.0,4.2751703
0.0,-0.00022641718
0.0,2.5603802
0.0,0.021613114
0.0,-0.01726987
0.0,-0.0020326376
0.0,1.7767234
0.0,0.00978032
0.0,0.041805305
0.0,0.036045168
0.0,0.04865892
0.0,0.045272212
0.0,0.14419499
1.0,0.13919921
0.0,0.13452628
0.0,0.0675814
0.0,0.037740484
0.0,0.057379555
0.0,-0.033302754
0.0,-0.030720515
0.0,-0.030547472
0.0,-0.032296974
0.0,-0.0114470115
0.0,-0.017413147
0.0,0.013804481
0.0,0.017111925
0.0,-0.009986446
0.0,-0.0114470115
0.0,-0.017413147
0.0,0.013804481
0.0,0.015594362
0.0,0.023116134
0.0,0.014632355
0.0,0.011342442
0.0,0.01057924
0.0,-0.0028435139
0.0,0.0039275195
0.0,-0.028024407
0.0,-0.0114470115
0.0,-0.017413147
0.0,0.013804481
0.0,0.026970774
0.0,0.023181263
0.0,0.028917663
0.0,0.016392218
0.0,0.013562764
0.0,0.024240164
0.0,0.026708385
0.0,-0.017672952
0.0,-0.0114470115
0.0,-0.017413147
0.0,0.017130494
0.0,0.019910626
0.0,0.06288257
0.0,0.030916205
0.0,0.0142089315
0.0,0.02088535
0.0,0.0040282905
0.0,0.00282031
0.0,0.011270094
0.0,0.98161626
0.0,0.055467345
0.0,-0.078393996
0.0,-0.08044062
0.0,-0.028845036
0.0,-0.032730125
0.0,-0.07455752
0.0,0.048567448
0.0,0.101435505
7.0,3.2015843
0.0,0.03823152
4.0,1.0525753
0.0,0.047193363
0.0,0.4687367
0.0,0.040356494
0.0,0.04335585
0.0,0.04763214
0.0,0.43785805
0.0,0.029465416
0.0,0.34610984
0.0,0.06477669
0.0,0.05545825
0.0,0.06390697
0.0,0.034874655
0.0,0.031601306
0.0,0.07518393
0.0,-0.019933071
0.0,-0.03236342
0.0,-0.02771713
0.0,-0.036589652
0.0,-0.0114470115
0.0,-0.017413147
0.0,0.017130494
0.0,0.019910626
0.0,0.05236139
0.0,0.01939773
0.0,0.011739191
0.0,0.04997882
0.0,0.076059
0.0,0.11018704
0.0,0.11727437
0.0,0.16983773
0.0,0.09232858
0.0,0.34323153
0.0,0.17617771
0.0,0.53969556
0.0,0.17877296
0.0,0.17656073
0.0,0.5556556
0.0,0.000527741
0.0,0.009212099
0.0,-0.0060323533
0.0,-0.0028391315
0.0,0.00022170543
0.0,-0.000101403886
6.0,0.4446042
0.0,0.046563458
7.0,1.5895844
0.0,0.049612314
0.0,0.8518169
0.0,0.06923106
0.0,0.05802638
0.0,0.08811489
0.0,-0.0114470115
0.0,-0.017413147
0.0,0.017130494
0.0,0.019910626
0.0,0.0641862
0.0,0.04004666
0.0,0.019831186
0.0,0.0095935725
0.0,-0.011893108
0.0,-0.01556893
0.0,-0.008521043
0.0,0.919456
0.0,0.07060608
7.0,4.715615
0.0,0.14926185
13.0,1.7572988
0.0,0.03443816
9.0,0.09385749
0.0,0.022848224
0.0,0.1101955
0.0,-0.0114470115
0.0,-0.017413147
0.0,0.017130494
0.0,0.019910626
0.0,0.05236139
0.0,0.010256764
0.0,-0.024169058
0.0,-0.039679773
0.0,-0.05817234
0.0,-0.078601465
0.0,-0.08445138
0.0,6.312581
0.0,0.0123054115
0.0,-0.079531126
0.0,-0.103110805
0.0,-0.10343065
0.0,-0.10680436
0.0,-0.11652368
0.0,-0.083921075
0.0,-0.08696856
7.0,5.2230263
0.0,0.039548986
1.0,1.3761466
0.0,0.050057143
2.0,0.97303027
0.0,0.021172235
0.0,0.048369326
0.0,0.021436067
1.0,0.08468666
0.0,0.010182009
0.0,0.045509774
0.0,0.014813682
0.0,-0.0114470115
0.0,-0.017413147
0.0,0.017130494
0.0,0.019910626
0.0,0.05236139
0.0,0.01939773
0.0,0.011739191
0.0,0.04997882
0.0,0.061183505
0.0,0.084147595
0.0,0.052261837
0.0,0.057451393
0.0,0.059943605
3.0,0.1054909
0.0,0.027425027
0.0,2.7109787
0.0,0.03971339
0.0,2.21425
0.0,0.021161748
0.0,3.5584912
0.0,0.026470494
0.0,1.6675553
0.0,0.5510637
0.0,1.9466288
0.0,1.0093079
0.0,2.1270387
0.0,1.9460816
0.0,1.8479733
0.0,2.0379217
0.0,3.432493
0.0,3.0558515
0.0,2.8396356
0.0,2.8136003
0.0,2.7897851
0.0,3.325815
0.0,2.89656
0.0,1.6319329
0.0,1.6907258
0.0,1.7528143
0.0,1.8214898
0.0,1.8048706
0.0,1.762402
0.0,1.7210848
7.0,1.7190374
0.0,0.034060307
11.0,2.0798693
0.0,0.044323504
0.0,0.070536375
0.0,-0.0114470115
0.0,-0.017413147
0.0,0.017130494
0.0,0.019910626
0.0,0.05236139
0.0,0.01939773
0.0,0.010643431
0.0,-0.03837814
0.0,-0.0114470115
0.0,-0.017413147
0.0,-0.0114470115
0.0,-0.017413147
0.0,0.013804481
0.0,0.015594362
0.0,0.023116134
0.0,0.014632355
0.0,0.011342442
0.0,0.009163462
0.0,-0.0131401
0.0,-0.027649824
0.0,-0.031963274
0.0,-0.03739992
0.0,-0.03802096
0.0,-0.055229478
0.0,3.1296117
0.0,1.7053266
1.0,4.9458995
0.0,0.03253117
2.0,2.0346034
0.0,-0.005326174
0.0,-0.0551168
0.0,0.052338034
0.0,0.45868754
0.0,0.018880755
0.0,0.03553321
0.0,0.02164911
0.0,0.040566623
2.0,0.09531619
0.0,0.1560049
0.0,0.17304587
0.0,0.17330258
0.0,0.20569655
0.0,0.17158519
0.0,0.16809335
0.0,0.20191422
0.0,0.16084607
0.0,0.18749258
0.0,0.1919501
0.0,0.19159685
0.0,0.05735564
0.0,0.053502645
0.0,0.048759233
0.0,0.06626441
0.0,-0.030942244
0.0,-0.04053184
0.0,-0.037841685
0.0,-0.0114470115
0.0,-0.017413147
0.0,0.017130494
0.0,0.019910626
0.0,0.04837444
0.0,0.04629099
0.0,0.030250708
0.0,0.045501668
0.0,0.063409574
0.0,0.066980444
0.0,0.08282912
0.0,0.052470874
0.0,0.04273904
0.0,0.20897987
0.0,0.084373176
0.0,0.15554774
0.0,0.068584695
0.0,0.0035719096
0.0,0.0022939874
0.0,0.00092884747
0.0,-7.933974e-05
0.0,-0.0032128794
0.0,0.106920175
0.0,0.8240877
0.0,0.77809554
6.0,1.5072416
0.0,0.02406198
0.0,-0.018965036
0.0,0.04927945
0.0,-0.0114470115
0.0,-0.017413147
0.0,0.017130494
0.0,0.019910626
0.0,0.0641862
0.0,0.04004666
0.0,0.00086878537
0.0,0.010566143
0.0,-0.0077117365
0.0,-0.0120101925
0.0,-0.0037387966
8.0,0.92227006
0.0,0.3921898
0.0,0.018894004
0.0,0.16442984
0.0,-0.0114470115
0.0,-0.017413147
0.0,-0.0114470115
0.0,-0.017413147
0.0,-0.0114470115
0.0,-0.017413147
0.0,-0.0114470115
0.0,-0.017413147
0.0,0.013804481
0.0,0.017111925
0.0,0.0557062
0.0,0.05240557
0.0,0.04576472
0.0,0.04409881
0.0,0.019966206
0.0,0.02373117
0.0,0.045293618
0.0,0.072378434
0.0,0.06329887
0.0,1.3053832
0.0,0.5303822
0.0,0.35014543
0.0,0.13141371
0.0,0.10025873
0.0,0.16606319
0.0,0.19790949
0.0,0.145155
0.0,0.15709382
0.0,-0.035938065
0.0,-0.0114470115
0.0,-0.017413147
0.0,0.017130494
0.0,0.019910626
0.0,0.05236139
0.0,0.01939773
0.0,0.010643431
0.0,-0.0017048165
0.0,0.008756047
0.0,-0.0027003884
0.0,-0.001957655
0.0,-0.0051166024
0.0,-0.044586476
0.0,1.9031681
0.0,0.72392917
7.0,5.017949
0.0,0.034978185
0.0,-0.00065163965
0.0,0.06202184
0.0,-0.0114470115
0.0,-0.017413147
0.0,0.017130494
0.0,0.019910626
0.0,0.0641862
0.0,0.06199828
0.0,0.042417377
0.0,0.04284179
0.0,0.06081087
0.0,0.004177901
0.0,0.006223154
0.0,-0.0052109137
0.0,-0.0125501435
0.0,-0.015630335
0.0,-0.060137294
0.0,0.42087856
0.0,0.29868826
2.0,3.6577826
0.0,0.022787934
0.0,-0.043355316
0.0,0.07221441
0.0,-0.043621507
0.0,0.07304348
0.0,0.031481005
0.0,0.05510991
0.0,1.4620011
7.0,3.1446009
0.0,0.013500624
2.0,1.4708865
0.0,0.03693678
0.0,0.085930616
0.0,0.012764224
0.0,0.7735564
0.0,0.014953388
0.0,0.038889315
0.0,0.019998834
0.0,0.08015133
0.0,0.07685186
0.0,0.07176652
0.0,0.07375665
0.0,0.0859849
0.0,0.08528161
0.0,0.10689665
0.0,0.104214214
0.0,0.09595009
0.0,0.093983136
0.0,0.10821525
0.0,0.10348293
0.0,0.093737625
0.0,0.10569097
0.0,0.097748004
0.0,0.112215474
0.0,0.08787421
0.0,0.10622056
0.0,0.097527385
0.0,0.11781513
0.0,0.11547572
0.0,0.105450846
0.0,0.016748132
0.0,0.04680021
0.0,0.02711276
0.0,0.034936693
0.0,-0.0114470115
0.0,-0.017413147
0.0,0.013804481
0.0,0.017111925
0.0,-0.009986446
0.0,-0.0114470115
0.0,-0.017413147
0.0,-0.0114470115
0.0,-0.017413147
0.0,0.017130494
0.0,0.019910626
0.0,0.05337411
0.0,0.00917253
0.0,-0.011024779
0.0,0.0014242142
0.0,-0.024165994
0.0,-0.03684429
0.0,-0.025683632
7.0,4.8873796
0.0,0.23600024
5.0,1.7589442
0.0,0.051836714
0.0,0.087524906
0.0,0.047165044
0.0,1.2805467
0.0,0.038816184
0.0,0.041715022
0.0,0.036328886
0.0,0.05120134
0.0,0.040744476
0.0,0.004151125
0.0,0.0059994217
0.0,-0.00912982
0.0,-0.009624275
0.0,-0.0114470115
0.0,-0.017413147
0.0,0.017130494
0.0,0.019910626
0.0,0.028458394
0.0,-0.0051494837
0.0,-0.033128165
0.0,-0.028529933
0.0,-0.042377606
0.0,-0.048257206
0.0,-0.040726975
0.0,1.5017138
0.0,-0.066661924
7.0,3.3507094
0.0,0.05470622
0.0,0.057598066
0.0,0.09348232
0.0,-0.0114470115
0.0,-0.017413147
0.0,0.017130494
0.0,0.019910626
0.0,0.0641862
0.0,0.06199828
0.0,0.04308875
0.0,0.045408573
0.0,0.08259396
0.0,0.09927187
0.0,0.09529926
0.0,0.07172865
0.0,0.0539552
0.0,0.36134794
0.0,0.20089373
1.0,0.32732344
0.0,0.026666967
3.0,0.5934107
0.0,0.029095696
0.0,3.687257
0.0,0.01882989
0.0,1.8407042
0.0,0.03248053
0.0,1.8504605
0.0,0.030642087
1.0,2.6360219
0.0,0.019137343
1.0,2.822848
0.0,0.007575552
0.0,3.5003016
0.0,0.0033374622
7.0,2.861887
0.0,0.03433721
13.0,2.3337421
0.0,0.06988433
0.0,-0.0114470115
0.0,-0.017413147
0.0,-0.0114470115
0.0,-0.017413147
0.0,0.017130494
0.0,0.019910626
0.0,0.0649356
0.0,0.022038741
0.0,0.013084623
0.0,0.0019605428
0.0,-0.019182308
0.0,-0.024652924
0.0,-0.014996629
0.0,1.0165149
0.0,0.1295887
0.0,4.33753
0.0,0.1826492
7.0,2.7005677
0.0,0.025285134
1.0,1.2312673
0.0,0.034578852
0.0,0.7456466
0.0,0.04642155
0.0,1.3432667
0.0,0.050784677
0.0,0.64305305
0.0,0.104985826
9.0,1.1570671
0.0,0.027112609
5.0,0.46469143
0.0,0.035053547
4.0,0.30343753
0.0,0.05014365
0.0,0.94411474
0.0,0.034628402
0.0,0.0694376
0.0,-0.0114470115
0.0,-0.017413147
0.0,-0.0114470115
0.0,-0.017413147
0.0,-0.0114470115
0.0,-0.017413147
0.0,0.017130494
0.0,0.019910626
0.0,0.028458394
0.0,0.04183702
0.0,0.031004207
0.0,0.058603644
0.0,0.055173088
0.0,0.05047056
0.0,0.026900781
0.0,0.021358654
0.0,0.016874388
1.0,0.100912675
0.0,0.014775406
3.0,0.72164637
0.0,0.029907536
1.0,2.52942
0.0,0.01771323
2.0,4.004119
0.0,0.008463539
0.0,4.0716567
0.0,0.018540775
7.0,3.0232716
0.0,0.029664172
11.0,1.3867356
0.0,0.042116027
0.0,0.35378018
0.0,0.030047318
0.0,0.08624455
0.0,0.029058358
0.0,0.03801032
0.0,0.034637522
1.0,0.03415363
0.0,0.023460802
0.0,-0.0114470115
0.0,-0.017413147
0.0,0.017130494
0.0,0.019910626
0.0,0.0641862
0.0,0.06199828
0.0,0.042417377
0.0,0.018620672
0.0,0.0050108163
0.0,-0.012604101
0.0,-0.010777082
0.0,-0.008450594
0.0,-0.021709628
0.0,1.1019558
0.0,0.10296872
6.0,3.8271828
0.0,0.021220138
0.0,0.07499751
0.0,0.021344822
0.0,1.0301484
0.0,0.009722032
0.0,0.005187431
0.0,0.010317687
0.0,-0.0114470115
0.0,-0.017413147
0.0,0.017130494
0.0,0.019910626
0.0,0.028458394
0.0,-0.0051494837
0.0,-0.033128165
0.0,-0.028529933
0.0,-0.042377606
0.0,-0.048257206
0.0,-0.040726975
0.0,1.5017138
0.0,-0.066661924
7.0,3.3507094
0.0,0.05470622
0.0,1.5943363
0.0,0.032752596
1.0,0.9457388
0.0,0.028082544
4.0,1.0951962
0.0,0.028932204
0.0,0.0689761
0.0,0.051847685
0.0,-0.0114470115
0.0,-0.017413147
0.0,0.017130494
0.0,0.019910626
0.0,0.0641862
0.0,0.06199828
0.0,0.05362077
0.0,-0.0050613284
0.0,-0.0114470115
0.0,-0.017413147
0.0,0.013804481
0.0,0.018229242
0.0,-0.015205568
0.0,-0.0114470115
0.0,-0.017413147
0.0,-0.0114470115
0.0,-0.017413147
0.0,0.017130494
0.0,0.019910626
0.0,0.0641862
0.0,0.06199828
0.0,0.044527173
0.0,0.085149325
0.0,0.09149068
0.0,0.10098963
0.0,0.043238614
0.0,0.03369102
0.0,0.07884792
0.0,0.59007853
0.0,0.17225827
0.0,0.2855795
0.0,0.3728553
2.0,0.5016051
0.0,0.037315745
1.0,1.97413
0.0,0.034321226
1.0,3.7364125
0.0,0.037948485
0.0,4.2003603
0.0,0.040398926
0.0,3.8753517
0.0,0.060157
0.0,1.0981793
0.0,0.095062405
0.0,-0.046255473
0.0,-0.0114470115
0.0,-0.017413147
0.0,-0.0114470115
0.0,-0.017413147
0.0,0.017130494
0.0,0.019910626
0.0,0.04837444
0.0,0.008183443
0.0,0.0024703993
0.0,0.007301232
0.0,-0.0061108824
0.0,0.005916941
0.0,0.018790549
0.0,0.2125541
0.0,0.034214705
0.0,-0.045023732
0.0,-0.04194154
0.0,0.017285146
0.0,0.013756224
0.0,-0.03410925
7.0,-0.0037044464
0.0,0.008571732
0.0,1.20945
0.0,0.057624362
6.0,0.651841
0.0,0.011456537
0.0,0.7583477
0.0,0.013466274
8.0,0.31879097
0.0,0.020355102
0.0,0.08185221
0.0,0.084061824
0.0,-0.0114470115
0.0,-0.017413147
0.0,0.013804481
0.0,0.018229242
0.0,-0.015205568
0.0,-0.0114470115
0.0,-0.017413147
0.0,0.013804481
0.0,0.018229242
0.0,0.011717507
0.0,0.0128330765
0.0,-0.02364917
0.0,-0.0114470115
0.0,-0.017413147
0.0,0.017130494
0.0,0.019910626
0.0,0.028458394
0.0,0.04183702
0.0,0.033725977
0.0,0.03418109
0.0,0.059236184
0.0,0.07186625
0.0,0.19257878
3.0,0.84859943
0.0,0.035596285
2.0,2.809698
0.0,0.030703694
1.0,2.3117363
0.0,0.027759915
8.0,3.5877738
0.0,0.03411553
11.0,1.2217563
0.0,0.039975602
1.0,0.3849533
0.0,0.043003254
0.0,0.12439934
0.0,0.03472446
0.0,0.09187157
0.0,-0.0114470115
0.0,-0.017413147
0.0,0.017130494
0.0,0.019910626
0.0,0.048989985
0.0,0.049877286
0.0,0.033003256
0.0,0.013114793
0.0,0.0012694359
0.0,-0.015387755
0.0,-0.014828425
0.0,-0.0139438575
0.0,-0.03188819
0.0,1.1286861
0.0,0.09140936
7.0,3.7694964
0.0,0.08134671
0.0,0.04141385
0.0,0.06484922
0.0,-0.0114470115
0.0,-0.017413147
0.0,0.013804481
0.0,0.022905119
0.0,-0.011782128
0.0,-0.0114470115
0.0,-0.017413147
0.0,-0.0114470115
0.0,-0.017413147
0.0,-0.0114470115
0.0,-0.017413147
0.0,-0.0114470115
0.0,-0.017413147
0.0,-0.0114470115
0.0,-0.017413147
0.0,0.013804481
0.0,0.022905119
0.0,-0.011782128
0.0,-0.0114470115
0.0,-0.017413147
0.0,0.017130494
0.0,0.019910626
0.0,0.028458394
0.0,-0.0051494837
0.0,-0.033128165
0.0,-0.028529933
0.0,-0.042377606
0.0,-0.048257206
0.0,-0.040726975
0.0,1.5017138
0.0,-0.066661924
7.0,3.3507094
0.0,0.05470622
0.0,1.5943363
0.0,0.030914709
0.0,0.88168234
0.0,0.02886553
1.0,1.1209038
0.0,0.029761218
3.0,0.8854811
0.0,0.015054031
0.0,1.408963
0.0,0.02541942
0.0,0.103258975
0.0,0.0061438396
1.0,1.4546745
0.0,0.012168314
0.0,0.24039687
0.0,0.028041786
0.0,0.09738507
0.0,0.10749901
0.0,0.10410521
0.0,0.043604735
0.0,0.11143996
0.0,0.13366538
0.0,0.113780916
0.0,0.1604785
2.0,0.1195732
0.0,0.02231268
0.0,0.051686876
0.0,0.027684325
0.0,-0.0114470115
0.0,-0.017413147
0.0,0.017130494
0.0,0.019910626
0.0,0.028458394
7.0,0.04183702
0.0,0.16018811
0.0,3.6821003
0.0,0.07261767
8.0,1.5384673
0.0,0.068175785
12.0,2.6312747
0.0,0.19239788
0.0,0.36755252
0.0,0.0431595
0.0,0.082097225
0.0,0.038283072
0.0,-0.0114470115
0.0,-0.017413147
0.0,0.017130494
0.0,0.019910626
0.0,0.028458394
0.0,-0.0051494837
0.0,-0.033128165
0.0,-0.028529933
0.0,-0.042377606
0.0,-0.048257206
0.0,-0.040726975
6.0,1.5017138
0.0,0.039973523
0.0,0.056219704
0.0,0.024370726
0.0,1.8858796
0.0,0.04233226
0.0,0.0063672927
0.0,0.01846369
0.0,-0.01903034
0.0,-0.012267109
0.0,-0.0114470115
0.0,-0.017413147
0.0,-0.0114470115
0.0,-0.017413147
0.0,0.017130494
0.0,0.019910626
0.0,0.05765182
0.0,0.056175828
0.0,0.044924024
0.0,0.013436813
0.0,-0.0007014423
0.0,-0.028103342
0.0,-0.030584253
0.0,-0.02846351
0.0,-0.062877424
0.0,2.5001216
0.0,0.11186969
0.0,-0.006604071
0.0,-0.0053797765
0.0,-0.013262149
0.0,-0.007402813
0.0,0.40076983
0.0,3.114658
0.0,2.6442337
0.0,0.04130639
0.0,0.022393059
0.0,-0.038065825
0.0,-0.03533301
0.0,-0.03794299
7.0,1.6690693
0.0,0.17135032
6.0,1.4070293
0.0,0.06655765
0.0,1.0789069
0.0,0.061568245
0.0,1.3415512
0.0,0.07135751
4.0,0.8158099
0.0,0.069823705
0.0,0.20971756
0.0,0.09705976
0.0,1.6106219
0.0,0.10411851
0.0,0.6966583
0.0,0.036084153
0.0,0.09949034
0.0,0.09456562
0.0,0.08960028
0.0,0.10778412
0.0,0.101467974
1.0,0.0953003
0.0,0.09755561
5.0,0.09644194
0.0,0.09011624
0.0,0.15196489
0.0,0.10436059
1.0,0.14216709
0.0,0.10484465
0.0,0.09468448
0.0,0.047073416
0.0,0.05746781
0.0,0.0824789
0.0,0.0679478
0.0,0.02977277
3.0,0.1487754
0.0,0.08679033
0.0,0.10954467
0.0,0.09182711
0.0,0.10976068
0.0,0.091845475
0.0,0.12693626
0.0,0.047056418
0.0,0.10153691
0.0,0.11191382
0.0,0.107734755
0.0,0.12828386
0.0,0.08357129
0.0,0.08790106
0.0,0.07166367
0.0,0.08293356
0.0,-0.0114470115
0.0,-0.017413147
0.0,-0.0114470115
0.0,-0.017413147
0.0,0.017130494
0.0,0.019910626
0.0,0.05765182
0.0,0.056175828
0.0,0.044924024
0.0,0.04540989
0.0,0.08105745
0.0,0.103873454
0.0,0.09839283
0.0,0.0660556
0.0,0.047217634
0.0,0.10903056
0.0,0.08827466
0.0,0.03170917
0.0,0.033528183
0.0,-0.0041851457
0.0,-0.0033683418
0.0,-0.0013642281
0.0,0.017312985
5.0,0.1829635
0.0,0.014652849
0.0,0.10284515
0.0,0.010220945
1.0,2.6232708
0.0,0.046698377
0.0,0.07181275
0.0,0.032576967
0.0,0.11559562
0.0,0.10062176
0.0,0.12287304
1.0,0.10930156
0.0,0.11178143
0.0,0.043360382
1.0,0.05082298
0.0,0.0473565
0.0,0.040328883
0.0,0.041541092
0.0,0.043193877
0.0,0.04539008
0.0,0.014300481
0.0,-0.00094526255
0.0,0.011872589
0.0,0.0010403082
0.0,-0.0114470115
0.0,-0.017413147
0.0,0.017130494
0.0,0.019910626
0.0,0.05765182
0.0,0.056175828
0.0,0.044924024
0.0,0.013436813
0.0,-0.0007014423
0.0,-0.028103342
0.0,-0.030584253
0.0,-0.02846351
0.0,-0.062877424
6.0,2.5001216
0.0,0.09422164
0.0,2.3262453
0.0,0.023089182
10.0,1.8587183
0.0,0.025685279
0.0,0.48840818
0.0,0.026306646
1.0,0.796131
0.0,0.026272904
0.0,0.06471164
0.0,0.048035778
0.0,0.01783234
0.0,0.020605812
0.0,-0.0114470115
0.0,-0.017413147
0.0,-0.0114470115
0.0,-0.017413147
0.0,0.017130494
0.0,0.019910626
0.0,0.05765182
0.0,0.056175828
0.0,0.041902173
0.0,0.04053582
0.0,0.044370446
0.0,0.04452773
0.0,0.09837251
1.0,0.19971001
0.0,0.032076508
3.0,1.8277649
0.0,0.028427009
0.0,2.1049614
0.0,0.02621882
1.0,2.0590627
0.0,0.03248263
0.0,1.6990898
0.0,0.024789564
1.0,2.797904
0.0,0.004644212
0.0,-0.03599129
0.0,-0.0114470115
0.0,-0.017413147
0.0,-0.0114470115
0.0,-0.017413147
0.0,-0.0114470115
0.0,-0.017413147
0.0,-0.0114470115
0.0,-0.017413147
0.0,0.013804481
0.0,0.03659829
0.0,0.051152978
0.0,0.05587965
0.0,0.04328259
0.0,0.04340674
0.0,0.050862778
0.0,0.052713733
0.0,0.0525758
0.0,0.09683182
0.0,0.029979326
0.0,0.03719747
0.0,0.016098596
0.0,0.019312894
0.0,0.020532653
0.0,0.008486363
0.0,0.007980306
0.0,0.02348735
0.0,0.9785703
0.0,0.61226505
7.0,2.4119527
0.0,0.037837
1.0,1.290869
0.0,0.027491473
20.0,0.85795367
0.0,0.044765193
1.0,0.034826547
0.0,0.03763475
0.0,0.09038823
0.0,-0.0114470115
0.0,-0.017413147
0.0,-0.0114470115
0.0,-0.017413147
0.0,-0.0114470115
0.0,-0.017413147
0.0,0.017130494
0.0,0.019910626
0.0,0.05765182
0.0,0.056175828
0.0,0.041902173
0.0,0.04053582
0.0,0.083687365
0.0,0.0006280809
0.0,-0.0033873913
0.0,-0.006486657
0.0,-0.018094983
0.0,-0.023099821
0.0,-0.025680136
7.0,4.6437263
0.0,0.025605254
0.0,0.034955665
0.0,0.07983468
0.0,-0.0114470115
0.0,-0.017413147
0.0,-0.0114470115
0.0,-0.017413147
0.0,-0.0114470115
0.0,-0.017413147
0.0,-0.0114470115
0.0,-0.017413147
0.0,-0.0114470115
0.0,-0.017413147
0.0,-0.0114470115
0.0,-0.017413147
0.0,-0.0114470115
0.0,-0.017413147
0.0,0.017130494
0.0,0.019910626
0.0,0.05765182
0.0,0.056175828
0.0,0.04420936
0.0,0.0026622384
0.0,-0.029689377
0.0,-0.04745408
0.0,-0.0521312
0.0,-0.05419122
0.0,-0.012797409
7.0,5.4700656
0.0,0.2256796
1.0,1.5426781
0.0,0.042656258
5.0,0.59732014
0.0,0.008990951
0.0,0.14399932
0.0,0.05739308
0.0,0.17834638
0.0,0.08634755
0.0,0.08733859
0.0,0.057532456
0.0,0.631297
0.0,0.13864939
0.0,0.5941575
0.0,0.08860298
0.0,1.7918305
0.0,1.0428579
0.0,0.85703737
0.0,0.053620998
0.0,0.0016015127
0.0,-0.0114470115
0.0,-0.017413147
0.0,0.017130494
0.0,0.019910626
0.0,0.05765182
0.0,0.056175828
0.0,0.039408393
0.0,-0.021520069
0.0,-0.0114470115
0.0,-0.017413147
0.0,-0.0114470115
0.0,-0.017413147
0.0,-0.0114470115
0.0,-0.017413147
0.0,0.013804481
0.0,0.03659829
0.0,0.08576023
0.0,0.08069895
0.0,0.06535155
0.0,0.057215784
0.0,0.012238155
0.0,-0.020346489
0.0,-0.037852682
0.0,-0.049074087
0.0,-0.050509065
0.0,-0.012242942
7.0,4.147378
0.0,0.0294565
1.0,1.3875072
0.0,0.049867913
14.0,1.8938804
0.0,0.04118087
5.0,0.0728487
0.0,0.0441305
0.0,0.090271324
0.0,0.03058167
1.0,0.12046159
0.0,0.04703367
0.0,0.06430949
0.0,-0.0114470115
0.0,-0.017413147
0.0,0.013804481
0.0,0.03659829
0.0,-0.011153947
0.0,-0.0114470115
0.0,-0.017413147
0.0,0.013804481
0.0,0.03659829
0.0,0.044643752
0.0,0.052710466
0.0,0.03790818
0.0,0.037104603
0.0,0.039008982
0.0,0.037240356
0.0,-0.014547848
0.0,-0.0114470115
0.0,-0.017413147
0.0,0.013804481
0.0,0.03659829
0.0,-0.011153947
0.0,-0.0114470115
0.0,-0.017413147
0.0,0.013804481
0.0,0.03659829
0.0,-0.011153947
0.0,-0.0114470115
0.0,-0.017413147
0.0,0.017130494
0.0,0.019910626
0.0,0.04850194
0.0,0.020187303
0.0,0.019554535
0.0,0.01579907
0.0,0.054038722
0.0,0.05137243
0.0,0.13883652
0.0,0.7288166
0.0,0.33338705
2.0,1.9831676
0.0,0.036620356
1.0,1.4407111
0.0,0.023744037
1.0,2.3936512
0.0,0.018410265
1.0,3.4776783
0.0,0.0019302204
7.0,3.9234354
0.0,0.036038175
13.0,1.9502937
0.0,0.119281545
0.0,0.047933463
0.0,0.05744192
0.0,0.075604744
0.0,-0.0114470115
0.0,-0.017413147
0.0,0.013804481
0.0,0.03659829
0.0,-0.011153947
0.0,-0.0114470115
0.0,-0.017413147
0.0,0.017130494
0.0,0.019910626
0.0,0.04850194
0.0,0.020187303
0.0,0.014199002
0.0,-0.0034456297
0.0,-0.038559698
0.0,-0.07103799
0.0,-0.07174633
0.0,-0.07309987
0.0,-0.07673343
7.0,6.4504347
0.0,0.2139199
0.0,2.1169245
0.0,0.048493426
0.0,0.008932079
0.0,0.07788609
0.0,-0.0114470115
0.0,-0.017413147
0.0,0.017130494
0.0,0.019910626
0.0,0.04850194
0.0,0.020187303
0.0,0.014199002
0.0,0.032890096
0.0,0.10113572
0.0,0.07282185
0.0,0.07522737
0.0,0.08423104
0.0,0.08728881
0.0,0.15360063
0.0,0.07438881
0.0,0.5170316
0.0,0.09104691
0.0,0.07392569
0.0,1.4142319
1.0,1.5799531
0.0,0.021170639
0.0,3.0176845
0.0,0.025969123
0.0,1.8041849
0.0,0.02583694
1.0,2.6797178
0.0,0.021193363
2.0,3.5314019
0.0,0.02658621
0.0,2.8043108
0.0,0.01135455
1.0,3.8025472
0.0,0.0068214443
1.0,4.4844856
0.0,0.007610206
0.0,2.94475
0.0,-0.0058016046
0.0,2.2098413
0.0,-0.003695403
16.0,2.042713
0.0,0.040192418
0.0,-0.0114470115
0.0,-0.017413147
0.0,0.013804481
0.0,0.016205244
0.0,0.014626048
0.0,0.017593587
0.0,0.008535862
0.0,0.0060347854
0.0,0.010938042
0.0,0.011672694
0.0,-0.006001499
0.0,-0.015999472
0.0,-0.018113425
0.0,-0.01972317
0.0,-0.021097759
0.0,-0.017376442
0.0,0.036423072
0.0,0.025407284
0.0,0.37237352
0.0,0.29649454
0.0,-0.03630644
0.0,-0.03646289
0.0,-0.034364596
0.0,-0.03162841
0.0,-0.030233836
0.0,0.022391336
0.0,0.06475113
0.0,-0.04247939
0.0,-0.04627898
0.0,-0.048167177
0.0,-0.04531971
0.0,-0.043380167
0.0,0.01239886
0.0,0.01034953
8.0,0.009467977
0.0,0.047064856
0.0,0.18672979
0.0,0.057860482
6.0,0.18191105
0.0,0.037949525
0.0,0.33104524
0.0,0.037299786
4.0,0.34530362
0.0,0.0450063
0.0,0.0666926
0.0,0.061056845
0.0,-0.0114470115
0.0,-0.017413147
0.0,0.013804481
0.0,0.03659829
0.0,0.08576023
0.0,0.08069895
0.0,0.06535155
0.0,0.06143662
0.0,0.015926566
0.0,-0.005208963
0.0,-0.024329586
0.0,-0.029474232
0.0,-0.03039538
0.0,-0.044216555
0.0,2.5824718
0.0,1.3343352
6.0,4.8700886
0.0,0.034574445
0.0,0.06880914
0.0,0.03305369
0.0,2.1481736
0.0,0.048886325
0.0,0.05311907
0.0,0.05586369
0.0,-0.0114470115
0.0,-0.017413147
0.0,0.013804481
0.0,0.03659829
0.0,0.051152978
0.0,0.05902998
0.0,-0.017440354
0.0,-0.0114470115
0.0,-0.017413147
0.0,0.013804481
0.0,0.03659829
0.0,0.08576023
0.0,0.08069895
0.0,0.06535155
0.0,0.060876988
0.0,0.057132922
0.0,0.04863103
0.0,0.0058019846
0.0,-0.006774276
0.0,-0.009295061
0.0,-0.01953389
0.0,-0.013261414
0.0,0.116736144
6.0,0.76620454
0.0,0.048352886
0.0,0.10204542
0.0,0.032490537
0.0,1.492948
0.0,0.059456192
0.0,0.081033714
0.0,0.060223803
0.0,-0.0114470115
0.0,-0.017413147
0.0,-0.0114470115
0.0,-0.017413147
0.0,-0.0114470115
0.0,-0.017413147
0.0,0.017130494
0.0,0.019910626
0.0,0.04850194
0.0,0.020187303
0.0,0.021368684
0.0,0.0694012
0.0,0.053737424
0.0,0.052868966
0.0,0.13922292
1.0,1.0960544
0.0,0.03586159
0.0,2.552433
0.0,0.034678586
0.0,0.48037314
0.0,0.029132681
0.0,0.7666274
0.0,0.07653615
0.0,0.06445196
0.0,0.06840836
0.0,0.0087371245
0.0,-0.0007310301
0.0,0.0018089055
0.0,0.003607881
0.0,1.164744
0.0,1.9987628
7.0,2.111516
0.0,0.041109588
6.0,0.7440056
0.0,0.04469611
16.0,0.3905794
0.0,0.057178974
0.0,0.071043566
0.0,-0.0114470115
0.0,-0.017413147
0.0,0.017130494
0.0,0.019910626
0.0,0.04850194
0.0,0.020187303
0.0,0.017609166
0.0,0.028837234
0.0,0.05669506
0.0,-0.036463298
0.0,-0.0114470115
0.0,-0.017413147
0.0,0.017130494
0.0,0.019910626
0.0,0.04850194
0.0,0.006744359
0.0,-0.017141007
0.0,-0.0060348865
0.0,-0.032814
0.0,-0.037823193
0.0,-0.009826526
6.0,6.3007817
0.0,0.20787553
1.0,2.208231
0.0,0.050568342
0.0,-0.05668784
0.0,0.037178192
0.0,-0.0114470115
0.0,-0.017413147
0.0,0.017130494
0.0,0.019910626
0.0,0.09428927
0.0,0.04828479
0.0,0.039036572
0.0,0.05883784
0.0,0.029485378
0.0,0.004507825
0.0,0.026292764
0.0,3.2315366
0.0,0.51362985
7.0,4.5700526
0.0,0.30291042
1.0,2.3341854
0.0,0.1109276
0.0,0.811479
0.0,0.076809786
0.0,1.3669515
0.0,0.050268464
0.0,0.4487042
0.0,0.064141415
0.0,0.10194599
0.0,0.009159762
0.0,-0.0114470115
0.0,-0.017413147
0.0,-0.0114470115
0.0,-0.017413147
0.0,0.017130494
0.0,0.019910626
0.0,0.06799649
0.0,0.039001156
0.0,0.010797551
0.0,0.017578388
0.0,0.003841467
0.0,-0.0031966923
0.0,0.004329133
0.0,0.49825013
0.0,0.083717585
7.0,3.9046702
0.0,0.18278272
1.0,2.011248
0.0,0.06635715
4.0,0.7713903
0.0,0.052393384
1.0,1.0448562
0.0,0.019101195
1.0,0.8899416
2.0,0.026137302
0.0,0.2872549
0.0,0.05055664
3.0,0.59908235
0.0,0.043814383
0.0,0.13290764
0.0,0.058136854
3.0,0.10431577
0.0,0.10434581
5.0,0.83244324
0.0,0.05947603
0.0,0.4415969
0.0,-0.0114470115
0.0,-0.017413147
0.0,0.017130494
0.0,0.019910626
0.0,0.04850194
0.0,0.020187303
0.0,0.019554535
0.0,0.01579907
0.0,0.033818185
0.0,0.02759855
0.0,0.039566997
4.0,0.047423836
0.0,0.042352907
2.0,4.0108056
0.0,0.032324106
0.0,0.03062329
0.0,-0.0114470115
0.0,-0.017413147
0.0,0.013804481
0.0,0.03659829
0.0,0.08576023
0.0,0.08069895
0.0,0.06535155
0.0,0.06143662
0.0,0.062182445
0.0,0.06920873
0.0,-0.013273675
0.0,-0.0114470115
0.0,-0.017413147
0.0,-0.0114470115
0.0,-0.017413147
0.0,0.013804481
0.0,0.03659829
0.0,0.08576023
0.0,0.08069895
0.0,0.06535155
0.0,0.060881343
0.0,0.033708066
0.0,0.012658083
0.0,0.011228118
0.0,0.0022684275
0.0,0.00020002126
0.0,-0.032265462
7.0,1.5699539
0.0,0.03957239
1.0,1.9670577
0.0,0.04754429
0.0,0.02212672
0.0,0.0954906
0.0,-0.0114470115
0.0,-0.017413147
0.0,0.017130494
0.0,0.019910626
0.0,0.04850194
0.0,0.020187303
0.0,0.051409442
0.0,0.052622564
0.0,0.054636963
0.0,0.05246614
0.0,0.11335207
0.0,0.63414013
0.0,0.330756
0.0,-0.0277893
0.0,-0.0114470115
0.0,-0.017413147
0.0,0.017130494
0.0,0.019910626
0.0,0.04850194
0.0,0.020187303
0.0,0.015804745
0.0,0.02574615
0.0,-0.004546532
0.0,-0.016037216
0.0,-0.014278164
0.0,-0.021789778
0.0,-0.01957313
0.0,-0.06776351
0.0,2.2520084
0.0,0.4206124
0.0,2.7835562
0.0,2.2399812
6.0,1.8971939
0.0,0.014243358
0.0,1.7470603
0.0,0.03410469
0.0,0.7642868
0.0,0.023718225
0.0,-0.010810217
0.0,0.02013456
3.0,0.81549007
0.0,0.006588289
0.0,0.03456725
0.0,0.021063257
0.0,0.026244026
0.0,0.0255553
0.0,0.04396759
0.0,0.027027417
0.0,0.06421544
0.0,0.05798805
0.0,0.13611999
0.0,0.114239976
0.0,0.11810123
0.0,0.12319678
0.0,0.09456998
0.0,0.10367424
0.0,0.10534407
0.0,0.1106036
0.0,0.09891527
0.0,0.10009972
0.0,0.09628615
0.0,0.10993645
0.0,0.084062636
0.0,0.11244574
0.0,0.09177085
0.0,0.11744219
0.0,0.13250329
0.0,0.11889772
0.0,0.13098417
0.0,0.08778975
0.0,-0.021138467
0.0,-0.0067363796
0.0,-0.0114470115
0.0,-0.017413147
0.0,0.013804481
0.0,0.03659829
0.0,-0.011153947
0.0,-0.0114470115
0.0,-0.017413147
0.0,0.017130494
0.0,0.019910626
0.0,0.058194634
0.0,0.057614177
0.0,0.03662117
0.0,0.03958121
0.0,0.04760526
0.0,0.038062226
0.0,0.03570106
0.0,0.029921899
0.0,0.051177096
0.0,-0.032723185
0.0,-0.0114470115
0.0,-0.017413147
0.0,0.017130494
0.0,0.019910626
0.0,0.06371987
0.0,0.07466318
0.0,0.05456046
0.0,0.031544615
0.0,0.024896618
0.0,-0.024141623
0.0,-0.017070988
0.0,-0.02068918
0.0,-0.05815423
7.0,4.1022944
0.0,0.19044739
0.0,2.3826132
0.0,0.05662841
22.0,1.4927392
0.0,0.050938267
0.0,0.062162887
0.0,0.055242117
0.0,0.07600099
0.0,-0.0114470115
0.0,-0.017413147
0.0,-0.0114470115
0.0,-0.017413147
0.0,0.017130494
0.0,0.019910626
0.0,0.05337411
0.0,0.038425513
0.0,0.02636762
0.0,0.022993224
0.0,0.054683473
0.0,0.051939208
0.0,0.0437449
0.0,0.04053521
0.0,0.024500426
0.0,0.03565014
0.0,0.14423989
2.0,0.5420546
0.0,0.027965587
1.0,1.3733107
0.0,0.02032283
0.0,-0.029301139
0.0,-0.0114470115
0.0,-0.017413147
0.0,0.017130494
0.0,0.019910626
0.0,0.05337411
0.0,0.038425513
0.0,0.031461094
0.0,0.011568453
0.0,0.009592281
0.0,-0.016705727
0.0,-0.016508898
0.0,-0.013925645
0.0,-0.043233648
0.0,1.2952677
0.0,0.074413225
6.0,4.2370014
0.0,0.028103873
1.0,1.6369916
0.0,0.031456232
0.0,0.85388935
0.0,0.023841642
4.0,1.2638173
0.0,0.016079597
1.0,0.60543305
0.0,0.015724087
0.0,0.875694
0.0,0.04891589
5.0,1.3937956
0.0,0.013033249
0.0,1.2945098
0.0,0.036918387
0.0,0.29433307
0.0,0.083391845
0.0,0.34339347
0.0,0.06547509
0.0,0.21571322
0.0,0.3895435
0.0,0.82717127
0.0,0.5516957
0.0,0.80455923
0.0,-0.0114470115
0.0,-0.017413147
0.0,0.013804481
0.0,0.03659829
0.0,0.08576023
0.0,0.08069895
0.0,0.06535155
0.0,0.06143662
0.0,0.062182445
0.0,0.06920873
0.0,0.007114181
0.0,0.00051499903
0.0,-7.014423e-05
0.0,-0.0098644225
0.0,-0.012533855
0.0,0.10855092
0.0,0.49414217
0.0,0.08257793
0.0,2.5114486
0.0,2.3239577
6.0,1.579087
0.0,0.05448497
0.0,0.05950967
0.0,0.026396701
1.0,1.4632303
0.0,0.02350498
0.0,0.0683393
0.0,0.048425335
0.0,0.08914225
0.0,0.06789447
0.0,0.2570426
3.0,0.11525779
0.0,0.16763146
0.0,0.22320735
0.0,0.3676061
1.0,0.4444409
0.0,0.20564435
0.0,0.21619658
0.0,0.2612845
0.0,0.2795909
0.0,0.28032786
0.0,0.35960254
0.0,0.1152429
0.0,0.09139682
0.0,0.123574175
0.0,0.0749073
0.0,0.03768283
0.0,0.013633592
0.0,0.012917812
0.0,0.00064631994
0.0,-0.0114470115
0.0,-0.017413147
0.0,0.017130494
0.0,0.019910626
0.0,0.05337411
0.0,0.00917253
0.0,0.0009699612
0.0,-0.012916646
0.0,-0.03894031
0.0,-0.05477127
0.0,-0.049110033
6.0,5.24561
0.0,0.20383674
0.0,0.07794942
0.0,0.046341654
0.0,2.2308123
0.0,0.048875965
0.0,0.10436917
0.0,0.07233879
0.0,0.07003822
0.0,0.11625113
0.0,0.42976263
0.0,0.1087518
0.0,0.117151156
0.0,0.062010847
0.0,0.07801184
0.0,0.059000548
0.0,0.116975024
0.0,0.06535254
0.0,0.10056474
0.0,0.0696554
0.0,0.06905359
0.0,0.047516804
0.0,0.052056395
0.0,0.044992067
0.0,0.03101011
0.0,0.0011088058
0.0,-0.01188105
0.0,0.03681336
0.0,-0.0114470115
0.0,-0.017413147
0.0,0.017130494
0.0,0.019910626
0.0,0.05337411
0.0,0.038425513
0.0,0.049768385
0.0,0.05238249
0.0,0.053506725
0.0,0.049593214
0.0,0.086619996
0.0,-0.033138223
0.0,-0.0114470115
0.0,-0.017413147
0.0,0.013804481
0.0,0.03659829
0.0,-0.011153947
0.0,-0.0114470115
0.0,-0.017413147
0.0,0.017130494
0.0,0.019910626
0.0,0.04837444
0.0,0.04629099
0.0,0.03383194
0.0,0.035937507
0.0,0.056977917
0.0,0.0032737015
0.0,0.005743062
0.0,-0.005967909
0.0,-0.010399383
0.0,-0.0075140204
0.0,-0.05667188
0.0,0.49044538
0.0,0.3831228
0.0,-0.03882064
0.0,0.00601457
0.0,-0.000962463
0.0,-0.0021650223
0.0,0.21050833
0.0,0.18437095
0.0,0.16932246
0.0,1.7201273
0.0,1.9057381
7.0,1.9921631
0.0,0.030603835
0.0,1.3968349
0.0,0.029686844
1.0,0.73029476
0.0,0.03094574
4.0,0.9810741
0.0,0.0196262
6.0,0.16952936
0.0,0.038673412
7.0,0.91779786
0.0,0.025217878
3.0,0.38495004
0.0,0.024460452
0.0,0.06557439
0.0,-0.0114470115
0.0,-0.017413147
0.0,0.017130494
0.0,0.019910626
0.0,0.04850194
0.0,0.020187303
0.0,0.017609166
0.0,-0.0050435704
0.0,-0.043629915
0.0,-0.07038408
0.0,-0.07303071
0.0,-0.07562004
0.0,-0.0035590916
7.0,6.6514773
0.0,0.23752971
5.0,1.9271941
0.0,0.02529937
0.0,0.06865573
0.0,0.01841528
1.0,2.0282319
0.0,0.01841138
0.0,0.060357124
0.0,0.033492923
0.0,0.0907788
0.0,0.06194787
0.0,0.07637645
0.0,0.053824868
0.0,0.09976369
0.0,0.103321545
0.0,0.11852113
0.0,0.112399384
0.0,0.11040138
0.0,0.13925616
0.0,0.09474834
0.0,0.07704479
0.0,0.09052532
0.0,0.080695555
0.0,0.09499333
0.0,0.13313642
0.0,0.12565503
0.0,0.13460761
0.0,0.12017693
0.0,0.1699322
6.0,0.15373698
0.0,0.15073156
0.0,0.10752597
0.0,0.1350793
0.0,0.16049717
0.0,0.03422965
0.0,-0.0114470115
0.0,-0.017413147
0.0,0.013804481
0.0,0.03659829
0.0,0.051152978
0.0,0.049729373
0.0,0.03942324
0.0,0.035427347
0.0,0.028349213
0.0,0.016560119
0.0,-0.012741881
0.0,-0.029885901
0.0,-0.031245824
0.0,-0.03700791
0.0,-0.037908033
0.0,0.8321509
6.0,3.5793307
0.0,0.06001537
0.0,-0.019402973
0.0,0.040765174
0.0,-0.0114470115
0.0,-0.017413147
0.0,0.013804481
0.0,0.03659829
0.0,-0.011153947
0.0,-0.0114470115
0.0,-0.017413147
0.0,0.017130494
0.0,0.019910626
0.0,0.04850194
0.0,0.020187303
0.0,0.020923095
0.0,0.03320186
0.0,0.20065784
0.0,0.113900125
0.0,0.13765116
0.0,0.20539795
0.0,0.2577077
2.0,1.7589582
0.0,0.034536548
0.0,1.4700714
0.0,0.02952624
0.0,1.0416414
0.0,0.015751826
1.0,3.3235605
0.0,0.015762947
2.0,4.0179386
0.0,0.022645669
0.0,3.276125
0.0,0.022504723
7.0,4.6007376
0.0,0.029387748
13.0,2.4160767
0.0,0.055301975
1.0,0.035290882
0.0,0.032366738
0.0,-0.0114470115
0.0,-0.017413147
0.0,-0.0114470115
0.0,-0.017413147
0.0,0.017130494
0.0,0.019910626
0.0,0.05337411
0.0,0.038425513
0.0,0.023726812
0.0,0.024082879
0.0,0.05933893
0.0,-0.0020232648
0.0,0.00025960206
0.0,0.11635604
0.0,0.25319755
0.0,-0.020056868
0.0,-0.026642395
0.0,-0.0502101
0.0,0.63124853
0.0,2.7295127
0.0,2.3005097
4.0,3.5829616
0.0,-0.00015933812
0.0,-0.013219439
0.0,0.08720922
0.0,0.042870693
0.0,0.08896926
0.0,0.27886668
0.0,0.050242245
0.0,1.6733105
6.0,1.4113877
0.0,0.04615916
7.0,0.9306591
0.0,0.04485431
2.0,1.1568223
0.0,0.057669375
4.0,0.6356419
0.0,0.05466047
0.0,0.19497792
0.0,0.05711093
2.0,0.93520194
0.0,0.015096742
0.0,0.315155
0.0,0.019703006
0.0,0.30756646
0.0,0.15165327
0.0,0.14276932
0.0,0.023524866
0.0,0.24078813
0.0,0.12052015
0.0,0.102794714
0.0,0.10118993
0.0,0.090017416
0.0,0.11790726
0.0,0.07609398
0.0,0.08430668
0.0,0.078115925
0.0,0.07428175
0.0,0.11683152
0.0,-0.0114470115
0.0,-0.017413147
0.0,0.013804481
0.0,0.012936126
0.0,-0.002828872
0.0,-0.00018808989
0.0,-0.0056761857
0.0,-0.006282684
0.0,-0.010169521
0.0,-0.0114470115
0.0,-0.017413147
0.0,0.013804481
0.0,0.012936126
0.0,-0.002828872
0.0,-0.00018808989
0.0,-0.028243832
0.0,-0.0114470115
0.0,-0.017413147
0.0,0.013804481
0.0,0.01909547
0.0,-0.012141361
0.0,-0.0114470115
0.0,-0.017413147
0.0,0.013804481
0.0,0.01909547
0.0,-0.012141361
0.0,-0.0114470115
0.0,-0.017413147
0.0,0.013804481
0.0,0.012936126
0.0,-0.002828872
0.0,-0.00018808989
0.0,-0.015538733
0.0,-0.017921155
0.0,-0.010778755
0.0,-0.011917933
0.0,0.021441843
0.0,0.06253464
0.0,0.05281772
0.0,0.13073015
0.0,-0.034618877
0.0,-0.027666492
0.0,-0.021169601
0.0,-0.028014198
0.0,-0.027497021
0.0,-0.052850246
0.0,0.5656301
0.0,0.3149244
3.0,2.180094
0.0,0.034654416
7.0,2.059191
0.0,0.044497512
0.0,0.07058349
0.0,0.041732628
0.0,0.5550539
0.0,0.02821318
0.0,0.014181826
0.0,0.032866105
0.0,0.008431063
0.0,0.006251019
0.0,-0.0114470115
0.0,-0.017413147
0.0,-0.0114470115
0.0,-0.017413147
0.0,0.013804481
0.0,0.012936126
0.0,0.014646896
0.0,0.008715921
0.0,0.003557217
0.0,0.008502474
0.0,0.022987777
0.0,0.0705575
0.0,-0.02900982
0.0,-0.033979777
0.0,-0.03386155
0.0,-0.05198782
0.0,-0.050098006
0.0,0.3444516
0.0,0.8824663
0.0,0.34713957
0.0,-0.04119483
0.0,-0.040221803
0.0,-0.03409235
0.0,-0.032288536
0.0,0.1473505
0.0,0.2218159
0.0,0.60077953
0.0,0.7785417
0.0,0.96032435
6.0,1.1258581
0.0,0.047476728
4.0,0.6037371
0.0,0.066444196
0.0,0.6814935
0.0,0.05562065
1.0,1.4067528
0.0,0.02916156
1.0,0.6074378
0.0,0.042336643
5.0,0.88689256
0.0,0.07614307
0.0,0.17293249
0.0,0.058583077
0.0,-0.0114470115
0.0,-0.017413147
0.0,0.017130494
0.0,0.019910626
0.0,0.05337411
6.0,0.038425513
0.0,0.84152746
6.0,3.3980758
0.0,0.6593528
0.0,3.1505823
0.0,0.42038956
8.0,2.3761191
0.0,0.107390694
6.0,2.3825047
0.0,0.07072662
1.0,0.74386376
0.0,0.047613215
0.0,1.1896516
0.0,0.025880512
0.0,0.0765381
0.0,-0.0114470115
0.0,-0.017413147
0.0,0.013804481
0.0,0.01909547
0.0,0.02492466
0.0,0.035222057
0.0,0.014640285
0.0,0.010742884
0.0,0.00977994
0.0,0.0062929685
0.0,-0.03852608
0.0,-0.0114470115
0.0,-0.017413147
0.0,0.013804481
0.0,0.012936126
0.0,0.014646896
0.0,0.008715921
0.0,0.003557217
0.0,0.0024858771
0.0,0.013263213
0.0,0.04139941
0.0,0.025499923
0.0,0.0896992
0.0,0.04148982
0.0,1.0222763
2.0,0.4654974
0.0,0.010421473
1.0,0.36842263
0.0,0.03712707
1.0,1.8956398
0.0,0.012180702
1.0,2.3606257
0.0,0.03111658
7.0,3.6224625
0.0,0.0323238
13.0,1.0920545
0.0,0.032393157
0.0,0.09589443
0.0,0.08965542
0.0,0.054375764
0.0,0.040965904
0.0,0.035557225
0.0,0.041101277
0.0,0.039629087
0.0,0.037734304
0.0,-0.0114470115
0.0,-0.017413147
0.0,0.017130494
0.0,0.019910626
0.0,0.039557952
0.0,0.010710004
0.0,-0.0031838997
0.0,-2.3457407e-05
0.0,-0.021417322
0.0,-0.032267157
0.0,-0.02592606
0.0,2.2278357
0.0,-0.065741435
7.0,5.6539316
0.0,0.08082116
0.0,2.2981153
0.0,0.041287113
0.0,0.04855744
0.0,0.01828016
3.0,1.4283956
0.0,0.016308978
0.0,0.06047335
0.0,0.034754302
0.0,0.19393183
0.0,0.14231037
0.0,0.2071747
0.0,0.18774657
0.0,0.15017726
0.0,0.13889113
0.0,0.189744
0.0,0.12721048
0.0,0.14490224
0.0,0.15549424
0.0,0.12680851
0.0,0.06261608
0.0,0.05966954
0.0,0.030817207
0.0,0.032651544
0.0,0.044246927
0.0,0.046145126
0.0,0.03818942
0.0,0.04734642
0.0,0.058915354
0.0,0.03474323
6.0,0.055976037
0.0,0.06412802
0.0,0.22591953
0.0,0.14194752
0.0,0.23996943
0.0,0.13134395
0.0,0.12504439
0.0,0.113435335
0.0,0.069679014
0.0,0.12130636
0.0,0.11116425
0.0,0.14327608
1.0,0.15011264
0.0,0.15663652
0.0,0.089506574
0.0,0.18459484
1.0,0.18109356
0.0,0.17158522
2.0,0.0867023
0.0,0.08538187
0.0,0.09392655
0.0,0.025226137
0.0,0.07958143
0.0,0.037913654
0.0,0.034143675
0.0,0.036775313
0.0,0.06389585
0.0,0.03951998
0.0,0.03926988
0.0,0.08073771
0.0,0.047709834
0.0,0.021957602
0.0,0.029515017
0.0,0.034085233
0.0,0.019354742
0.0,-0.0114470115
0.0,-0.017413147
0.0,-0.0114470115
0.0,-0.017413147
0.0,-0.0114470115
0.0,-0.017413147
0.0,0.017130494
0.0,0.019910626
0.0,0.05337411
0.0,0.038425513
0.0,0.049768385
0.0,0.05238249
0.0,0.068574436
0.0,-0.019584427
0.0,-0.030487282
0.0,-0.03558795
0.0,-0.048686635
0.0,-0.053854406
0.0,-0.005645585
0.0,5.830269
0.0,5.2978954
7.0,6.771723
0.0,0.042760268
4.0,1.6226164
0.0,0.032949552
0.0,0.8027844
0.0,0.021059787
8.0,1.2597545
0.0,0.018650563
0.0,0.13020527
0.0,0.0342563
4.0,0.8045635
0.0,0.0342353
0.0,0.076561585
0.0,0.07701366
0.0,0.06369494
0.0,0.066613056
0.0,-0.0114470115
0.0,-0.017413147
0.0,0.013804481
0.0,0.012936126
0.0,-0.018704243
0.0,-0.0114470115
0.0,-0.017413147
0.0,-0.0114470115
0.0,-0.017413147
0.0,0.013804481
0.0,0.012936126
0.0,-0.018704243
0.0,-0.0114470115
0.0,-0.017413147
0.0,0.013804481
0.0,0.015594362
0.0,0.023116134
0.0,0.014632355
0.0,0.011342442
0.0,0.009163462
0.0,-0.0131401
0.0,-0.029331157
0.0,-0.029245712
0.0,-0.035412326
0.0,-0.036630183
0.0,-0.049704548
6.0,3.3414052
0.0,0.01984712
0.0,1.4794412
0.0,0.037455045
1.0,1.8274727
0.0,0.035440292
4.0,1.6313702
0.0,0.04894958
0.0,0.36097983
0.0,0.09982188
1.0,0.7497105
0.0,0.016420133
0.0,0.08473819
0.0,0.019960506
0.0,-0.0114470115
0.0,-0.017413147
0.0,0.013804481
0.0,0.012936126
0.0,-0.002828872
0.0,0.0055726287
0.0,0.003966759
0.0,0.0027552322
0.0,0.008820314
0.0,0.006853565
0.0,0.01158421
0.0,0.03977652
0.0,-0.029975932
0.0,-0.03755632
0.0,-0.03648805
0.0,-0.04277552
0.0,-0.038208343
0.0,-0.06903872
0.0,1.1956744
0.0,1.1326978
4.0,1.3636851
0.0,0.08189695
0.0,-0.0050494475
0.0,0.04681473
0.0,0.0021781698
0.0,0.046666104
0.0,-0.015372252
2.0,0.12248473
0.0,0.067805886
0.0,0.057686172
0.0,0.03127475
3.0,1.8480519
0.0,0.025755422
0.0,0.037045654
0.0,0.031274624
0.0,-0.0114470115
0.0,-0.017413147
0.0,0.017130494
0.0,0.019910626
0.0,0.05337411
0.0,0.00917253
0.0,-0.011024779
0.0,0.0014242142
0.0,-0.024165994
0.0,-0.03684429
0.0,-0.025683632
0.0,4.8873796
0.0,0.024978643
0.0,-0.07482966
0.0,-0.08065285
0.0,-0.0607748
0.0,-0.056197386
0.0,-0.07384949
6.0,0.06197979
0.0,0.01804052
1.0,1.7960486
0.0,0.030556565
3.0,0.81726193
0.0,0.048331987
0.0,0.007731166
0.0,0.05360352
0.0,0.1598104
0.0,0.06399085
0.0,0.20180057
0.0,0.07862806
0.0,0.851802
0.0,0.053461205
0.0,0.00021630972
0.0,-0.0114470115
0.0,-0.017413147
0.0,0.017130494
0.0,0.019910626
0.0,0.058194634
0.0,0.057614177
0.0,0.03919824
0.0,0.04395561
0.0,0.05044371
0.0,0.0002522558
0.0,-0.0034338504
0.0,-0.007414086
0.0,-0.018052882
0.0,-0.022214722
0.0,-0.043678705
0.0,1.5822586
0.0,0.69965714
0.0,0.009589519
0.0,-0.036336284
0.0,-0.03947565
0.0,-0.039818417
0.0,0.20807266
0.0,0.22965433
0.0,0.26828727
6.0,1.4930946
0.0,0.06334407
1.0,1.4902976
0.0,0.0455172
0.0,0.03163715
0.0,0.03552784
0.0,-0.0114470115
0.0,-0.017413147
0.0,0.013804481
0.0,0.03389935
0.0,0.0055391146
0.0,-0.0114470115
0.0,-0.017413147
0.0,0.017130494
0.0,0.019910626
0.0,0.085227475
0.0,0.086892895
0.0,0.06570658
0.0,0.105551824
0.0,0.09260292
0.0,0.10400285
0.0,0.34586608
0.0,-0.04108365
0.0,-0.0114470115
0.0,-0.017413147
0.0,0.017130494
0.0,0.019910626
0.0,0.05337411
0.0,0.038425513
0.0,0.025372757
0.0,0.03361877
0.0,0.053303387
0.0,0.061162427
0.0,0.07037729
0.0,0.10419268
0.0,0.07440806
0.0,0.21828064
0.0,0.09710434
0.0,0.03442478
0.0,0.040560972
0.0,0.0037454336
0.0,0.0009656295
0.0,-0.0035141527
0.0,0.24514896
7.0,2.7473583
0.0,0.045214936
4.0,1.1511762
0.0,0.037602425
1.0,0.6633525
0.0,0.03189835
3.0,0.6917099
0.0,0.027468573
0.0,0.07919864
0.0,0.06479911
0.0,-0.0114470115
0.0,-0.017413147
0.0,0.013804481
0.0,0.012936126
0.0,-0.018704243
0.0,-0.0114470115
0.0,-0.017413147
0.0,0.017130494
0.0,0.019910626
0.0,0.06014778
0.0,0.06335648
0.0,0.044260427
0.0,0.043285504
0.0,0.06149344
0.0,0.06445518
0.0,0.064219765
0.0,0.068187594
0.0,0.08767999
2.0,0.80836326
0.0,0.03488213
0.0,1.0540893
0.0,0.026984986
0.0,0.47462353
0.0,0.020441078
0.0,0.6233839
0.0,0.019501515
0.0,1.1327305
0.0,0.5329387
0.0,0.6545876
0.0,0.21223968
0.0,0.7962447
0.0,0.86627597
0.0,1.3070034
0.0,1.0349026
0.0,0.96907353
0.0,1.1083457
0.0,1.1594329
0.0,1.0805173
0.0,1.3716322
0.0,0.41191137
1.0,0.5705649
0.0,0.016232602
1.0,1.9662217
0.0,0.020211622
0.0,2.5057828
0.0,0.032566175
20.0,2.7614994
0.0,0.06546977
1.0,0.2545705
0.0,0.046787597
0.0,-0.0114470115
0.0,-0.017413147
0.0,0.013804481
0.0,0.017111925
0.0,-0.009986446
0.0,-0.0114470115
0.0,-0.017413147
0.0,0.017130494
0.0,0.019910626
0.0,0.058194634
0.0,0.023656162
0.0,0.008742318
0.0,0.011286863
0.0,-0.011096823
0.0,-0.02431302
0.0,-0.015315559
0.0,1.1404996
0.0,0.05380772
0.0,-0.08770618
0.0,-0.08079078
0.0,-0.041152373
0.0,-0.04271665
0.0,-0.076350994
0.0,-0.031728953
0.0,0.039451838
0.0,2.4828458
0.0,1.747593
0.0,1.7969855
0.0,1.8094823
5.0,2.7483945
0.0,0.006958161
0.0,0.04736514
0.0,0.005194828
0.0,1.2311103
0.0,0.012332871
0.0,0.035297953
0.0,0.024164371
0.0,0.0329628
0.0,0.02896083
0.0,0.037429787
0.0,0.035164326
0.0,0.110984646
0.0,0.09820094
0.0,0.12966678
0.0,0.11470682
0.0,0.1238006
0.0,0.108910255
0.0,0.123492815
0.0,0.122728445
0.0,0.120658465
0.0,0.12133301
0.0,0.122743115
0.0,0.12399839
0.0,0.11991285
0.0,0.119210996
0.0,0.12895419
0.0,0.11529184
0.0,0.11823136
0.0,0.10452466
0.0,0.10366628
0.0,0.10897445
0.0,0.10293609
0.0,0.090628676
0.0,-0.013637594
0.0,-0.010047015
0.0,0.00924769
0.0,-0.0114470115
0.0,-0.017413147
0.0,0.013804481
0.0,0.012498517
0.0,-0.018644257
0.0,-0.0114470115
0.0,-0.017413147
0.0,-0.0114470115
0.0,-0.017413147
0.0,-0.0114470115
0.0,-0.017413147
0.0,0.013804481
0.0,0.012498517
0.0,-0.018644257
0.0,-0.0114470115
0.0,-0.017413147
0.0,0.017130494
0.0,0.019910626
0.0,0.07280954
0.0,-0.006294945
0.0,-0.0114470115
0.0,-0.017413147
0.0,0.017130494
0.0,0.019910626
0.0,0.06014778
0.0,0.030344183
0.0,0.017774154
0.0,0.020848162
0.0,0.006212312
0.0,0.015317383
0.0,0.023275929
4.0,0.3889089
0.0,0.049990114
0.0,2.54762
0.0,0.061687432
0.0,0.051048737
0.0,0.03890246
0.0,0.013315878
0.0,0.0519578
0.0,0.047316324
0.0,0.49888352
0.0,1.0713301
5.0,1.0120381
0.0,0.04592641
0.0,0.07667862
0.0,0.04932206
1.0,1.4155521
0.0,0.051645916
0.0,0.05748587
0.0,0.044698875
0.0,0.10834953
1.0,0.10918655
0.0,0.13071337
0.0,0.050567303
0.0,0.02561136
0.0,0.05997945
0.0,-0.0012593537
0.0,-0.008670577
0.0,0.0012021541
0.0,0.035300434
0.0,-0.0114470115
0.0,-0.017413147
0.0,0.013804481
0.0,0.017111925
0.0,-0.009986446
0.0,-0.0114470115
0.0,-0.017413147
0.0,-0.0114470115
0.0,-0.017413147
0.0,0.013804481
0.0,0.017111925
0.0,-0.009986446
0.0,-0.0114470115
0.0,-0.017413147
0.0,-0.0114470115
0.0,-0.017413147
0.0,-0.0114470115
0.0,-0.017413147
0.0,-0.0114470115
0.0,-0.017413147
0.0,-0.0114470115
0.0,-0.017413147
0.0,-0.0114470115
0.0,-0.017413147
0.0,0.017130494
0.0,0.019910626
0.0,0.06014778
0.0,0.06335648
0.0,0.0624231
0.0,0.024459135
0.0,0.0130526535
0.0,-0.0022838041
0.0,-0.0048464877
0.0,-0.010835296
0.0,-0.006409597
0.0,0.89962965
0.0,0.35778463
6.0,5.162807
0.0,0.06966997
0.0,1.4997551
0.0,0.12679194
1.0,1.3898451
0.0,0.063814536
4.0,1.6767789
0.0,0.042024147
0.0,0.12947252
0.0,0.07095068
0.0,0.069225594
0.0,0.04274702
0.0,0.69468665
0.0,0.046773538
0.0,0.39559963
14.0,0.50310665
0.0,0.07059768
0.0,-0.0114470115
0.0,-0.017413147
0.0,-0.0114470115
0.0,-0.017413147
0.0,0.013804481
0.0,0.01909547
0.0,0.02492466
0.0,0.026518954
0.0,0.011888548
0.0,0.009397428
0.0,0.017601669
0.0,0.008746699
0.0,0.05030859
0.0,0.13277158
2.0,0.08336281
0.0,0.012896887
0.0,1.2426555
0.0,0.013673312
0.0,0.058017716
0.0,0.08368187
0.0,0.030083213
0.0,0.08519576
0.0,0.01856593
0.0,0.113156
0.0,0.12068441
0.0,0.15704231
7.0,0.2931057
0.0,0.04054053
0.0,0.045467954
0.0,0.07141413
0.0,-0.0114470115
0.0,-0.017413147
0.0,-0.0114470115
0.0,-0.017413147
0.0,-0.0114470115
0.0,-0.017413147
0.0,-0.0114470115
0.0,-0.017413147
0.0,0.013804481
0.0,0.011646527
0.0,-0.018425616
0.0,-0.0114470115
0.0,-0.017413147
0.0,0.017130494
0.0,0.019910626
0.0,0.05765182
0.0,0.056175828
0.0,0.04420936
0.0,0.071703896
0.0,0.08784576
0.0,0.09785939
0.0,0.09354733
0.0,0.13310853
0.0,0.05665055
0.0,0.16735287
0.0,0.10755895
3.0,0.42113164
0.0,0.028859679
1.0,2.2286434
0.0,0.035658047
0.0,3.4557078
0.0,0.028110182
6.0,3.0551786
0.0,0.048500493
0.0,3.4075775
0.0,0.05627893
13.0,1.8358008
0.0,0.115170546
1.0,0.10403892
0.0,0.12504894
1.0,0.0633314
0.0,0.04555679
0.0,-0.0114470115
0.0,-0.017413147
0.0,0.013804481
0.0,0.011646527
0.0,0.021844774
0.0,0.014511902
0.0,0.0071527613
0.0,0.006599435
0.0,-0.00030601025
0.0,0.03692472
0.0,0.04931497
0.0,0.06573001
2.0,0.056875903
0.0,0.009251414
0.0,2.5657804
0.0,0.015068724
0.0,0.31958756
0.0,0.03652584
0.0,-0.023641596
0.0,-0.0114470115
0.0,-0.017413147
0.0,0.017130494
0.0,0.019910626
0.0,0.05765182
0.0,0.056175828
0.0,0.04420936
0.0,0.0026622384
0.0,-0.02244537
0.0,-0.05288077
0.0,-0.0584208
0.0,-0.06268688
0.0,-0.06419168
7.0,5.510383
0.0,0.22151054
4.0,1.1731082
0.0,0.0649281
1.0,0.3589891
0.0,0.05180667
1.0,0.94617605
0.0,0.06528282
0.0,0.21366699
0.0,0.118517235
0.0,0.28616753
0.0,0.2588299
0.0,0.9895387
0.0,0.3426597
0.0,1.5415744
0.0,1.6151502
0.0,2.0076346
0.0,1.0862398
4.0,1.6956371
0.0,0.07483572
0.0,2.3739922
0.0,0.3158578
12.0,2.4679043
0.0,0.13447261
0.0,0.0658608
0.0,-0.0114470115
0.0,-0.017413147
0.0,0.013804481
0.0,0.011646527
0.0,0.021844774
0.0,0.014511902
0.0,0.0071527613
0.0,0.024061067
0.0,0.05075808
0.0,0.051178034
0.0,0.03987108
0.0,0.053669482
0.0,-0.041364882
0.0,-0.045177344
0.0,-0.056946352
0.0,-0.062094443
0.0,-0.053865198
0.0,-0.08429589
0.0,2.144749
0.0,2.6531038
7.0,3.975613
0.0,0.050975226
4.0,0.821355
0.0,0.039044473
1.0,0.32001132
0.0,0.031875905
5.0,0.15171625
0.0,0.033298776
0.0,0.7546289
0.0,0.03767196
4.0,0.24069104
0.0,0.025778221
4.0,0.14386007
0.0,0.019361025
3.0,0.728037
0.0,0.01494328
0.0,0.05561675
0.0,-0.0114470115
0.0,-0.017413147
0.0,-0.0114470115
0.0,-0.017413147
0.0,0.017130494
0.0,0.019910626
0.0,0.05765182
0.0,-0.011764421
0.0,-0.0114470115
0.0,-0.017413147
0.0,0.017130494
0.0,0.019910626
0.0,0.05765182
0.0,0.056175828
0.0,0.04420936
0.0,0.0026622384
0.0,-0.04448036
0.0,-0.0114470115
0.0,-0.017413147
0.0,0.013804481
0.0,0.011646527
0.0,0.0024974286
0.0,0.0035917952
0.0,-0.01339993
0.0,-0.015212458
0.0,-0.009440467
0.0,-0.008778466
0.0,-0.03789486
0.0,-0.0114470115
0.0,-0.017413147
0.0,0.013804481
0.0,0.011646527
0.0,0.021844774
0.0,0.014511902
0.0,0.0071527613
0.0,0.005795905
0.0,0.015011626
0.0,0.113090314
0.0,-0.033204947
0.0,-0.0114470115
0.0,-0.017413147
0.0,0.013804481
0.0,0.011646527
0.0,0.021844774
0.0,0.014511902
0.0,0.0071527613
0.0,0.006599435
0.0,-0.00030601025
0.0,0.021020876
0.0,0.04231179
0.0,0.07378629
0.0,0.06644024
0.0,0.10675354
0.0,0.08393116
0.0,0.13593878
2.0,0.09291071
0.0,0.04728291
0.0,0.6287196
0.0,0.032875024
0.0,0.5449931
0.0,0.035799548
26.0,0.80473524
0.0,0.05016977
0.0,-0.0114470115
0.0,-0.017413147
0.0,-0.0114470115
0.0,-0.017413147
0.0,0.017130494
0.0,0.019910626
0.0,0.06493808
0.0,0.0570587
0.0,0.037457425
0.0,0.021602878
0.0,0.00487985
0.0,-0.009245334
0.0,-0.00728659
0.0,-0.0050859256
0.0,-0.016302899
0.0,0.3704689
0.0,0.13613099
6.0,4.422254
0.0,0.029638408
3.0,1.3349942
0.0,0.024780268
0.0,0.0737338
0.0,0.030429652
0.0,0.9205284
0.0,0.025088761
0.0,0.022681564
0.0,0.035633117
0.0,-0.0114470115
0.0,-0.017413147
0.0,0.013804481
0.0,0.011646527
0.0,-0.018425616
0.0,-0.0114470115
0.0,-0.017413147
0.0,0.013804481
0.0,0.011646527
0.0,-0.018425616
0.0,-0.0114470115
0.0,-0.017413147
0.0,0.017130494
0.0,0.019910626
0.0,0.06493808
0.0,0.024899378
0.0,-0.0018630653
0.0,0.0061060186
0.0,-0.015627345
0.0,-0.022375934
0.0,-0.019217923
0.0,2.2418973
0.0,-0.02429478
6.0,5.5043283
0.0,0.11370403
0.0,0.020312518
0.0,0.020289872
0.0,-0.0114470115
0.0,-0.017413147
0.0,-0.0114470115
0.0,-0.017413147
0.0,0.013804481
0.0,0.011646527
0.0,0.021844774
0.0,0.014511902
0.0,0.0071527613
0.0,0.006599435
0.0,-0.00030601025
0.0,-0.011438272
0.0,0.009962001
0.0,0.15076584
0.0,-0.03582559
0.0,-0.052732605
0.0,-0.056440447
0.0,-0.062763765
0.0,-0.053886022
0.0,-0.07829201
6.0,3.942869
0.0,0.038049813
4.0,1.6541915
0.0,0.07305513
1.0,0.5859085
0.0,0.07216428
0.0,0.7193638
0.0,0.06423053
12.0,0.4322125
0.0,0.08904412
4.0,0.29689005
0.0,0.041732043
0.0,0.34170288
0.0,-0.0114470115
0.0,-0.017413147
0.0,0.013804481
0.0,0.011646527
0.0,0.021844774
0.0,0.014511902
0.0,0.0071527613
0.0,0.005795905
0.0,0.015011626
0.0,0.0026421754
0.0,0.015752662
0.0,0.035234265
0.0,0.033743985
0.0,0.11791798
0.0,0.059221137
0.0,0.24575378
0.0,0.08066341
0.0,0.06428553
0.0,0.2057749
0.0,0.26818624
0.0,-0.004365864
0.0,0.0031023815
0.0,0.002029699
0.0,0.0037752746
0.0,0.0045188693
0.0,0.068207525
0.0,0.07208935
0.0,0.74538094
0.0,0.05336104
0.0,0.11951291
0.0,0.11290818
0.0,0.12117975
0.0,0.16393176
0.0,0.16324836
0.0,0.16813852
6.0,0.18687521
0.0,0.046688903
0.0,0.8466168
0.0,0.051108573
4.0,0.6780898
0.0,0.058095437
1.0,0.42661566
0.0,0.061054133
13.0,0.4526987
0.0,0.0978206
2.0,0.20264734
0.0,0.049409658
2.0,0.17510113
0.0,0.04280209
0.0,0.08084598
0.0,-0.0114470115
0.0,-0.017413147
0.0,0.017130494
0.0,0.019910626
0.0,0.05337411
0.0,0.00917253
0.0,0.0009699612
0.0,-0.012916646
0.0,-0.03894031
0.0,-0.05477127
0.0,-0.049110033
0.0,5.24561
0.0,-0.013231269
5.0,6.2553663
0.0,0.03485735
0.0,0.024059396
0.0,0.031909496
1.0,2.0590394
0.0,0.026771894
0.0,0.050664376
0.0,0.060045745
0.0,0.11472255
0.0,0.06887353
0.0,0.107361995
0.0,0.064560056
0.0,0.11761432
0.0,0.1142588
0.0,0.14771935
0.0,0.05871257
0.0,0.054903783
0.0,0.060753416
0.0,0.044103242
0.0,0.040801678
0.0,0.014556968
0.0,0.101524696
0.0,0.05205472
0.0,0.032919507
0.0,-0.0114470115
0.0,-0.017413147
0.0,0.017130494
0.0,0.019910626
0.0,0.05337411
0.0,0.00917253
0.0,0.0009699612
0.0,-0.012916646
0.0,-0.03894031
0.0,-0.05477127
0.0,-0.049110033
0.0,5.24561
0.0,-0.013231269
5.0,6.2553663
0.0,0.037922166
0.0,0.030049495
0.0,0.03662446
0.0,2.1361465
0.0,0.038596604
0.0,0.17835896
0.0,0.049575835
0.0,0.08416122
0.0,0.06530947
0.0,0.09325809
0.0,0.05986553
0.0,0.07335595
0.0,0.07891649
0.0,0.085448086
0.0,0.06468352
0.0,0.084494896
0.0,0.09839242
0.0,0.10602505
0.0,0.097555
0.0,0.00967005
0.0,-0.0114470115
0.0,-0.017413147
0.0,0.017130494
0.0,0.019910626
0.0,0.09428927
0.0,0.04828479
0.0,0.026030881
0.0,0.047185462
0.0,0.021090388
0.0,-0.0057347026
0.0,0.017909756
5.0,2.783478
0.0,0.09966609
0.0,0.230417
0.0,0.11294916
0.0,3.3420997
0.0,0.032761436
0.0,0.015209646
0.0,0.0041541397
0.0,-0.0114470115
0.0,-0.017413147
0.0,-0.0114470115
0.0,-0.017413147
0.0,0.013804481
0.0,0.0043555032
0.0,0.008803671
0.0,-0.0007486611
0.0,-0.002651067
0.0,-0.006026046
0.0,-0.01178342
0.0,-0.015381675
0.0,-0.039764687
0.0,-0.0114470115
0.0,-0.017413147
0.0,0.017130494
0.0,0.019910626
0.0,0.06493808
0.0,-0.004741664
0.0,-0.0114470115
0.0,-0.017413147
0.0,0.013804481
0.0,0.011646527
0.0,0.021844774
0.0,0.014511902
0.0,0.0071527613
0.0,0.005795905
0.0,0.015011626
0.0,0.028087307
0.0,-0.018948087
0.0,-0.0114470115
0.0,-0.017413147
0.0,0.017130494
0.0,0.019910626
0.0,0.05337411
0.0,0.038425513
0.0,0.020416455
0.0,0.021763762
0.0,0.025844844
3.0,0.4340212
0.0,0.02991012
1.0,3.9687877
0.0,0.040070623
1.0,3.8632386
0.0,0.045171823
0.0,2.1351368
0.0,0.027904054
0.0,0.9279415
0.0,0.024425797
0.0,0.78969014
0.0,0.022917228
1.0,1.968985
0.0,0.088276304
0.0,0.02890629
0.0,0.10366302
0.0,0.08361269
0.0,0.12286737
0.0,0.12520634
0.0,0.08845748
10.0,4.124375
0.0,0.026322605
0.0,0.072592825
0.0,0.08822009
0.0,-0.0114470115
0.0,-0.017413147
0.0,0.017130494
0.0,0.019910626
0.0,0.016883431
0.0,-0.010776677
0.0,-0.03285192
0.0,-0.02240461
0.0,-0.04193227
0.0,-0.044629212
0.0,-0.055316772
0.0,0.02739706
0.0,-0.05038965
0.0,-0.09546957
0.0,0.11215397
0.0,0.106539465
0.0,0.09329365
0.0,0.03784308
0.0,0.03365578
0.0,0.035209313
0.0,0.039649427
0.0,0.04145415
0.0,0.040199358
0.0,0.058472704
6.0,0.06801782
0.0,0.42337832
0.0,0.51669663
0.0,0.45386606
1.0,0.4042421
0.0,0.19769053
0.0,0.38282228
0.0,0.12341259
0.0,0.24155757
0.0,0.111813255
0.0,0.15027513
0.0,0.1206059
0.0,0.34753484
0.0,0.17277534
0.0,0.19771133
0.0,0.20227419
0.0,0.19935302
0.0,0.04361664
0.0,0.19589916
0.0,0.24093238
0.0,0.2274257
0.0,0.11145179
0.0,0.20343538
0.0,0.16635294
0.0,0.13384631
0.0,0.16443665
0.0,0.17695536
0.0,0.15660846
0.0,0.13654841
0.0,0.14989848
0.0,0.15878253
0.0,0.12241458
0.0,0.117323235
0.0,0.12016571
0.0,0.14890628
5.0,0.15112752
0.0,0.28378502
1.0,0.23382713
0.0,0.25541174
0.0,0.2710822
0.0,0.21951553
2.0,0.16021146
0.0,0.22753908
0.0,0.30520758
0.0,0.32628864
0.0,0.10998165
0.0,0.11928775
1.0,0.24503845
0.0,0.08467032
0.0,-0.0555441
0.0,-0.055015218
0.0,-0.051082328
0.0,0.016215907
0.0,-0.0114470115
0.0,-0.017413147
0.0,0.017130494
0.0,0.019910626
0.0,0.05337411
0.0,0.00917253
0.0,-0.011024779
0.0,0.0014242142
0.0,-0.024165994
0.0,-0.03684429
0.0,-0.025683632
4.0,4.8873796
0.0,0.044100028
8.0,1.9988167
0.0,0.12573081
0.0,2.0914345
0.0,0.05476071
0.0,0.767473
0.0,0.038551565
0.0,0.07474814
0.0,0.034679927
1.0,0.22253259
0.0,0.034928966
0.0,0.030275634
0.0,0.03932039
0.0,0.036099378
0.0,0.04101652
0.0,0.102987766
0.0,0.09304348
0.0,0.13284071
0.0,0.12306407
0.0,0.14937904
0.0,0.13915658
0.0,0.16030796
3.0,0.08793483
0.0,0.0770361
1.0,0.05822777
0.0,0.069251835
0.0,0.1411087
0.0,0.07586143
0.0,0.10878547
0.0,0.06990576
0.0,0.13942356
0.0,0.07543018
0.0,0.07572659
0.0,0.0852202
0.0,-0.0114470115
0.0,-0.017413147
0.0,0.017130494
0.0,0.019910626
0.0,0.05337411
0.0,0.038425513
0.0,0.028150763
0.0,0.027965587
0.0,0.097994074
0.0,0.11107941
0.0,0.07532847
0.0,-0.032014977
0.0,-0.0114470115
0.0,-0.017413147
0.0,0.013804481
0.0,0.017111925
0.0,-0.009986446
0.0,-0.0114470115
0.0,-0.017413147
0.0,0.017130494
0.0,0.019910626
0.0,0.05337411
0.0,0.038425513
0.0,0.025372757
0.0,0.03361877
0.0,0.069223315
0.0,-0.003904569
0.0,0.0038171737
0.0,0.059945226
0.0,0.048615526
0.0,0.09736212
0.0,-0.026018469
0.0,0.025315
0.0,0.022157548
0.0,0.026878616
0.0,0.050030597
0.0,0.26880676
0.0,0.5705403
0.0,0.015848493
0.0,0.02070106
0.0,0.030934697
0.0,0.040540934
0.0,0.08775872
0.0,0.112917624
0.0,1.6729275
0.0,0.028584927
0.0,0.042058397
0.0,0.04156597
0.0,0.06045549
0.0,0.111622706
0.0,0.10738137
0.0,0.10877073
0.0,0.10684682
0.0,0.17849492
0.0,0.18191218
0.0,0.19118907
0.0,0.19705722
0.0,0.19562218
0.0,0.19806132
6.0,0.19120748
0.0,0.06298453
0.0,0.82667077
0.0,0.05911697
6.0,0.89536405
0.0,0.06436236
0.0,0.23280676
0.0,0.04676252
0.0,-0.0114470115
0.0,-0.017413147
0.0,0.017130494
0.0,0.019910626
0.0,0.05337411
0.0,0.00917253
0.0,0.0009699612
0.0,-0.012916646
0.0,-0.03894031
0.0,-0.05477127
0.0,-0.049110033
6.0,5.24561
0.0,0.13981561
4.0,2.4707897
0.0,0.12615602
2.0,1.2341478
0.0,0.064989686
0.0,0.051891938
0.0,0.07463361
3.0,1.6189945
0.0,0.0072973813
0.0,0.14242889
0.0,0.015313989
0.0,0.006949599
0.0,-0.006453168
0.0,-0.012305005
0.0,-0.0054224357
0.0,-0.0114470115
0.0,-0.017413147
0.0,0.017130494
0.0,0.019910626
0.0,0.04769985
0.0,0.0084474785
0.0,-0.01711271
0.0,-0.0042756316
0.0,-0.031985644
0.0,-0.049531076
0.0,-0.004773
6.0,5.963162
0.0,0.11471777
0.0,0.0007372617
0.0,-0.0068156435
0.0,-0.0114470115
0.0,-0.017413147
0.0,-0.0114470115
0.0,-0.017413147
0.0,-0.0114470115
0.0,-0.017413147
0.0,0.017130494
0.0,0.019910626
0.0,0.05337411
0.0,0.038425513
0.0,0.028150763
2.0,0.027965587
0.0,0.027083071
0.0,-0.020161262
0.0,-0.0114470115
0.0,-0.017413147
0.0,0.017130494
0.0,0.019910626
0.0,0.05337411
0.0,-0.0046084938
0.0,-0.0114470115
0.0,-0.017413147
0.0,0.013804481
0.0,0.0043555032
0.0,-0.01988423
0.0,-0.0114470115
0.0,-0.017413147
0.0,-0.0114470115
0.0,-0.017413147
0.0,-0.0114470115
0.0,-0.017413147
0.0,0.017130494
0.0,0.019910626
0.0,0.05337411
0.0,0.00917253
0.0,-0.011024779
0.0,0.0014242142
0.0,-0.024165994
0.0,-0.03684429
0.0,-0.025683632
0.0,4.8873796
0.0,0.031590693
6.0,5.3749657
0.0,0.081577234
4.0,2.1346886
0.0,0.016667323
0.0,1.3436314
0.0,0.030901639
0.0,-0.0075520184
0.0,0.0957462
0.0,-0.0114470115
0.0,-0.017413147
0.0,0.017130494
0.0,0.019910626
0.0,0.10681855
2.0,0.079424605
0.0,0.028590603
0.0,0.1710834
0.0,0.08522271
0.0,0.08694969
0.0,0.095061116
0.0,0.019170122
0.0,0.055807553
7.0,3.4279428
0.0,0.4154669
1.0,1.3278604
0.0,0.25254416
1.0,1.4562802
0.0,0.11467047
1.0,0.6974945
0.0,0.020869037
5.0,0.77977055
0.0,0.0150886355
0.0,0.50356966
0.0,0.04740843
4.0,1.2152268
0.0,0.05707078
0.0,-0.0114470115
0.0,-0.017413147
0.0,0.017130494
0.0,0.019910626
0.0,0.05236139
0.0,0.01939773
0.0,0.008844582
0.0,0.043074083
0.0,0.1622179
2.0,0.26764035
0.0,0.02795216
0.0,2.1774569
0.0,0.054950092
0.0,1.7666916
0.0,0.05041787
0.0,1.330862
0.0,0.042804904
0.0,0.11086523
0.0,0.08683649
0.0,0.038045965
0.0,0.040425725
0.0,0.013957816
0.0,0.013340146
0.0,0.009624832
0.0,0.015610296
0.0,0.5380192
0.0,1.8340533
6.0,1.7180051
0.0,0.046588387
1.0,0.78834766
0.0,0.03405276
1.0,0.50643885
0.0,0.033132702
0.0,0.38158762
0.0,0.03309744
1.0,0.3431494
0.0,0.035375137
5.0,0.2386737
0.0,0.028187925
9.0,0.63324064
0.0,0.050773103
0.0,-0.0114470115
0.0,-0.017413147
0.0,0.013804481
0.0,0.0043555032
0.0,0.008803671
0.0,-0.0007486611
0.0,-0.002651067
0.0,-0.004449004
0.0,-0.008494773
0.0,-0.003777352
0.0,0.0019521832
0.0,0.05279814
0.0,0.038150914
0.0,0.249916
0.0,-0.013169789
0.0,-0.024088679
0.0,-0.007949705
0.0,-0.030081667
0.0,-0.034147423
0.0,-0.08620992
0.0,4.2915673
0.0,3.5352066
0.0,1.2897497
0.0,0.22609088
0.0,0.2461757
0.0,0.2300138
0.0,0.39624676
4.0,3.336894
0.0,0.03294276
0.0,0.06892577
0.0,0.0695714
0.0,0.05940069
0.0,0.07390633
0.0,0.062567085
6.0,0.053649243
0.0,0.024186334
2.0,0.862789
0.0,0.024010302
5.0,1.1815116
0.0,0.0218906
0.0,1.0346584
0.0,0.030974139
0.0,0.4780272
0.0,0.04707917
0.0,0.08215478
0.0,0.009428079
4.0,0.12442138
0.0,0.02882439
0.0,0.0965838
0.0,0.037449498
0.0,0.043584444
0.0,0.04233221
0.0,0.05039915
0.0,0.045273606
0.0,-0.0114470115
0.0,-0.017413147
0.0,-0.0114470115
0.0,-0.017413147
0.0,-0.0114470115
0.0,-0.017413147
0.0,-0.0114470115
0.0,-0.017413147
0.0,-0.0114470115
0.0,-0.017413147
0.0,0.013804481
0.0,0.03389935
0.0,0.03106465
0.0,0.02462744
0.0,0.021556444
0.0,0.03691479
1.0,0.021423958
0.0,0.15147778
0.0,0.029433295
0.0,0.090697706
0.0,-0.0046125725
0.0,0.06326977
0.0,-0.027632724
0.0,-0.0015555351
0.0,3.5260644
0.0,1.5098037
6.0,1.9940208
0.0,0.25368047
1.0,1.6210504
0.0,0.068996616
0.0,0.08401151
0.0,0.042335223
2.0,1.6561085
0.0,0.01218174
0.0,1.1025666
0.0,0.008897983
0.0,0.36741242
0.0,0.039733455
0.0,0.193528
0.0,0.03420399
0.0,0.15067726
0.0,0.20886543
0.0,0.11844729
0.0,0.13510264
0.0,0.14056864
0.0,0.1705745
0.0,0.1634207
0.0,0.20672621
0.0,0.18379255
0.0,0.18983732
0.0,0.1961059
2.0,0.14286242
0.0,0.09624754
0.0,0.07836588
0.0,0.06213264
0.0,0.08814637
0.0,0.059524033
0.0,0.06976826
0.0,0.047933843
0.0,0.094950564
0.0,-0.0075195683
0.0,-0.004779586
0.0,-0.0005456
0.0,-0.0074229776
0.0,-0.0114470115
0.0,-0.017413147
0.0,0.017130494
0.0,0.019910626
0.0,0.05337411
0.0,0.038425513
0.0,0.028150763
0.0,-0.010622912
0.0,-0.0114470115
0.0,-0.017413147
0.0,0.013804481
0.0,0.016205244
0.0,0.04035001
0.0,0.033032488
0.0,0.027323725
0.0,0.025157562
0.0,0.0134034
0.0,0.0009365737
0.0,0.00090718863
0.0,-0.0052982834
0.0,-0.0055063097
0.0,-0.030049345
0.0,0.4040345
0.0,0.14790715
0.0,2.2269292
0.0,1.7736442
2.0,1.6394314
0.0,-0.0007190987
0.0,0.054577965
0.0,0.07718893
0.0,-0.0075008986
0.0,0.07727316
0.0,-0.0012442052
2.0,0.043374874
0.0,0.026634492
0.0,0.03647941
0.0,0.009771479
0.0,2.7449224
0.0,-0.00093034207
0.0,0.09034757
0.0,0.019673089
0.0,0.056149837
0.0,0.05738667
0.0,0.04877517
0.0,0.06398996
0.0,0.060018994
0.0,0.051755477
0.0,0.052856073
0.0,0.061235256
0.0,0.058180626
5.0,0.07540064
0.0,0.12511471
0.0,0.16420321
0.0,0.09988002
0.0,0.36504632
0.0,0.104978986
0.0,0.14527301
0.0,0.11631966
0.0,0.12978227
0.0,0.13645302
0.0,0.15658164
6.0,0.105946824
0.0,0.15183681
0.0,0.1564675
0.0,0.10653701
0.0,0.5870536
0.0,0.13361688
4.0,0.16558306
0.0,0.09159125
0.0,0.15555298
0.0,0.05821989
0.0,0.10195706
0.0,0.05532442
0.0,0.076295495
0.0,0.05626895
0.0,0.063675486
0.0,0.06693839
0.0,0.058103185
0.0,0.06641461
0.0,0.06309895
0.0,0.06907892
0.0,0.06697069
0.0,0.057462033
0.0,0.07320388
0.0,0.06884724
0.0,0.013263567
0.0,-0.0024610518
0.0,-0.005010411
0.0,0.009161764
0.0,-0.0114470115
0.0,-0.017413147
0.0,0.017130494
0.0,0.019910626
0.0,0.05337411
0.0,0.00917253
0.0,0.0009699612
0.0,-0.012916646
0.0,-0.03894031
0.0,-0.05477127
0.0,-0.049110033
0.0,5.24561
0.0,-0.013231269
6.0,6.2553663
0.0,0.06917336
0.0,0.056799248
0.0,0.17074879
0.0,0.10390659
0.0,0.14340608
0.0,0.14106849
7.0,0.3144297
0.0,0.038435772
0.0,0.48082364
0.0,0.04430681
0.0,0.080619864
0.0,0.0274897
3.0,1.4688442
0.0,0.01976968
0.0,0.019106869
0.0,0.032329626
0.0,0.04332289
0.0,0.067388065
0.0,0.1086297
0.0,0.029940164
0.0,0.045003287
0.0,0.04060381
0.0,0.03386287
0.0,0.038416065
0.0,0.034441628
0.0,0.018507108
0.0,-0.0114470115
0.0,-0.017413147
0.0,0.017130494
0.0,0.019910626
0.0,0.05337411
0.0,0.038425513
0.0,0.021219226
0.0,-0.025648268
0.0,-0.0114470115
0.0,-0.017413147
0.0,0.013804481
0.0,0.03389935
0.0,0.0055391146
0.0,-0.0114470115
0.0,-0.017413147
0.0,0.013804481
0.0,0.03389935
0.0,0.025819259
0.0,0.023799237
0.0,0.01907804
0.0,0.020502964
0.0,0.023047687
0.0,0.022990488
0.0,0.020128837
0.0,0.035106264
0.0,0.0078091635
0.0,0.022291908
0.0,0.027458237
0.0,0.051548082
0.0,0.05306633
0.0,0.071390465
0.0,0.12737888
0.0,0.124629356
0.0,0.028924352
0.0,0.022990463
0.0,0.021757556
0.0,0.020792508
0.0,0.031554468
0.0,0.07083805
0.0,0.1277008
0.0,1.1429088
7.0,1.2334892
0.0,0.55866015
4.0,2.1594627
0.0,0.030388413
0.0,1.0912154
0.0,0.030264463
1.0,0.92624027
0.0,0.03311641
5.0,0.23987663
0.0,0.029695837
4.0,0.809543
0.0,0.042252567
2.0,0.48357096
0.0,0.02919976
0.0,0.24709812
0.0,0.033034563
5.0,1.0721986
0.0,0.028310202
0.0,2.6355953
0.0,0.030281283
0.0,0.46756145
0.0,0.07448968
0.0,-0.0114470115
0.0,-0.017413147
0.0,0.017130494
0.0,0.019910626
0.0,0.05337411
0.0,0.038425513
0.0,0.028150763
2.0,0.027965587
0.0,0.02350293
0.0,0.51787966
0.0,0.029687274
0.0,1.123719
0.0,0.034138683
1.0,2.6621563
0.0,0.020016717
2.0,1.3063233
0.0,0.02358242
0.0,2.5717976
0.0,0.029863458
2.0,2.8942282
0.0,0.0035931885
0.0,-0.016675733
0.0,0.10272396
0.0,-0.0025865212
0.0,0.112742655
0.0,-0.014176278
0.0,0.07196109
7.0,3.2623308
0.0,0.028502218
0.0,0.09145559
0.0,0.025942726
0.0,0.3952865
0.0,0.023298727
0.0,0.049309116
0.0,0.04189118
0.0,0.066742755
0.0,0.058518987
0.0,0.08433196
0.0,0.070619255
0.0,0.060430866
0.0,0.08307448
0.0,0.07775244
0.0,0.10654367
0.0,0.093738005
0.0,0.10320613
0.0,0.091380276
0.0,0.093136646
0.0,0.09708572
0.0,0.123869546
0.0,0.018089486
0.0,0.007470956
0.0,0.0076171723
0.0,0.007048748
0.0,-0.0114470115
0.0,-0.017413147
0.0,-0.0114470115
0.0,-0.017413147
0.0,-0.0114470115
0.0,-0.017413147
0.0,0.017130494
0.0,0.019910626
0.0,0.05337411
0.0,0.00917253
0.0,0.0009699612
0.0,-0.012916646
0.0,-0.03894031
0.0,-0.05477127
0.0,-0.049110033
6.0,5.24561
0.0,0.13981561
0.0,2.4707897
0.0,0.099340044
0.0,-0.009198495
0.0,-0.009692418
0.0,-0.0114470115
0.0,-0.017413147
0.0,-0.0114470115
0.0,-0.017413147
0.0,0.013804481
0.0,0.03389935
0.0,0.0055391146
0.0,-0.0114470115
0.0,-0.017413147
0.0,0.017130494
0.0,0.019910626
0.0,0.05337411
0.0,0.038425513
0.0,0.023704242
0.0,0.03114974
0.0,0.05902023
0.0,-0.014271173
0.0,-0.009091848
0.0,-0.009117129
0.0,-0.0143394675
0.0,-0.01062276
0.0,-0.060033888
6.0,1.3834851
0.0,0.022052597
0.0,0.0076423776
0.0,0.0305763
0.0,1.231834
0.0,0.014895555
0.0,0.068155676
0.0,0.03935355
0.0,0.052466948
1.0,0.043691523
0.0,0.12523474
0.0,0.05230414
0.0,0.08247918
0.0,0.04508962
0.0,0.041648448
0.0,0.034629717
0.0,-0.0327321
0.0,-0.018801441
0.0,-0.01783799
0.0,-0.03458098
0.0,-0.0114470115
0.0,-0.017413147
0.0,-0.0114470115
0.0,-0.017413147
0.0,-0.0114470115
0.0,-0.017413147
0.0,0.013804481
0.0,0.03389935
0.0,0.03106465
0.0,0.02462744
0.0,0.021556444
0.0,0.06886783
2.0,0.059003536
0.0,0.9031661
0.0,1.5614985
0.0,0.041463096
0.0,0.10007495
0.0,0.05891001
0.0,0.10803937
0.0,0.105675064
0.0,0.011688983
0.0,-0.0114470115
0.0,-0.017413147
0.0,0.017130494
0.0,0.019910626
0.0,0.05337411
0.0,0.038425513
0.0,0.025372757
0.0,-0.00271959
0.0,-0.025599277
0.0,-0.052048795
0.0,-0.05439053
0.0,-0.05756372
0.0,-0.00732094
3.0,5.984139
0.0,0.016524097
0.0,-0.0072640954
0.0,0.058002137
0.0,-0.011145891
0.0,0.06578245
0.0,-0.017766757
0.0,0.026338058
0.0,1.6325384
0.0,1.2028502
0.0,1.4394943
7.0,1.4549747
0.0,0.031000787
5.0,1.5291799
0.0,0.04594331
0.0,0.10929472
0.0,0.044656746
0.0,0.8545133
0.0,0.02335618
0.0,0.03651143
0.0,0.018759795
0.0,0.039378982
0.0,0.03190729
0.0,0.044805117
0.0,0.043854255
0.0,0.069229394
0.0,0.052119344
0.0,0.075289235
0.0,0.051649004
0.0,0.037917152
0.0,0.056514263
0.0,0.0713055
0.0,0.06699957
0.0,0.08704036
0.0,0.06889709
0.0,0.004349525
0.0,-0.0048523396
0.0,0.0011003956
0.0,0.01820077
0.0,-0.0114470115
0.0,-0.017413147
0.0,0.013804481
0.0,0.03389935
0.0,0.03106465
0.0,0.02462744
0.0,0.021556444
0.0,0.06886783
0.0,0.051872153
0.0,0.04356917
0.0,0.04798456
0.0,0.04236866
0.0,0.039708123
0.0,0.11955437
0.0,3.7604656
0.0,3.4588592
0.0,-0.0073914393
0.0,0.0010735691
0.0,-0.0046221986
0.0,-0.009323306
0.0,2.2665453
0.0,2.9549522
0.0,2.9798992
6.0,2.6070244
0.0,0.21863669
6.0,1.9983548
0.0,0.026301479
2.0,1.5412177
0.0,0.025755422
0.0,0.13108715
0.0,0.014942799
0.0,1.5891083
0.0,0.011126917
0.0,0.92912227
0.0,0.2571443
0.0,0.21313655
0.0,0.11043093
0.0,0.11478953
0.0,0.16356923
0.0,0.11481443
0.0,0.11274792
0.0,0.11811504
0.0,0.10652163
0.0,0.11402141
0.0,0.104583584
0.0,0.18550144
0.0,0.13736676
0.0,0.16627155
3.0,0.17981517
0.0,0.13611406
0.0,0.46530098
0.0,0.13199337
0.0,0.21422169
0.0,0.1305754
0.0,0.17867123
0.0,0.09610743
0.0,0.13434632
0.0,0.10472921
0.0,0.11709725
0.0,0.11861063
0.0,0.105360515
0.0,0.12571235
0.0,0.11188403
0.0,0.13203491
0.0,0.13603823
0.0,0.14546429
0.0,0.13635121
0.0,0.14249152
0.0,0.102009825
0.0,0.099715434
0.0,0.10523368
0.0,0.10115913
0.0,0.102654986
0.0,0.013027119
0.0,0.027440352
0.0,0.082236424
0.0,0.04057397
0.0,-0.0114470115
0.0,-0.017413147
0.0,0.013804481
0.0,0.03389935
0.0,0.0055391146
0.0,-0.0114470115
0.0,-0.017413147
0.0,-0.0114470115
0.0,-0.017413147
0.0,0.017130494
0.0,0.019910626
0.0,0.05337411
0.0,0.038425513
0.0,0.023704242
0.0,0.03114974
0.0,0.07994492
0.0,0.09138266
0.0,0.08380625
0.0,-0.025947286
0.0,-0.028309088
0.0,-0.030563127
0.0,-0.032700587
0.0,-0.029405354
0.0,-0.019004604
0.0,0.34504747
0.0,0.31598172
0.0,0.010098135
0.0,-0.004675725
0.0,-0.039154768
0.0,-0.027560959
0.0,-0.027916139
0.0,0.0424937
0.0,0.8450753
7.0,2.0352814
0.0,0.0132676205
2.0,1.5555878
0.0,0.0206449
0.0,0.08315793
0.0,0.027072685
0.0,1.0819145
0.0,0.02205275
0.0,0.039612517
0.0,0.0066820174
0.0,0.0031369342
0.0,-0.0036774173
0.0,-0.0114470115
0.0,-0.017413147
0.0,0.017130494
0.0,0.019910626
0.0,0.04837444
0.0,0.008183443
0.0,0.0024703993
0.0,0.007301232
0.0,-0.0061108824
0.0,0.005916941
0.0,0.018790549
0.0,0.2125541
0.0,0.034214705
5.0,4.8693724
0.0,0.02634999
1.0,2.4550095
0.0,0.021133984
9.0,1.4005988
0.0,0.018878298
0.0,0.3121492
0.0,0.039582703
0.0,0.27682906
0.0,0.02380952
0.0,0.26555791
0.0,0.022254847
0.0,0.3579153
0.0,0.020424968
0.0,0.075903736
0.0,0.04011219
0.0,0.094102606
0.0,0.10321419
0.0,0.09157736
0.0,0.093789145
0.0,0.13052127
0.0,0.09318007
0.0,0.09709905
0.0,0.16259934
0.0,0.119430855
0.0,0.17307429
0.0,0.06693323
0.0,0.06987389
0.0,0.064430505
0.0,0.108357035
1.0,0.11112126
0.0,0.05915938
0.0,0.070599705
0.0,0.08847455
2.0,0.10454085
0.0,0.08883457
0.0,0.07413296
0.0,0.1050614
0.0,0.13363095
0.0,0.16004975
0.0,0.09735011
0.0,0.08280829
0.0,0.10391763
0.0,0.099592805
0.0,0.07306283
0.0,0.0904701
0.0,0.08498168
0.0,0.057312425
0.0,0.08178853
0.0,0.071847096
0.0,0.063256726
0.0,0.030516947
0.0,0.012689951
0.0,0.025651865
0.0,0.0268583
0.0,-0.0114470115
0.0,-0.017413147
0.0,0.013804481
0.0,0.03389935
0.0,0.03106465
0.0,0.02462744
0.0,0.021556444
0.0,0.06517886
1.0,0.057389356
0.0,0.31851643
0.0,-0.02580477
0.0,-0.0114470115
0.0,-0.017413147
0.0,0.013804481
0.0,0.03389935
0.0,0.025819259
0.0,0.023799237
0.0,0.01907804
0.0,0.03242776
0.0,0.034654442
0.0,0.036157135
0.0,0.10197832
0.0,0.1182077
0.0,0.074096955
0.0,0.086580224
0.0,0.12169108
0.0,0.17410521
0.0,0.11387452
0.0,0.111145146
0.0,0.045561936
0.0,0.04369003
0.0,0.042110555
0.0,0.038286008
0.0,0.037430905
0.0,0.04279624
0.0,0.121481806
0.0,0.394958
5.0,1.0328672
0.0,0.16536279
0.0,0.028986922
0.0,0.034621384
3.0,1.1931113
0.0,0.02214587
0.0,0.009993641
0.0,0.011277187
0.0,0.0011888802
0.0,-0.00039943456
0.0,-0.0114470115
0.0,-0.017413147
0.0,0.013804481
0.0,0.03389935
0.0,0.03106465
0.0,0.02462744
0.0,0.021556444
0.0,0.06517886
1.0,0.057389356
0.0,0.14291279
0.0,0.008881947
0.0,-0.0114470115
0.0,-0.017413147
0.0,0.013804481
0.0,0.03389935
0.0,0.03106465
0.0,0.02462744
0.0,0.021556444
0.0,0.06886783
2.0,0.059003536
0.0,0.9031661
0.0,1.5614985
0.0,0.037872795
0.0,0.026721483
0.0,0.09322371
0.0,0.101858824
0.0,0.11642453
0.0,0.24022664
0.0,0.11988184
0.0,0.10769321
0.0,0.10518506
0.0,0.16871412
0.0,0.30899033
0.0,0.4305476
0.0,0.34785005
0.0,0.20143168
0.0,0.19930248
0.0,0.11934475
0.0,0.12578705
0.0,0.119393036
0.0,1.2617512
6.0,1.5995389
0.0,0.0885054
0.0,0.06907568
0.0,0.03774968
0.0,1.0100782
0.0,0.0236858
0.0,0.056428947
0.0,0.059366643
0.0,0.117538884
0.0,0.060352363
0.0,0.101998836
0.0,0.11844774
0.0,0.10155287
0.0,0.053328767
0.0,0.077254966
0.0,0.061193332
0.0,0.11356144
0.0,0.078015104
0.0,0.11937809
0.0,0.12604988
0.0,0.10294757
0.0,0.08735435
0.0,0.06982282
0.0,0.068729036
0.0,0.08891219
0.0,0.107324325
0.0,0.09249481
0.0,0.082899645
0.0,0.08510859
0.0,0.09635837
0.0,0.10065264
0.0,0.08643044
0.0,0.06578904
0.0,0.08015122
0.0,0.09425212
0.0,0.06387832
0.0,0.09900216
0.0,0.065925166
0.0,0.08283824
0.0,0.08262968
0.0,0.07735726
0.0,0.036698453
0.0,0.01908483
0.0,0.028460117
0.0,-0.0114470115
0.0,-0.017413147
0.0,0.013804481
0.0,0.016205244
0.0,-0.010247644
0.0,-0.0114470115
0.0,-0.017413147
0.0,-0.0114470115
0.0,-0.017413147
0.0,-0.0114470115
0.0,-0.017413147
0.0,0.017130494
0.0,0.019910626
0.0,0.10681855
0.0,0.015223097
0.0,-0.0114470115
0.0,-0.017413147
0.0,-0.0114470115
0.0,-0.017413147
0.0,0.017130494
0.0,0.019910626
0.0,0.059796933
2.0,0.057616558
0.0,0.034438107
10.0,1.2217294
0.0,2.099637
14.0,2.1254659
0.0,0.3698505
0.0,0.77641475
0.0,0.47802892
0.0,0.4639953
0.0,0.0986193
0.0,-0.0114470115
0.0,-0.017413147
0.0,0.013804481
0.0,0.016205244
0.0,0.04035001
0.0,0.033032488
0.0,0.027323725
0.0,0.026277767
0.0,-0.00027885436
0.0,-0.0114470115
0.0,-0.017413147
0.0,-0.0114470115
0.0,-0.017413147
0.0,-0.0114470115
0.0,-0.017413147
0.0,0.017130494
0.0,0.019910626
0.0,0.05236139
0.0,0.01939773
0.0,0.012780031
0.0,0.02943441
0.0,0.052248437
0.0,-0.024141422
0.0,-0.0114470115
0.0,-0.017413147
0.0,0.017130494
0.0,0.019910626
0.0,0.059796933
0.0,0.057616558
0.0,0.04220983
0.0,0.018562257
0.0,0.011141204
0.0,-0.003724104
0.0,-0.0035716563
0.0,-0.007896128
0.0,0.0054046777
7.0,1.2007037
0.0,0.181435
2.0,1.987288
0.0,0.026599787
0.0,0.08423059
0.0,0.030997874
0.0,1.4484097
0.0,0.01497687
0.0,0.054014556
0.0,0.04135708
0.0,0.080589466
0.0,0.07008567
0.0,0.085536495
0.0,0.077923276
0.0,0.1303199
0.0,0.13776998
0.0,0.21625651
0.0,0.1250257
0.0,0.1376783
1.0,0.19488123
0.0,0.10963424
0.0,0.061271913
0.0,0.10894061
0.0,0.041512694
2.0,0.042225208
0.0,0.039495535
0.0,0.045432463
0.0,0.049461994
0.0,0.048980433
0.0,0.04806519
0.0,0.0492526
0.0,0.05216127
0.0,0.04488998
0.0,0.04902375
0.0,0.05451491
0.0,0.062373348
0.0,0.05976841
0.0,0.0067572785
0.0,0.012497098
0.0,0.0510612
0.0,0.017654613
0.0,-0.0114470115
0.0,-0.017413147
0.0,0.013804481
0.0,0.016205244
0.0,0.04035001
0.0,0.033032488
0.0,0.027323725
0.0,0.025157562
0.0,0.022461025
0.0,0.027852302
2.0,0.033424422
0.0,0.03614941
0.0,0.29542166
0.0,0.023291787
0.0,0.484833
0.0,0.013919463
1.0,0.37397894
0.0,0.04126206
1.0,1.6071424
0.0,0.032000616
2.0,1.6332225
0.0,0.04997162
0.0,2.527338
0.0,0.039518386
1.0,1.8455688
0.0,0.0234875
0.0,1.9992768
0.0,0.03498295
0.0,1.9741642
0.0,0.037082005
0.0,1.7998453
0.0,0.032318126
0.0,2.0358236
0.0,1.884163
0.0,2.205779
0.0,2.105614
0.0,2.4791908
0.0,2.5266435
0.0,2.3781195
0.0,2.5484068
0.0,0.0007579833
0.0,-0.0114470115
0.0,-0.017413147
0.0,0.017130494
0.0,0.019910626
0.0,0.059796933
0.0,0.057616558
0.0,0.02579352
0.0,-0.034764536
0.0,-0.0114470115
0.0,-0.017413147
0.0,-0.0114470115
0.0,-0.017413147
0.0,0.013804481
0.0,0.016205244
0.0,0.04035001
0.0,0.033032488
0.0,0.027323725
0.0,0.025157562
0.0,0.0134034
0.0,0.0033817678
0.0,0.0019119306
0.0,-0.0036783544
0.0,-0.003639622
0.0,-0.031763203
6.0,0.4273073
0.0,0.03252595
6.0,0.98936754
0.0,0.036713324
4.0,1.6000713
0.0,0.024535384
0.0,0.4735631
0.0,0.032191668
1.0,1.2258803
0.0,0.024762332
0.0,0.053344652
0.0,0.02640078
0.0,0.042013
0.0,0.059566412
0.0,0.09017248
0.0,0.108346775
0.0,0.09707027
0.0,0.12293982
0.0,0.12824291
0.0,0.1789436
0.0,0.11663073
0.0,0.15120453
0.0,0.10146899
0.0,0.11883507
2.0,0.08178521
0.0,0.05001717
0.0,0.08710589
0.0,0.055701714
0.0,-0.0114470115
0.0,-0.017413147
0.0,0.017130494
0.0,0.019910626
0.0,0.058194634
0.0,0.057614177
0.0,0.038303718
0.0,0.038083658
0.0,0.06488612
0.0,0.0008952826
0.0,0.0024498552
0.0,-0.0008986264
0.0,-0.010838639
0.0,-0.014832605
0.0,-0.028404513
0.0,0.5198621
0.0,0.37899432
0.0,-0.010982651
0.0,-0.06280376
0.0,-0.06596425
0.0,-0.061231535
0.0,0.26060525
0.0,0.40592885
0.0,0.39209962
6.0,2.2830153
0.0,0.009467952
0.0,1.4263812
0.0,0.018307595
6.0,0.992605
0.0,0.0016015887
0.0,1.3981398
0.0,0.022510447
0.0,0.8342546
0.0,0.010908809
2.0,1.183537
0.0,0.013892662
0.0,0.10456902
0.0,0.042174846
0.0,1.5032418
0.0,0.0274668
0.0,0.070920356
0.0,0.020106392
0.0,0.102052435
0.0,0.096651584
0.0,0.1081641
0.0,0.10100425
0.0,0.123787425
0.0,0.13038957
0.0,0.12240916
1.0,0.15365309
0.0,0.13358413
0.0,0.15887167
0.0,0.14046063
0.0,0.16702422
0.0,0.14250521
0.0,0.17445473
0.0,0.10531682
0.0,0.18588485
0.0,0.19014047
0.0,0.17575546
0.0,0.16906857
0.0,0.009818115
0.0,0.0008777022
0.0,0.022630217
0.0,0.02859544
0.0,-0.0114470115
0.0,-0.017413147
0.0,0.017130494
0.0,0.019910626
0.0,0.04837444
0.0,0.008183443
0.0,0.0011201799
0.0,0.00657998
0.0,-0.0066443486
0.0,0.0056143505
0.0,0.011274374
0.0,0.20745957
0.0,0.035231985
6.0,4.7426405
0.0,0.03273651
0.0,0.10557325
0.0,0.051810447
3.0,1.2310888
0.0,0.020902779
0.0,0.57143396
0.0,0.0396339
0.0,0.01304931
0.0,0.028937524
0.0,0.00573222
0.0,0.0049515394
0.0,-0.0114470115
0.0,-0.017413147
0.0,0.013804481
0.0,0.012936126
0.0,0.014646896
0.0,0.008715921
0.0,0.003557217
0.0,0.0009348511
0.0,-0.00162763
0.0,-0.0050169975
6.0,0.006252919
0.0,0.024504883
0.0,2.2722676
0.0,0.026742559
0.0,1.4726027
0.0,0.022432704
1.0,0.6909786
0.0,0.042406
0.0,0.072186574
0.0,-0.0114470115
0.0,-0.017413147
0.0,0.013804481
0.0,0.01909547
0.0,0.04418195
0.0,0.03765988
0.0,0.030388057
0.0,0.02810405
0.0,0.026588008
0.0,0.027177813
0.0,0.004636511
0.0,-0.005299905
0.0,-0.0057287244
0.0,-0.016863748
0.0,-0.019839697
0.0,0.1356043
0.0,0.43930343
0.0,0.17658718
0.0,-0.021536432
0.0,-0.02460963
0.0,-0.0222589
0.0,-0.019778926
0.0,0.10685011
0.0,0.18061858
0.0,0.9616258
0.0,1.6485014
0.0,1.6944286
0.0,1.5920161
0.0,1.8477939
0.0,-0.051411543
0.0,-0.0531214
0.0,-0.0114470115
0.0,-0.017413147
0.0,0.013804481
0.0,0.016205244
0.0,-0.010247644
0.0,-0.0114470115
0.0,-0.017413147
0.0,0.013804481
2.0,0.016205244
0.0,0.06800619
0.0,0.1323259
0.0,0.058910366
0.0,0.41622987
0.0,0.038689192
0.0,0.34044263
0.0,0.035803426
0.0,0.11536839
0.0,0.116283126
0.0,0.20283942
0.0,0.15231813
0.0,0.17031851
0.0,0.10267175
0.0,0.11219556
0.0,0.101219624
0.0,0.88157696
0.0,0.48557866
0.0,0.33508456
0.0,0.30464602
0.0,0.2873723
0.0,0.30448884
0.0,0.6012456
0.0,0.049644437
0.0,0.047645997
0.0,0.0747547
0.0,0.045071557
0.0,0.06720646
0.0,0.10614897
0.0,0.478867
0.0,0.7878575
0.0,1.2616208
0.0,0.30200967
0.0,0.74631125
0.0,0.1679906
0.0,0.16770025
7.0,0.42305687
0.0,0.05322592
0.0,0.7554277
0.0,0.070440516
0.0,0.2766055
0.0,0.06298491
0.0,0.5971274
0.0,0.07318126
0.0,0.10989461
0.0,0.11358624
1.0,0.24636167
0.0,0.10952071
0.0,0.12202148
0.0,0.11807813
0.0,0.19885959
0.0,0.098752595
4.0,0.6924759
0.0,0.055716384
0.0,0.6150248
0.0,0.06499409
0.0,1.5626391
0.0,0.06202098
3.0,0.19127087
0.0,0.07947151
5.0,0.2689769
0.0,0.17644322
0.0,-0.0114470115
0.0,-0.017413147
0.0,-0.0114470115
0.0,-0.017413147
0.0,-0.0114470115
0.0,-0.017413147
0.0,0.013804481
0.0,0.012936126
0.0,-0.018704243
0.0,-0.0114470115
0.0,-0.017413147
0.0,0.013804481
0.0,0.016205244
0.0,-0.010247644
0.0,-0.0114470115
0.0,-0.017413147
0.0,0.013804481
0.0,0.016205244
0.0,-0.010247644
0.0,-0.0114470115
0.0,-0.017413147
0.0,0.017130494
0.0,0.019910626
0.0,0.04837444
0.0,0.008183443
0.0,0.0011201799
0.0,0.00657998
0.0,-0.0066443486
0.0,0.0056143505
0.0,0.011274374
6.0,0.20745957
0.0,0.23242247
4.0,2.0325365
0.0,0.05090921
0.0,1.6346744
0.0,0.016764801
0.0,0.23025768
0.0,0.012191645
1.0,1.217257
0.0,0.010623875
0.0,0.2360832
0.0,0.050294224
0.0,0.14667699
0.0,0.067234755
0.0,0.101387955
0.0,0.047588494
0.0,0.14030914
0.0,0.08907492
0.0,0.114346094
0.0,0.148475
0.0,0.10997443
5.0,0.13290381
0.0,0.10064251
0.0,0.16308941
0.0,0.10289767
0.0,0.16335821
0.0,0.051166
0.0,0.044347063
0.0,0.028673083
0.0,0.046382993
0.0,0.073056854
0.0,0.0054371785
0.0,0.013073021
0.0,-0.0114470115
0.0,-0.017413147
0.0,0.013804481
0.0,0.016205244
0.0,0.014626048
0.0,0.01532554
0.0,0.0030851304
0.0,0.0011738837
0.0,0.011883634
0.0,0.020492654
1.0,0.028160237
0.0,0.025321689
0.0,0.26555055
0.0,0.0261219
0.0,0.16350184
0.0,0.02934063
0.0,0.06309779
0.0,0.0475452
0.0,0.08089654
0.0,0.2282792
0.0,0.16392477
0.0,0.1500107
1.0,0.1500696
0.0,0.03281058
1.0,0.19254126
0.0,0.031803533
3.0,1.6483124
0.0,0.03599975
0.0,2.7818933
0.0,0.037912693
18.0,3.246959
0.0,0.03574407
0.0,-0.0114470115
0.0,-0.017413147
0.0,0.017130494
0.0,0.019910626
0.0,0.058194634
0.0,0.023656162
0.0,0.00017076283
0.0,0.009185069
0.0,-0.012325018
0.0,-0.025080832
0.0,-0.016345734
0.0,0.97836334
0.0,0.050121944
6.0,3.8485172
0.0,0.12881283
0.0,0.17857994
0.0,0.11414883
0.0,-0.0114470115
0.0,-0.017413147
0.0,0.017130494
0.0,0.019910626
0.0,0.05236139
0.0,0.01939773
0.0,0.012828035
0.0,0.009613636
0.0,0.11663813
2.0,0.073188476
0.0,0.030214306
0.0,0.62603754
0.0,0.063669786
0.0,-0.017064884
0.0,0.10359832
0.0,0.0024420528
0.0,0.08161835
0.0,-0.047538385
0.0,0.0038358434
7.0,1.9898974
0.0,0.029308485
1.0,1.0304866
0.0,0.033176273
0.0,0.26825
0.0,0.055156622
0.0,0.6917814
0.0,0.051593628
0.0,0.0478963
0.0,0.06063598
0.0,-0.0114470115
0.0,-0.017413147
0.0,0.017130494
0.0,0.019910626
0.0,0.059796933
0.0,0.026613872
0.0,0.012965943
0.0,0.018484412
0.0,0.0044573885
0.0,0.0015961169
0.0,0.011283443
0.0,0.4515898
0.0,0.10928482
0.0,-0.026862253
0.0,-0.028619708
0.0,0.011540588
0.0,0.0015319004
0.0,-0.008120518
0.0,0.1060656
0.0,0.12746608
0.0,2.1976345
0.0,1.77059
2.0,1.7665877
0.0,0.017306982
0.0,-0.025252253
0.0,-0.033742085
0.0,-0.0114470115
0.0,-0.017413147
0.0,0.013804481
0.0,0.030891303
0.0,-0.011441515
0.0,-0.0114470115
0.0,-0.017413147
0.0,-0.0114470115
0.0,-0.017413147
0.0,0.017130494
0.0,0.019910626
0.0,0.059796933
0.0,0.057616558
0.0,0.04220983
0.0,0.05317009
0.0,0.06796824
0.0,0.079925336
0.0,0.06493337
0.0,-0.011917604
0.0,-0.0114470115
0.0,-0.017413147
0.0,-0.0114470115
0.0,-0.017413147
0.0,0.013804481
0.0,0.030891303
0.0,-0.011441515
0.0,-0.0114470115
0.0,-0.017413147
0.0,0.013804481
0.0,0.030891303
0.0,0.039853223
0.0,0.043153826
0.0,-0.016992206
0.0,-0.0114470115
0.0,-0.017413147
0.0,0.013804481
0.0,0.030891303
0.0,0.070049845
0.0,0.06488972
0.0,0.048540823
0.0,0.045003794
0.0,0.047040865
0.0,0.03527771
2.0,0.038765796
0.0,0.043827355
0.0,-0.015842387
0.0,0.07720354
0.0,-0.01883997
0.0,0.0816164
0.0,-0.023743177
0.0,0.09129914
7.0,1.6742256
0.0,0.067674644
1.0,0.6580987
0.0,0.0753158
1.0,1.5154049
0.0,0.06425465
3.0,0.5624328
0.0,0.030849935
0.0,0.056938473
0.0,0.028848583
1.0,0.27623928
0.0,0.01349837
0.0,0.08886965
0.0,0.017964346
0.0,0.05530788
0.0,0.041932523
0.0,0.061506234
0.0,0.028717084
0.0,0.08818377
0.0,0.084211126
0.0,0.10281835
1.0,0.11476331
0.0,0.1320236
6.0,0.15985397
0.0,0.10364594
0.0,0.17642027
0.0,0.121351324
0.0,0.19453882
0.0,0.11147806
0.0,0.1495259
0.0,0.09914007
0.0,0.10199893
0.0,0.108319364
0.0,0.12338657
0.0,0.12155436
0.0,0.12678151
0.0,0.11312616
0.0,0.11148087
0.0,0.113487646
0.0,-0.0114470115
0.0,-0.017413147
0.0,0.017130494
0.0,0.019910626
0.0,0.059796933
0.0,0.026613872
6.0,0.021521335
0.0,0.45242244
0.0,3.8378859
0.0,0.1949358
1.0,2.8838108
0.0,0.35847062
1.0,3.1387436
0.0,0.032577373
0.0,1.344331
0.0,0.030484295
0.0,0.02391285
0.0,-0.0114470115
0.0,-0.017413147
0.0,0.017130494
0.0,0.019910626
0.0,0.059796933
0.0,0.057616558
0.0,0.04220983
1.0,0.05317009
0.0,0.022279952
0.0,0.20221336
0.0,0.02779652
0.0,-0.010191585
0.0,-0.0114470115
0.0,-0.017413147
0.0,0.013804481
0.0,0.030891303
0.0,0.039853223
0.0,0.043153826
0.0,-0.016992206
0.0,-0.0114470115
0.0,-0.017413147
0.0,0.013804481
0.0,0.030891303
0.0,-0.011441515
0.0,-0.0114470115
0.0,-0.017413147
0.0,-0.0114470115
0.0,-0.017413147
0.0,0.017130494
2.0,0.019910626
0.0,0.044160318
0.0,1.8354427
0.0,0.04489834
0.0,0.015865592
0.0,-0.0114470115
0.0,-0.017413147
0.0,0.013804481
0.0,0.030891303
0.0,-0.011441515
0.0,-0.0114470115
0.0,-0.017413147
0.0,-0.0114470115
0.0,-0.017413147
0.0,0.013804481
0.0,0.030891303
0.0,0.070049845
0.0,0.06488972
0.0,0.048540823
0.0,0.045003794
1.0,0.047040865
0.0,0.033913787
0.0,0.21335381
0.0,0.03497768
0.0,0.15601714
0.0,0.030189581
0.0,0.034501538
0.0,0.045387525
0.0,0.02020468
0.0,-0.0012658894
0.0,-0.004375617
0.0,0.088386625
7.0,1.6475269
0.0,0.06491379
1.0,0.65373045
0.0,0.09481575
6.0,0.8660221
0.0,0.05907971
0.0,0.0798022
0.0,0.045858014
0.0,1.0044107
0.0,0.018067878
0.0,0.14091903
0.0,0.029268157
0.0,0.054017644
0.0,0.062335376
0.0,0.07021483
0.0,0.067420796
0.0,0.0969826
0.0,0.103752494
0.0,0.1042094
0.0,0.10414577
0.0,0.10334583
0.0,0.10224534
0.0,0.1089668
0.0,0.09930407
0.0,0.11033505
0.0,0.10502917
0.0,0.09551988
0.0,0.08965294
0.0,0.082254894
2.0,0.088204816
0.0,0.11151991
0.0,0.14051503
0.0,0.07150104
0.0,0.17307405
0.0,0.09543542
0.0,0.14920162
0.0,0.08368747
0.0,0.12257757
0.0,0.12227865
0.0,0.12631816
0.0,0.08992759
0.0,0.09620424
0.0,0.0891153
0.0,0.091358416
0.0,0.032137837
0.0,0.044278998
0.0,-0.0114470115
0.0,-0.017413147
0.0,0.017130494
0.0,0.019910626
0.0,0.07772239
0.0,0.010567942
0.0,-0.0114470115
0.0,-0.017413147
0.0,0.013804481
0.0,0.030891303
0.0,0.039853223
0.0,0.043153826
0.0,0.023588626
0.0,0.020370048
1.0,0.02416883
0.0,0.028697781
0.0,0.017699728
0.0,0.078511894
0.0,0.0029970256
0.0,0.078454435
0.0,0.0031858503
0.0,0.034187905
0.0,0.9849127
0.0,1.3464912
0.0,-0.0025229126
0.0,0.0062082587
0.0,0.028745785
0.0,0.036188953
0.0,0.13664515
0.0,0.19945456
0.0,0.6027215
7.0,1.5895888
0.0,0.049262684
0.0,0.7852226
0.0,0.053929616
0.0,0.3617769
0.0,0.05704659
0.0,0.06298144
0.0,0.03823431
0.0,0.15981412
0.0,0.06976248
0.0,0.033398636
0.0,0.023800706
0.0,-0.0114470115
0.0,-0.017413147
0.0,0.013804481
0.0,0.030891303
0.0,0.039853223
0.0,0.043153826
0.0,-0.016992206
0.0,-0.0114470115
0.0,-0.017413147
0.0,0.013804481
0.0,0.030891303
0.0,0.070049845
0.0,0.06488972
0.0,0.048540823
0.0,0.045089696
0.0,0.022039805
0.0,0.006155239
0.0,0.0022931008
0.0,-0.0048201173
0.0,-0.0047188653
0.0,-0.034188665
0.0,0.6783373
0.0,0.25361323
7.0,3.1740642
0.0,0.038068406
3.0,1.2142032
0.0,0.016551279
0.0,0.090810664
0.0,0.027440531
1.0,0.72696376
0.0,0.02555008
0.0,0.050242472
0.0,0.035864096
0.0,0.11551248
1.0,0.13012421
0.0,0.13355154
1.0,0.15761577
0.0,0.24261525
0.0,0.22320999
0.0,0.22745784
0.0,0.14242718
0.0,0.14904802
0.0,0.113742284
0.0,0.12159137
0.0,0.14039244
0.0,0.016150298
0.0,0.029784726
0.0,0.081584685
0.0,0.016772121
0.0,-0.0114470115
0.0,-0.017413147
0.0,0.017130494
0.0,0.019910626
0.0,0.05236139
0.0,0.01939773
0.0,0.012828035
0.0,-0.033463713
0.0,-0.0114470115
0.0,-0.017413147
0.0,0.013804481
0.0,0.030891303
0.0,-0.011441515
0.0,-0.0114470115
0.0,-0.017413147
0.0,0.013804481
0.0,0.030891303
0.0,0.070049845
0.0,0.06488972
0.0,0.048540823
0.0,0.046904124
2.0,0.03418626
0.0,0.035887957
0.0,0.48457095
0.0,0.03798922
0.0,0.41958004
0.0,0.034301493
1.0,1.0127157
0.0,0.028659074
0.0,0.19643065
0.0,0.06960724
0.0,0.16444108
0.0,0.08393569
0.0,0.28466344
0.0,0.04729378
0.0,1.185851
0.0,1.427644
0.0,0.73363817
0.0,1.7751552
0.0,1.4983808
0.0,0.80256426
0.0,0.833582
0.0,0.96566117
7.0,0.8826008
0.0,0.041836917
2.0,1.9686793
0.0,0.033699606
0.0,0.12806873
0.0,0.04936819
0.0,0.19266184
0.0,0.050498072
0.0,0.061599102
0.0,0.06802045
0.0,0.10130357
0.0,0.1207619
3.0,0.08006317
0.0,0.062721156
0.0,0.0685243
0.0,0.025543014
3.0,3.6706443
0.0,0.034931652
0.0,0.14119117
0.0,0.046505246
0.0,0.19831778
0.0,0.07605408
0.0,0.11297865
0.0,0.07074055
0.0,0.08822893
0.0,0.117670335
0.0,0.094033375
0.0,0.06625147
0.0,0.07412123
0.0,-0.0114470115
0.0,-0.017413147
0.0,0.013804481
0.0,0.021092921
0.0,0.051719986
0.0,0.049374145
0.0,0.045071255
0.0,0.04434096
0.0,-0.0066822707
0.0,-0.0114470115
0.0,-0.017413147
0.0,0.013804481
0.0,0.021092921
0.0,0.051719986
0.0,0.049374145
1.0,0.045071255
0.0,0.050467875
0.0,0.08274145
0.0,0.03845107
0.0,0.009527355
0.0,-0.0114470115
0.0,-0.017413147
0.0,-0.0114470115
0.0,-0.017413147
0.0,-0.0114470115
0.0,-0.017413147
0.0,0.017130494
1.0,0.019910626
0.0,0.03801098
0.0,0.6028649
0.0,0.044469062
0.0,0.19948295
0.0,0.06373985
0.0,0.6079373
0.0,0.10859961
0.0,1.541862
0.0,0.8203655
1.0,1.3220351
0.0,0.02207798
1.0,1.9859302
0.0,0.019402973
3.0,2.9841454
0.0,0.01803981
20.0,3.9346962
0.0,0.10014463
0.0,-0.0114470115
0.0,-0.017413147
0.0,0.013804481
0.0,0.021092921
0.0,-0.011405873
0.0,-0.0114470115
0.0,-0.017413147
0.0,0.017130494
0.0,0.019910626
0.0,0.05236139
0.0,0.010256764
0.0,-0.010639986
0.0,-0.026519561
0.0,-0.050732594
0.0,-0.07153288
0.0,-0.07837512
9.0,6.3844056
0.0,0.4125337
2.0,1.5384649
0.0,0.20134835
0.0,0.8617236
0.0,0.056292307
0.0,1.0621189
0.0,0.05927697
0.0,0.2361568
0.0,0.049155656
0.0,0.69897735
0.0,0.15853447
18.0,0.1729506
0.0,0.07027935
0.0,0.05931674
0.0,-0.0114470115
0.0,-0.017413147
0.0,0.017130494
0.0,0.019910626
0.0,0.05236139
0.0,0.010256764
0.0,-0.024169058
0.0,-0.039679773
0.0,-0.05817234
0.0,-0.078601465
0.0,-0.08445138
0.0,6.312581
0.0,0.0123054115
0.0,-0.079531126
0.0,-0.103110805
0.0,-0.10343065
0.0,-0.10680436
0.0,-0.11652368
6.0,-0.083921075
0.0,0.025851911
0.0,-0.053688534
0.0,0.016682649
0.0,-0.0114470115
0.0,-0.017413147
0.0,0.017130494
1.0,0.019910626
0.0,0.03801098
0.0,0.6028649
0.0,0.04110361
0.0,0.10803078
0.0,0.057893034
0.0,0.20318264
0.0,0.03436723
0.0,-0.023652565
0.0,-0.0114470115
0.0,-0.017413147
0.0,0.017130494
0.0,0.019910626
0.0,0.05236139
5.0,0.01939773
0.0,0.06896417
17.0,3.564556
0.0,0.5706355
6.0,0.6101984
0.0,0.34978664
0.0,0.66847754
0.0,0.44443917
0.0,-0.0114470115
0.0,-0.017413147
0.0,0.013804481
0.0,0.03389935
0.0,0.0055391146
0.0,-0.0114470115
0.0,-0.017413147
0.0,-0.0114470115
0.0,-0.017413147
0.0,0.013804481
0.0,0.03389935
0.0,0.03106465
0.0,0.02462744
1.0,0.021556444
0.0,0.04780143
0.0,0.05311593
0.0,0.029850539
0.0,0.03560333
0.0,0.067370385
0.0,0.0145264175
0.0,0.014146413
0.0,-0.008381666
0.0,0.068291456
0.0,1.5286335
0.0,1.2182659
7.0,4.3180957
0.0,0.18149598
1.0,1.0466509
0.0,0.06215856
1.0,0.6629888
0.0,0.0511124
1.0,0.51311874
0.0,0.023121353
0.0,0.01485434
0.0,0.022745324
0.0,-0.0114470115
0.0,-0.017413147
0.0,-0.0114470115
0.0,-0.017413147
0.0,0.017130494
0.0,0.019910626
0.0,0.05236139
0.0,0.010256764
0.0,-0.010639986
0.0,-0.026519561
0.0,-0.050732594
0.0,-0.07153288
0.0,-0.07837512
5.0,6.3844056
0.0,0.069838956
2.0,2.1184516
0.0,0.042318076
5.0,2.2145407
0.0,0.032483365
4.0,1.8491737
0.0,0.019771706
2.0,1.3174758
0.0,0.009227855
3.0,1.1818047
0.0,0.00046347379
0.0,1.1811687
0.0,0.022158155
0.0,0.16486487
0.0,-0.017124034
2.0,2.0675986
0.0,0.0025243817
0.0,0.10360192
0.0,0.057704058
0.0,-0.0114470115
0.0,-0.017413147
0.0,-0.0114470115
0.0,-0.017413147
0.0,-0.0114470115
0.0,-0.017413147
0.0,0.017130494
0.0,0.019910626
0.0,0.050650597
0.0,0.01647518
0.0,0.0002891898
0.0,0.019573053
0.0,-0.008262277
0.0,-0.026521234
0.0,-0.03799743
0.0,-0.045881066
0.0,-0.036087953
7.0,5.8173833
0.0,0.17136337
6.0,2.26121
0.0,0.02161367
2.0,1.0063795
0.0,0.0200039
0.0,1.6711313
0.0,0.018206494
0.0,0.07395104
0.0,0.012808732
0.0,0.19743848
0.0,0.020654222
0.0,0.018427288
0.0,0.01556746
0.0,0.10163793
0.0,0.009541921
0.0,0.09027717
0.0,0.19466539
0.0,0.07250259
0.0,0.016076734
0.0,-4.8890706e-06
0.0,-0.0018359094
0.0,-0.0114470115
0.0,-0.017413147
0.0,0.013804481
0.0,0.03389935
0.0,0.0055391146
0.0,-0.0114470115
0.0,-0.017413147
0.0,0.017130494
1.0,0.019910626
0.0,0.024927016
0.0,0.04045407
0.0,0.11351143
0.0,0.0447066
0.0,0.041813638
0.0,0.08198739
0.0,0.11190572
0.0,3.2404666
0.0,1.3728366
0.0,-0.011168664
0.0,0.030292176
0.0,-0.012038564
0.0,-0.025447005
0.0,-0.027749352
0.0,0.07463012
0.0,0.14046031
0.0,2.286689
0.0,1.9041456
6.0,1.9905646
0.0,0.022779498
0.0,0.04758439
0.0,0.012415403
0.0,0.10467842
0.0,0.015654601
0.0,-0.0067160632
0.0,0.043828163
0.0,-0.0114470115
0.0,-0.017413147
0.0,0.017130494
1.0,0.019910626
0.0,0.03801098
0.0,0.025630282
0.0,0.08712481
0.0,0.07482054
0.0,0.0041274903
0.0,0.0403284
0.0,0.049455382
0.0,1.2435966
0.0,0.9880643
0.0,0.008663079
0.0,0.03728912
0.0,0.022946006
0.0,0.019728996
0.0,0.021522349
7.0,0.0948309
0.0,0.073629
0.0,1.2636275
0.0,0.051362805
1.0,1.3947271
0.0,0.058814432
1.0,1.2303817
0.0,0.038303867
1.0,0.74510616
0.0,0.03918233
11.0,1.7056054
0.0,0.020727076
0.0,0.09001909
0.0,0.027973844
5.0,1.1357456
0.0,0.017811062
0.0,0.41978273
0.0,0.037596196
0.0,0.5599273
0.0,0.04424842
0.0,0.39677855
0.0,0.033383563
0.0,0.07771946
0.0,0.077607945
0.0,0.08413156
0.0,0.046454024
0.0,0.047725134
0.0,0.050203133
0.0,0.06812087
0.0,-0.0114470115
0.0,-0.017413147
1.0,0.013804481
0.0,0.04430281
0.0,-0.0014483049
0.0,-0.0114470115
0.0,-0.017413147
0.0,-0.0114470115
0.0,-0.017413147
0.0,0.017130494
1.0,0.019910626
0.0,0.029168399
0.0,0.16677077
0.0,0.027253632
0.0,0.08759095
0.0,0.029109983
0.0,0.01881935
0.0,0.060475882
0.0,-0.0019985912
0.0,-0.005349378
0.0,-0.00800769
0.0,-0.06238596
0.0,0.92649007
0.0,0.5224756
7.0,3.329116
0.0,0.033351466
0.0,0.89371705
0.0,0.04299626
0.0,0.83188415
0.0,0.09214485
0.0,0.5467665
0.0,0.15877429
0.0,0.069677316
0.0,0.02175282
0.0,-0.0114470115
0.0,-0.017413147
0.0,0.013804481
0.0,0.05255642
0.0,0.06695912
0.0,0.055684034
1.0,0.043130748
0.0,0.060458425
0.0,0.12390453
0.0,0.04592142
0.0,0.07410522
0.0,0.048464168
0.0,0.059640862
0.0,0.0385524
0.0,0.11462059
0.0,0.1929252
0.0,0.040102463
0.0,0.03373317
0.0,0.031419348
0.0,0.029164447
0.0,0.030849125
0.0,0.05817832
0.0,0.13071503
0.0,0.40400952
0.0,0.4676386
0.0,2.1790056
6.0,2.1889029
0.0,0.034555547
1.0,0.32592487
0.0,0.028509768
0.0,0.8205901
0.0,0.030689407
1.0,0.43284756
0.0,0.030267224
0.0,0.15650392
0.0,0.021564653
4.0,0.34533012
0.0,0.029995235
3.0,0.10546268
0.0,0.011878618
6.0,0.89443105
0.0,0.014705363
0.0,-0.0114470115
0.0,-0.017413147
0.0,0.017130494
1.0,0.019910626
0.0,0.03801098
0.0,0.6028649
0.0,0.054602306
0.0,0.32179695
0.0,0.061111156
0.0,0.20199622
0.0,0.043655045
1.0,1.9732358
0.0,0.032950714
1.0,2.8867137
0.0,0.015856067
0.0,2.0907214
0.0,0.033270203
0.0,1.0595255
0.0,0.01901737
0.0,1.265755
0.0,0.047852095
0.0,1.6389616
0.0,1.5112067
3.0,1.7847291
0.0,0.019880304
0.0,4.767439
0.0,0.022305436
19.0,4.508192
0.0,0.14936644
0.0,0.07578498
0.0,0.039272234
0.0,-0.0114470115
0.0,-0.017413147
0.0,0.013804481
0.0,0.05255642
0.0,-0.006541678
0.0,-0.0114470115
0.0,-0.017413147
0.0,-0.0114470115
0.0,-0.017413147
0.0,-0.0114470115
0.0,-0.017413147
0.0,-0.0114470115
0.0,-0.017413147
0.0,0.017130494
1.0,0.019910626
0.0,0.03801098
0.0,0.6028649
0.0,0.041869495
0.0,0.3720603
0.0,0.04981697
0.0,0.2507375
0.0,0.0657157
0.0,0.4431421
0.0,0.40330943
0.0,0.94293356
0.0,0.6268134
0.0,0.6955345
0.0,0.41563377
0.0,0.056497876
0.0,0.053116612
0.0,0.043472476
0.0,0.056818806
0.0,0.057369977
0.0,0.13988332
0.0,1.4094325
0.0,1.5680733
0.0,2.1011925
0.0,2.2336948
0.0,0.07984233
0.0,0.019249057
0.0,0.022656359
0.0,0.042133253
0.0,0.054171868
6.0,0.36810094
0.0,0.023567753
0.0,0.047849867
0.0,0.015461674
0.0,0.9445772
0.0,0.020782579
0.0,0.010092157
0.0,0.01729966
0.0,-0.0014546379
0.0,-0.0009342685
0.0,-0.0114470115
0.0,-0.017413147
0.0,-0.0114470115
0.0,-0.017413147
0.0,0.017130494
1.0,0.019910626
0.0,0.03801098
0.0,0.6028649
0.0,0.045714963
0.0,0.1706284
0.0,0.063735396
0.0,0.12253169
0.0,0.05935851
0.0,0.15728338
0.0,0.2853223
0.0,0.63148516
0.0,0.38743332
0.0,0.1362638
0.0,0.12720491
0.0,0.07985542
0.0,0.08682567
0.0,0.08217373
0.0,0.09318539
0.0,1.1393882
0.0,1.0275358
2.0,1.2251288
0.0,0.025940549
0.0,0.047558397
0.0,0.009064464
3.0,2.268991
0.0,0.021871373
0.0,0.08317095
0.0,0.018875815
0.0,0.07035406
0.0,0.05580616
0.0,0.14840768
0.0,0.079806484
0.0,0.11481258
0.0,0.18208769
0.0,0.16774377
0.0,0.18182918
0.0,0.18997978
0.0,0.18721694
0.0,0.1720148
0.0,0.191455
0.0,0.18751049
0.0,0.09279385
0.0,0.097253524
0.0,0.07909868
0.0,-0.030290656
0.0,-0.017685212
0.0,-0.03398175
0.0,-0.03525225
0.0,-0.0114470115
0.0,-0.017413147
0.0,-0.0114470115
0.0,-0.017413147
1.0,0.013804481
0.0,0.06319344
0.0,0.0092267655
0.0,-0.0114470115
0.0,-0.017413147
0.0,-0.0114470115
0.0,-0.017413147
1.0,0.013804481
0.0,0.06260298
0.0,0.014693634
0.0,-0.0114470115
0.0,-0.017413147
0.0,0.017130494
1.0,0.019910626
0.0,0.024927016
0.0,1.3525873
0.0,0.05200122
0.0,0.25390372
0.0,0.0719767
0.0,0.41162753
0.0,0.10956296
0.0,-0.030601252
0.0,-0.0114470115
0.0,-0.017413147
1.0,0.013804481
0.0,0.06260298
0.0,0.014693634
0.0,-0.0114470115
0.0,-0.017413147
0.0,0.017130494
1.0,0.019910626
0.0,0.03801098
0.0,0.025630282
0.0,0.07603962
0.0,0.066724695
0.0,0.021858731
0.0,0.024930537
0.0,0.034560308
3.0,1.1990833
0.0,0.03069693
0.0,0.0097377375
0.0,0.017071292
3.0,4.0030274
0.0,0.021597812
0.0,0.09838279
0.0,0.046109967
0.0,0.13214979
0.0,0.03433521
0.0,0.15001564
0.0,0.062183026
0.0,-0.027248083
0.0,-0.036415067
0.0,-0.022377303
0.0,-0.049498092
0.0,-0.0114470115
0.0,-0.017413147
1.0,0.013804481
0.0,0.065573536
0.0,0.12674738
0.0,0.08264232
0.0,0.071419194
0.0,0.065413386
0.0,0.06938995
0.0,0.050760563
0.0,0.09226758
0.0,0.22932339
0.0,0.11287537
0.0,0.11153582
0.0,0.09855141
0.0,0.18995279
0.0,0.21133378
0.0,0.26050645
0.0,0.058058348
0.0,0.055975225
0.0,0.06641529
0.0,0.045737866
0.0,0.052119773
0.0,0.05205923
6.0,0.19863665
0.0,0.0518337
1.0,0.9887124
0.0,0.05045787
1.0,1.6662434
0.0,0.051427577
2.0,1.2190881
0.0,0.037706364
1.0,0.8215671
0.0,0.03988965
3.0,1.0437669
0.0,0.042352907
6.0,0.16617575
0.0,0.047731213
0.0,-0.0114470115
0.0,-0.017413147
1.0,0.013804481
0.0,0.065573536
0.0,-0.00071086583
0.0,-0.0114470115
0.0,-0.017413147
0.0,-0.0114470115
0.0,-0.017413147
1.0,0.013804481
0.0,0.06260298
0.0,0.063763514
0.0,0.0678815
0.0,0.05584218
0.0,0.05884354
0.0,0.040487636
0.0,0.049777832
0.0,0.016138418
0.0,0.005957903
0.0,0.017221993
0.0,0.0045138537
0.0,0.005445741
0.0,0.10261949
7.0,0.59842795
0.0,0.07604757
1.0,0.53868073
0.0,0.050736118
0.0,0.88586074
0.0,0.051263224
0.0,0.38606
0.0,0.053065795
4.0,0.23931794
0.0,0.04121193
3.0,0.28439757
0.0,0.043100603
0.0,0.2625
0.0,0.070249915
0.0,0.15825325
0.0,0.06780518
0.0,1.5293101
0.0,0.052714948
0.0,1.2906924
8.0,1.3091738
0.0,0.07215929
0.0,-0.0114470115
0.0,-0.017413147
0.0,-0.0114470115
0.0,-0.017413147
0.0,0.017130494
1.0,0.019910626
0.0,0.024927016
0.0,1.3525873
0.0,0.04269689
0.0,0.1583825
0.0,0.06195177
0.0,0.21034887
0.0,0.047434043
0.0,1.3400803
0.0,0.7956751
0.0,0.006116633
0.0,-0.0114470115
0.0,-0.017413147
0.0,0.017130494
1.0,0.019910626
0.0,0.03801098
0.0,0.025630282
0.0,0.07603962
0.0,0.066724695
0.0,0.021858731
0.0,0.024930537
0.0,0.034560308
0.0,1.1990833
0.0,1.1300403
3.0,4.1925535
0.0,0.009953211
0.0,0.015327161
0.0,0.026119342
0.0,4.015108
0.0,0.067398906
0.0,-0.03101804
0.0,-0.028508348
0.0,-0.0114470115
0.0,-0.017413147
0.0,0.017130494
1.0,0.019910626
0.0,0.024927016
0.0,1.3525873
0.0,0.047102626
0.0,0.291826
0.0,0.062939666
0.0,0.34361923
0.0,0.10316233
0.0,1.5886861
0.0,0.24270827
1.0,0.7935419
0.0,0.01309088
1.0,1.8912421
0.0,0.017100222
3.0,3.1694002
0.0,0.019679954
0.0,4.1677704
0.0,0.02906854
20.0,3.5812464
0.0,0.060986828
0.0,-0.0114470115
0.0,-0.017413147
0.0,-0.0114470115
0.0,-0.017413147
1.0,0.013804481
0.0,0.06260298
0.0,0.063763514
0.0,0.0678815
0.0,0.05584218
0.0,0.05884354
0.0,0.03884643
0.0,0.056963705
0.0,0.016153768
0.0,0.003413686
0.0,0.006270727
0.0,-0.029154543
0.0,1.3154901
0.0,1.1512917
0.0,0.057589404
0.0,0.036533266
0.0,0.047604553
0.0,0.020183504
0.0,1.1148394
0.0,1.4366943
0.0,1.5602831
7.0,1.421761
0.0,0.05362272
0.0,0.4720044
0.0,0.056966137
0.0,0.09103326
0.0,0.03610399
1.0,0.6389427
0.0,0.025635956
0.0,0.010196753
0.0,0.0009962812
0.0,-0.0114470115
0.0,-0.017413147
0.0,0.017130494
1.0,0.019910626
0.0,0.024927016
0.0,1.3525873
0.0,0.051263504
1.0,0.3670206
0.0,0.017334543
1.0,0.47675988
0.0,0.012171962
0.0,3.210365
0.0,0.06285098
0.0,2.6588063
0.0,0.078069925
0.0,1.4614291
0.0,0.18642695
0.0,0.95363945
0.0,1.5698347
1.0,1.4207232
0.0,-0.0008491784
1.0,3.8567746
0.0,0.0059880223
0.0,3.9821124
0.0,0.016844064
0.0,4.091745
0.0,0.08969246
18.0,3.2006536
0.0,0.1959146
0.0,0.12573981
0.0,0.03971425
0.0,0.08790909
0.0,0.034723803
0.0,-0.0114470115
0.0,-0.017413147
0.0,0.017130494
1.0,0.019910626
0.0,0.024927016
0.0,1.3525873
0.0,0.049547337
0.0,0.32417974
0.0,0.05804492
0.0,0.1795183
0.0,0.0675131
0.0,0.19660178
0.0,0.19745901
0.0,0.32962552
0.0,0.16323674
0.0,0.09685898
0.0,0.08929467
0.0,0.050665442
0.0,0.054133944
0.0,0.053751912
0.0,0.054374572
1.0,0.52364665
0.0,0.011860531
0.0,0.028771067
0.0,0.04211952
0.0,0.006152326
0.0,0.043721214
0.0,0.37451625
6.0,0.11668811
0.0,0.0259292
0.0,0.12888186
0.0,0.013610692
1.0,1.2429789
0.0,0.016847916
0.0,0.047645744
0.0,0.022379177
0.0,0.10221061
0.0,0.08491206
0.0,0.11047552
0.0,0.10339731
0.0,0.09921951
0.0,0.13468719
0.0,0.14240846
0.0,0.14573018
0.0,0.11979272
0.0,0.15779792
0.0,0.16855386
0.0,0.13649595
0.0,0.14660145
0.0,0.1381324
0.0,0.1365109
0.0,0.13487303
0.0,0.12353489
0.0,0.1527174
0.0,0.13043582
0.0,0.14624085
0.0,0.1483099
0.0,0.16256832
0.0,0.038487677
0.0,-0.0114470115
0.0,-0.017413147
0.0,0.017130494
1.0,0.019910626
0.0,0.03801098
0.0,0.6028649
0.0,0.044469062
0.0,0.19948295
0.0,0.05691048
0.0,0.48670086
0.0,0.06715815
0.0,0.2345646
0.0,0.38664183
0.0,0.035992578
0.0,-0.05749175
0.0,-0.0114470115
0.0,-0.017413147
0.0,0.017130494
1.0,0.019910626
0.0,0.024927016
0.0,1.3525873
0.0,0.05200122
0.0,0.25390372
0.0,0.0719767
0.0,0.41162753
0.0,0.09952745
0.0,1.0505556
0.0,0.29083002
0.0,1.0378275
0.0,0.43085578
0.0,0.48936093
0.0,0.3587124
0.0,0.37137118
0.0,0.91265726
0.0,0.93560845
0.0,0.99965805
0.0,0.017880268
0.0,0.016579524
0.0,0.02368456
0.0,0.0264786
0.0,0.025788657
0.0,0.0024328828
6.0,2.1073036
0.0,0.05613337
0.0,0.84277266
0.0,0.052626945
4.0,0.14357482
0.0,0.047403112
0.0,0.080905356
0.0,0.032326434
0.0,1.3379585
0.0,0.04165554
0.0,0.057045653
0.0,0.03090939
0.0,0.06271951
0.0,0.054261316
0.0,0.06556621
0.0,0.07684636
0.0,0.06651766
0.0,0.07449814
0.0,0.067302465
0.0,0.08714482
0.0,0.072258666
0.0,0.101267956
0.0,0.038407147
0.0,0.027743476
0.0,0.03440695
0.0,0.011616002
0.0,-0.0114470115
0.0,-0.017413147
0.0,0.013804481
0.0,0.031136086
0.0,0.05445252
0.0,0.048075728
0.0,0.036779895
0.0,0.104727015
0.0,0.032851517
0.0,-0.016019635
0.0,-0.0114470115
0.0,-0.017413147
0.0,0.013804481
0.0,0.016205244
0.0,-0.010247644
0.0,-0.0114470115
0.0,-0.017413147
0.0,0.013804481
0.0,0.031136086
0.0,0.05445252
0.0,0.048075728
0.0,0.036779895
0.0,0.09318516
0.0,0.14228919
0.0,0.09376696
0.0,0.07529807
0.0,0.14289351
0.0,0.015288403
0.0,0.018947657
0.0,0.012762451
0.0,0.0011498183
0.0,0.0073634977
0.0,-0.026471278
0.0,1.7277427
0.0,1.6380105
0.0,0.01113211
0.0,0.020248024
0.0,0.020911038
0.0,0.023067446
0.0,0.025765099
0.0,1.0723286
0.0,1.044503
7.0,1.8521948
0.0,0.0371389
0.0,0.22229895
0.0,0.04213908
0.0,0.080403455
0.0,0.029867765
0.0,0.11124966
0.0,0.024070946
0.0,0.05412723
0.0,0.04140526
0.0,0.053577553
0.0,0.044788953
0.0,0.04622824
0.0,0.044142127
0.0,0.050061576
0.0,0.045506407
0.0,0.062260013
0.0,0.051284984
0.0,0.06289161
0.0,0.052849006
0.0,0.059013087
0.0,0.052345533
0.0,0.051887278
0.0,0.055941734
1.0,0.058802146
0.0,0.057905648
2.0,0.055867083
0.0,0.0556911
0.0,0.06047193
0.0,0.053651016
0.0,0.07207939
0.0,0.06995982
0.0,0.06244448
0.0,0.07031624
0.0,0.12346226
0.0,0.08849203
0.0,0.12437844
0.0,0.10521782
0.0,0.11171623
0.0,0.10895464
0.0,0.11431982
0.0,0.088734455
0.0,0.1500193
0.0,0.14772454
0.0,0.14465304
0.0,0.14704004
0.0,0.116854265
0.0,0.10638537
0.0,0.08275231
0.0,0.11459488
1.0,0.14465486
0.0,0.12168102
0.0,0.1048176
0.0,0.046550896
0.0,0.046294916
0.0,0.033198565
0.0,0.034817554
0.0,0.031828534
0.0,-0.0077149286
0.0,0.025223045
0.0,0.00830144
0.0,0.014705109
0.0,-0.0114470115
0.0,-0.017413147
0.0,0.017130494
1.0,0.019910626
0.0,0.024927016
0.0,1.3525873
0.0,0.050596107
0.0,0.091851026
0.0,0.07931608
0.0,0.015145606
0.0,0.0796496
0.0,0.013087713
0.0,0.14655645
7.0,4.4209
0.0,0.61678827
1.0,1.9006077
0.0,0.22384918
1.0,1.847537
0.0,0.04480443
4.0,1.2517217
0.0,0.038192026
0.0,0.09560223
0.0,0.031617343
0.0,1.1882521
0.0,0.016283087
0.0,0.08199567
0.0,0.026530048
0.0,0.06234315
1.0,0.08132858
0.0,0.10905343
0.0,0.13374338
0.0,0.107567616
0.0,0.15324724
0.0,0.13101311
0.0,0.20577858
0.0,0.10244625
0.0,0.23717572
0.0,0.0671158
0.0,0.071866475
0.0,0.05605378
0.0,0.07287971
0.0,0.07435702
0.0,0.03250581
0.0,-0.0114470115
0.0,-0.017413147
0.0,0.017130494
1.0,0.019910626
0.0,0.024927016
0.0,1.3525873
0.0,0.04269689
0.0,0.1583825
0.0,0.04831937
0.0,0.032031722
0.0,0.068950236
0.0,0.02261836
0.0,0.012565824
0.0,0.015325413
0.0,0.05907786
7.0,1.0857204
0.0,0.114646636
6.0,0.86958694
0.0,0.0226938
0.0,1.2221581
0.0,0.017532006
0.0,1.5189166
0.0,0.036292866
13.0,0.3921089
0.0,0.043250848
0.0,0.376063
0.0,0.05060946
0.0,0.17523035
0.0,0.059497662
0.0,-0.0114470115
0.0,-0.017413147
0.0,0.017130494
1.0,0.019910626
0.0,0.03801098
0.0,0.6028649
0.0,0.044469062
0.0,0.19948295
0.0,0.05691048
0.0,0.48670086
0.0,0.06274322
0.0,0.32425603
0.0,0.80057484
0.0,2.2049034
0.0,1.4540385
0.0,1.0441355
0.0,0.58977896
0.0,0.66926765
0.0,0.89666855
0.0,0.90155315
0.0,1.1664901
0.0,1.6960219
0.0,1.5823704
0.0,1.6628057
0.0,0.8222949
0.0,1.324669
0.0,1.3595095
0.0,1.6261594
0.0,1.5202785
0.0,1.738984
0.0,1.3436735
0.0,0.9943069
0.0,2.57225
7.0,2.9416027
0.0,0.02958919
16.0,1.2542726
0.0,0.06717312
0.0,0.06745854
0.0,0.053099893
0.0,0.08337563
0.0,0.056814447
0.0,-0.0114470115
0.0,-0.017413147
0.0,-0.0114470115
0.0,-0.017413147
0.0,0.013804481
0.0,0.03659829
0.0,0.08576023
0.0,0.08069895
0.0,0.06535155
0.0,0.060881343
0.0,0.059542526
0.0,0.06080631
0.0,0.07895018
0.0,0.07496714
0.0,0.06304586
0.0,0.07317617
0.0,-0.043045506
0.0,-0.0114470115
0.0,-0.017413147
0.0,-0.0114470115
0.0,-0.017413147
0.0,0.017130494
1.0,0.019910626
0.0,0.024927016
0.0,0.04045407
0.0,0.10899573
0.0,0.066452555
0.0,0.06266327
0.0,0.043823555
0.0,0.030685278
7.0,3.6269484
0.0,0.7020912
1.0,1.9360106
0.0,0.22278361
1.0,1.9964201
0.0,0.072044335
8.0,1.7127247
0.0,0.019369714
2.0,1.3718004
0.0,0.059400234
0.0,0.11699562
0.0,0.04411834
2.0,0.24468563
0.0,0.022616385
0.0,0.0710994
0.0,0.051959626
0.0,-0.0114470115
0.0,-0.017413147
0.0,0.017130494
0.0,0.019910626
0.0,0.07772239
1.0,0.069728054
0.0,0.025589852
0.0,0.37440097
0.0,0.02829095
0.0,0.054756936
0.0,0.068189666
0.0,0.029073708
0.0,0.048482
0.0,0.012723059
0.0,-0.023090295
0.0,0.53494173
0.0,0.4451151
2.0,4.2498136
0.0,-0.0010146975
20.0,2.3904622
0.0,0.09081026
0.0,-0.0114470115
0.0,-0.017413147
0.0,0.013804481
0.0,0.03659829
0.0,0.08576023
0.0,0.08069895
0.0,0.06535155
0.0,0.07801072
0.0,0.027791657
0.0,0.009519274
0.0,-0.00148952
0.0,-0.015508234
0.0,-0.014009645
0.0,0.00035604087
0.0,1.8494407
0.0,0.541943
4.0,1.6155802
0.0,0.030168151
0.0,1.2032511
0.0,0.0387758
0.0,1.7616675
0.0,0.05382568
6.0,0.95971173
0.0,0.023932887
0.0,0.032693166
0.0,0.030928819
3.0,1.3303684
0.0,0.020758387
0.0,0.05880582
0.0,0.035811253
0.0,0.061489414
0.0,0.04285962
0.0,0.07463437
0.0,0.036620203
0.0,0.05280151
0.0,0.070156544
0.0,0.057996083
0.0,0.03944601
0.0,0.044652287
0.0,0.015416102
0.0,-0.0114470115
0.0,-0.017413147
0.0,-0.0114470115
0.0,-0.017413147
0.0,-0.0114470115
0.0,-0.017413147
0.0,0.013804481
0.0,0.031136086
0.0,0.05445252
0.0,0.048075728
0.0,0.036779895
0.0,0.104727015
0.0,0.15548745
0.0,0.08671983
0.0,0.008619128
0.0,-0.0018948823
0.0,-0.0010399534
0.0,-0.006307104
0.0,-0.0020265072
0.0,0.015310949
0.0,0.255426
0.0,0.20340602
0.0,-0.0067668287
0.0,0.0020169823
0.0,-0.00015047193
0.0,0.008798225
0.0,0.06839156
7.0,0.08984729
0.0,0.048666645
0.0,0.2480561
0.0,0.06256828
0.0,1.0691466
0.0,0.056679554
0.0,0.079668626
0.0,0.051760517
0.0,0.16045009
0.0,0.058310352
0.0,0.058063313
0.0,0.05753514
0.0,0.060387116
0.0,0.060737003
0.0,0.071097955
0.0,0.0729133
0.0,0.07793098
0.0,0.06735997
0.0,0.07091569
0.0,0.06898322
0.0,0.076725125
0.0,0.07778689
0.0,0.070105426
0.0,0.064759515
0.0,0.06224286
0.0,0.057346445
0.0,0.069811344
0.0,0.06087448
0.0,0.07704228
0.0,0.073718496
0.0,0.07250079
0.0,0.06684616
0.0,0.057551075
0.0,0.06067651
0.0,0.059986364
0.0,0.061753016
0.0,0.067507304
0.0,0.08505033
0.0,0.05172774
0.0,0.07812634
0.0,0.075009644
0.0,0.073657826
0.0,0.015851837
0.0,0.021142976
0.0,0.0154817365
0.0,0.03368752
0.0,-0.0114470115
0.0,-0.017413147
0.0,-0.0114470115
0.0,-0.017413147
0.0,0.013804481
0.0,0.016205244
0.0,-0.010247644
0.0,-0.0114470115
0.0,-0.017413147
0.0,0.017130494
0.0,0.019910626
0.0,0.046098515
0.0,0.058705557
0.0,0.07538258
0.0,-0.009928867
0.0,-0.0114470115
0.0,-0.017413147
0.0,0.017130494
0.0,0.019910626
0.0,0.046098515
0.0,0.010297548
0.0,-0.003158137
0.0,0.0043847114
0.0,-0.024842761
0.0,-0.044896465
0.0,-0.046729207
0.0,2.5565627
0.0,-0.020877574
0.0,-0.07021278
0.0,-0.08283806
0.0,-0.065705314
0.0,-0.04417073
0.0,-0.06584763
0.0,-0.04416371
0.0,-0.036759835
0.0,-0.046633933
0.0,-0.04319223
0.0,-0.03803036
0.0,-0.03500567
0.0,-0.035963472
0.0,0.2107588
0.0,0.4596324
7.0,1.4559951
0.0,0.038907073
1.0,0.12930429
0.0,0.047320303
1.0,0.15638086
0.0,0.02070757
0.0,0.28506723
0.0,0.031424362
0.0,0.117282934
0.0,0.10124782
0.0,0.17255566
0.0,0.29842058
2.0,0.37513205
0.0,0.0033482283
0.0,0.047851335
0.0,0.010738426
0.0,0.03999574
0.0,0.023962019
0.0,0.043121733
0.0,0.038196664
0.0,0.045101702
0.0,0.040092077
0.0,0.052341174
0.0,0.09905919
0.0,0.103152074
0.0,0.09049579
0.0,0.0886668
0.0,0.09513934
0.0,0.08708585
0.0,0.08244901
0.0,0.07632911
0.0,0.07853583
0.0,0.07654344
0.0,0.07881651
0.0,0.08821996
0.0,0.07486705
0.0,0.07334946
0.0,0.07429176
0.0,0.068881154
0.0,0.07504065
0.0,0.01815882
0.0,0.026199138
0.0,0.01975063
0.0,0.026705422
0.0,-0.0114470115
0.0,-0.017413147
0.0,0.017130494
0.0,0.019910626
0.0,0.039557952
0.0,0.04592897
0.0,0.075835414
0.0,0.071081035
0.0,0.07307046
0.0,0.0725644
0.0,0.08142365
0.0,0.15257043
0.0,0.09540206
0.0,0.011114606
0.0,0.006062245
0.0,0.01358417
0.0,0.0111656245
0.0,0.008756529
0.0,-0.012474021
0.0,0.37349993
0.0,0.5776234
6.0,2.7612436
0.0,0.08677731
0.0,0.0063756015
0.0,0.01437706
0.0,-0.0114470115
0.0,-0.017413147
0.0,-0.0114470115
0.0,-0.017413147
0.0,0.013804481
0.0,0.016205244
0.0,0.04035001
0.0,0.033032488
0.0,0.027323725
0.0,0.062839
0.0,-0.0074618873
0.0,-0.0114470115
0.0,-0.017413147
0.0,0.017130494
0.0,0.019910626
0.0,0.039557952
0.0,0.04592897
0.0,0.10593041
0.0,0.17818664
0.0,0.6670087
1.0,0.39338487
0.0,0.02061706
0.0,0.485137
0.0,0.03616648
0.0,1.1199006
0.0,0.017052472
1.0,0.7838124
0.0,0.025053194
0.0,1.0324229
0.0,0.04097829
1.0,1.4953194
0.0,0.0066224365
1.0,3.4951386
0.0,0.010194751
0.0,3.1240592
0.0,0.015082454
0.0,3.5482304
0.0,0.028372925
0.0,3.031836
0.0,1.40363
2.0,2.8390925
0.0,0.0057187183
1.0,4.4595547
0.0,0.0034975603
0.0,0.91487837
0.0,0.078369856
0.0,0.4074284
0.0,0.10735525
0.0,0.9442973
0.0,0.43461472
9.0,1.3429054
0.0,0.023477165
6.0,0.5236872
0.0,0.024578398
0.0,0.027178066
0.0,0.03068092
0.0,-0.0114470115
0.0,-0.017413147
0.0,0.017130494
0.0,0.019910626
0.0,0.039557952
0.0,0.04592897
0.0,0.03209994
0.0,0.00850977
0.0,-0.008770588
0.0,-0.014605402
0.0,-0.012747505
0.0,-0.010902045
0.0,-0.033510044
7.0,0.73588073
0.0,0.13583349
7.0,1.4036821
0.0,0.063205175
0.0,0.5274735
0.0,0.08379381
0.0,0.8133714
0.0,0.05407236
0.0,1.1586528
0.0,0.06320292
4.0,0.9341406
0.0,0.06073941
9.0,1.0469114
0.0,0.048807617
0.0,0.0943919
0.0,0.08274715
0.0,-0.0114470115
0.0,-0.017413147
0.0,0.017130494
0.0,0.019910626
0.0,0.046098515
0.0,-0.004877874
0.0,-0.0114470115
0.0,-0.017413147
0.0,0.017130494
0.0,0.019910626
0.0,0.09428927
0.0,0.04828479
0.0,0.039036572
0.0,0.05883784
0.0,0.029485378
0.0,0.004507825
0.0,0.026292764
7.0,3.2315366
0.0,0.6326275
0.0,0.052833654
0.0,0.04940981
0.0,-0.0114470115
0.0,-0.017413147
0.0,0.013804481
0.0,0.031136086
0.0,0.05445252
0.0,0.048075728
0.0,0.036779895
0.0,0.036021408
0.0,0.025639122
0.0,0.013128954
0.0,-0.007285526
0.0,-0.013075199
0.0,-0.015210381
0.0,-0.020477962
0.0,-0.0060751643
0.0,0.10549723
0.0,0.4304319
0.0,0.17002825
0.0,-0.021648679
0.0,-0.023428377
0.0,-0.032121245
0.0,-0.030125922
0.0,0.07482376
7.0,0.15932325
0.0,0.049233805
0.0,0.34801173
0.0,0.06049574
7.0,0.62730557
0.0,0.045647558
0.0,0.095603876
0.0,0.03841984
0.0,0.65691954
0.0,0.043606102
0.0,0.08871055
0.0,0.05624909
0.0,0.07085343
0.0,0.06684084
0.0,0.082259476
0.0,0.06181047
0.0,0.060915772
0.0,0.06057726
0.0,0.071575515
0.0,0.06554699
0.0,0.063879915
0.0,0.0700677
0.0,0.030136866
0.0,0.032720953
0.0,-0.0114470115
0.0,-0.017413147
0.0,-0.0114470115
0.0,-0.017413147
0.0,0.017130494
0.0,0.019910626
0.0,0.07772239
0.0,0.069728054
0.0,0.07649268
0.0,0.0928355
0.0,0.06324003
0.0,0.010596365
0.0,0.02388197
0.0,0.018323148
0.0,0.00757046
0.0,0.0044559194
0.0,0.011468924
0.0,1.7315989
0.0,0.83418113
0.0,-0.008885797
0.0,0.014836531
0.0,0.010800946
0.0,0.008240947
0.0,0.31223744
0.0,0.36152652
0.0,0.37366048
7.0,1.807906
0.0,0.07100392
0.0,1.2143542
0.0,0.09561371
0.0,0.6318328
0.0,0.09477041
0.0,0.9347256
0.0,0.040498327
0.0,0.05232623
0.0,0.037380163
0.0,0.050190136
0.0,0.043818183
0.0,0.11123145
0.0,0.106907055
0.0,0.1185588
0.0,0.10606636
0.0,0.12711278
0.0,0.11200522
0.0,0.12871936
0.0,0.113407016
0.0,0.119958065
0.0,0.13027635
0.0,0.13607451
0.0,0.13329014
0.0,0.1398494
0.0,0.12298339
0.0,0.15047087
0.0,0.14056236
0.0,0.12156026
0.0,0.12869932
0.0,0.14744028
0.0,0.069230735
0.0,0.08094862
0.0,0.075219624
0.0,0.13136731
0.0,0.12665612
0.0,0.15114732
0.0,0.12982668
4.0,0.12651613
0.0,0.13068014
0.0,0.1444202
0.0,0.11466074
0.0,0.2634036
0.0,0.12694874
0.0,0.14037621
0.0,0.11834026
0.0,0.14615655
0.0,0.12718725
0.0,0.07382894
0.0,0.124877125
0.0,0.1679749
0.0,0.12984605
0.0,0.12115303
0.0,0.13295661
0.0,0.15099406
0.0,0.14506406
2.0,0.22316277
0.0,0.1547441
0.0,0.17005768
0.0,0.07403447
0.0,0.108395614
0.0,0.058892176
0.0,-0.008249306
0.0,-0.01833209
0.0,-0.021241417
0.0,-0.027554676
0.0,-0.0114470115
0.0,-0.017413147
0.0,0.017130494
0.0,0.019910626
0.0,0.07772239
0.0,0.05558572
0.0,0.03984671
0.0,0.046744987
0.0,0.04367815
0.0,0.040976644
0.0,0.046611793
7.0,0.75542295
0.0,0.23507716
7.0,1.9880577
0.0,0.031255096
0.0,2.0232706
0.0,0.06571015
2.0,1.7689552
0.0,0.056076452
1.0,0.6322106
0.0,0.046412505
2.0,0.95773584
0.0,0.06592504
0.0,0.19251797
0.0,0.09736922
0.0,0.57201004
0.0,0.123286076
0.0,2.160252
0.0,0.07681265
0.0,1.972253
0.0,1.7319133
0.0,1.6509515
0.0,1.7730478
0.0,1.613571
0.0,1.6538587
6.0,1.6400912
0.0,0.120863505
0.0,-0.0114470115
0.0,-0.017413147
0.0,0.013804481
0.0,0.031136086
0.0,0.05445252
0.0,0.048075728
0.0,0.036779895
0.0,0.03529557
0.0,0.028857829
0.0,0.043883234
0.0,0.050052557
0.0,0.12509216
0.0,0.09938353
0.0,0.13175967
0.0,0.012480531
0.0,0.008313903
0.0,0.017549612
0.0,-0.0018585055
0.0,0.0016630694
0.0,0.04266041
0.0,1.2353147
0.0,0.81081676
0.0,4.098641
0.0,3.8622901
6.0,3.5958245
0.0,0.046140265
0.0,0.06480902
0.0,0.0337051
0.0,1.1894022
0.0,0.034258883
0.0,0.077932574
0.0,0.030118195
0.0,0.061189152
1.0,0.057835985
0.0,0.07706285
0.0,0.06627384
0.0,0.1259625
0.0,0.12904073
0.0,0.16285513
0.0,0.03941184
0.0,0.0663992
0.0,0.03897005
0.0,0.056322146
0.0,0.053953454
0.0,0.059976082
0.0,0.05518864
0.0,0.06384711
0.0,0.062305965
0.0,0.04399158
0.0,-0.023834145
0.0,-0.020735081
0.0,0.0024317934
0.0,-0.0114470115
0.0,-0.017413147
0.0,0.013804481
0.0,0.016205244
0.0,-0.010247644
0.0,-0.0114470115
0.0,-0.017413147
0.0,0.013804481
0.0,0.016205244
0.0,0.04035001
0.0,0.033032488
0.0,0.027323725
0.0,0.02586734
0.0,0.042121574
0.0,0.04389798
0.0,0.0498841
0.0,0.10655365
0.0,0.09434415
0.0,0.10044968
0.0,0.0989837
0.0,0.14600803
0.0,0.028884428
0.0,0.009445887
0.0,0.0060861586
0.0,0.005171776
0.0,0.0055868397
0.0,0.004370044
0.0,0.33090097
0.0,0.36212754
7.0,0.35418656
0.0,0.041601688
1.0,0.32582846
0.0,0.05178524
0.0,0.96456754
0.0,0.06388977
0.0,0.259597
0.0,0.07239412
0.0,0.3766421
0.0,0.071371466
0.0,0.21159813
0.0,0.13814434
0.0,0.09966084
0.0,0.11965512
1.0,0.1375267
0.0,0.03905382
0.0,0.05344109
0.0,0.06062539
0.0,0.057534736
0.0,0.07731956
0.0,0.050937507
0.0,0.06863673
0.0,0.05884207
0.0,0.064663455
0.0,0.06444583
6.0,0.07095144
0.0,0.041415952
0.0,0.30770823
0.0,0.036219984
3.0,1.0412819
0.0,0.033031903
0.0,0.07664379
0.0,0.037073493
0.0,0.068689846
0.0,0.068920955
0.0,0.09477745
0.0,0.11306513
0.0,0.11076446
0.0,0.12505797
0.0,0.11800484
0.0,0.08383642
0.0,0.10574019
0.0,0.06281691
0.0,0.06509205
0.0,0.072120786
0.0,0.075219646
0.0,0.07987999
0.0,0.07234948
0.0,0.07049158
0.0,0.071103476
0.0,0.09702004
0.0,0.0903933
0.0,0.06869639
0.0,0.1348426
0.0,0.1147277
0.0,0.07163041
0.0,0.13666451
0.0,0.09212035
0.0,0.0580088
0.0,0.0601529
0.0,0.0832512
0.0,0.06252141
0.0,0.07580712
0.0,0.07955643
0.0,0.06522299
0.0,0.067377046
0.0,0.07180994
0.0,-0.0114470115
0.0,-0.017413147
0.0,0.013804481
0.0,0.016205244
0.0,0.04035001
0.0,0.033032488
0.0,0.027323725
0.0,0.025157562
0.0,0.022461025
0.0,0.021361997
0.0,0.021642119
0.0,0.05075233
0.0,0.048415303
0.0,0.08008949
0.0,-0.027396224
0.0,-0.0114470115
0.0,-0.017413147
0.0,0.017130494
0.0,0.019910626
0.0,0.07772239
0.0,0.069728054
0.0,0.090769984
0.0,0.12776642
0.0,0.40085348
0.0,0.24809894
0.0,0.1053288
1.0,0.17066973
0.0,0.042984787
0.0,0.8095044
0.0,0.0341456
0.0,0.22859405
0.0,0.031949088
0.0,0.23825417
0.0,0.18304256
3.0,1.7912344
0.0,0.023575429
0.0,3.8976576
0.0,0.034592178
0.0,3.3503287
0.0,0.03578032
0.0,2.9414542
0.0,0.03902084
19.0,2.0009556
0.0,0.056976877
0.0,0.059185013
0.0,0.056704253
0.0,-0.0114470115
0.0,-0.017413147
0.0,0.013804481
0.0,0.016205244
0.0,0.04035001
0.0,0.033032488
0.0,0.027323725
0.0,0.03222212
0.0,0.043759085
0.0,0.09117322
0.0,0.08122231
0.0,0.40950862
0.0,0.1936044
0.0,0.15710135
0.0,0.0013432279
0.0,-5.9276817e-06
0.0,0.007453477
0.0,-0.016154326
0.0,-0.020838613
0.0,-0.038411126
7.0,2.469108
0.0,0.057100244
1.0,0.5022677
0.0,0.05530869
7.0,0.9352564
0.0,0.02269532
0.0,0.07662749
0.0,0.050694194
4.0,0.53747416
0.0,0.023737883
0.0,0.04494067
0.0,0.030261144
0.0,0.063840374
0.0,0.04538276
0.0,0.07175061
0.0,0.0579229
0.0,0.11406306
0.0,0.10302985
0.0,0.11632756
0.0,0.12649934
0.0,0.13027689
0.0,0.108314656
0.0,0.11449859
0.0,0.13500434
0.0,0.13061945
0.0,0.1429285
0.0,0.14140546
0.0,0.113438554
0.0,0.10494449
0.0,0.08995151
0.0,0.09161434
0.0,0.10412986
0.0,0.080848664
0.0,0.08899249
0.0,0.083561316
2.0,0.105802104
0.0,0.08012321
1.0,0.09312375
0.0,0.14039351
0.0,0.15468016
0.0,0.087461196
0.0,-0.0114470115
0.0,-0.017413147
0.0,-0.0114470115
0.0,-0.017413147
0.0,-0.0114470115
0.0,-0.017413147
0.0,-0.0114470115
0.0,-0.017413147
0.0,0.013804481
0.0,0.031136086
0.0,0.05445252
0.0,0.048075728
0.0,0.036779895
0.0,0.036021408
0.0,-0.008713286
0.0,-0.0114470115
0.0,-0.017413147
0.0,0.013804481
0.0,0.031136086
0.0,-0.008588121
0.0,-0.0114470115
0.0,-0.017413147
0.0,-0.0114470115
0.0,-0.017413147
0.0,-0.0114470115
0.0,-0.017413147
0.0,0.013804481
0.0,0.016205244
0.0,0.04035001
0.0,0.033032488
0.0,0.027323725
0.0,0.02586734
0.0,0.0071724947
0.0,-0.012853494
0.0,-0.013791714
0.0,-0.029954096
0.0,-0.03213325
0.0,-0.04603473
0.0,2.4937298
0.0,1.2149245
7.0,2.0435963
0.0,0.043761186
6.0,0.2070214
0.0,0.0588979
3.0,1.1945072
0.0,0.045916025
7.0,0.51275223
0.0,0.030831596
5.0,0.7101127
0.0,0.04326762
0.0,0.69575953
0.0,0.08782714
0.0,0.24881765
0.0,0.094082974
0.0,0.31709868
0.0,0.10063113
0.0,0.84881014
0.0,-0.0114470115
0.0,-0.017413147
0.0,0.017130494
0.0,0.019910626
0.0,0.046098515
0.0,0.058705557
0.0,0.04484661
0.0,0.04441417
0.0,0.052411575
0.0,0.0019749312
0.0,0.00601343
0.0,-0.008778896
0.0,-0.015574325
0.0,-0.01995896
0.0,-0.032441795
0.0,0.6408608
0.0,0.36465296
0.0,-0.06148612
0.0,0.0023180023
0.0,-0.004483658
0.0,-0.008679165
0.0,0.47254288
6.0,0.45665655
0.0,0.057902634
0.0,0.4986988
0.0,0.053166848
0.0,0.09952537
0.0,0.04347468
0.0,0.061819237
0.0,0.050104667
0.0,0.04606969
7.0,0.088562354
0.0,0.03689693
1.0,1.6900425
0.0,0.030745668
0.0,0.0946633
0.0,0.016722243
3.0,1.4249933
0.0,0.016141964
0.0,0.028811825
0.0,0.028077705
0.0,0.015820121
0.0,0.021801203
0.0,-0.0114470115
0.0,-0.017413147
0.0,0.017130494
0.0,0.019910626
0.0,0.09428927
0.0,0.04828479
0.0,0.026030881
0.0,0.047185462
0.0,0.021090388
0.0,-0.0057347026
0.0,0.017909756
7.0,2.783478
0.0,0.65633994
7.0,1.8242778
0.0,0.12912431
1.0,1.8259071
0.0,0.09346905
0.0,1.6154932
0.0,0.081163414
1.0,1.3745252
0.0,0.066582
0.0,1.0725014
0.0,0.18625772
3.0,0.86790997
0.0,0.06160417
7.0,0.5572041
0.0,0.014905054
0.0,-0.0114470115
0.0,-0.017413147
0.0,0.017130494
0.0,0.019910626
0.0,0.046098515
0.0,0.058705557
0.0,0.045023274
0.0,0.01321526
0.0,-0.050004326
0.0,-0.06267232
0.0,-0.061169673
0.0,-0.06314594
0.0,-0.020463623
0.0,6.2949643
0.0,0.54783636
0.0,-0.0433637
0.0,-0.04603027
0.0,-0.058040135
0.0,-0.06178134
0.0,-0.0261467
7.0,3.1280918
0.0,0.07155634
6.0,0.90319896
0.0,0.07788209
3.0,1.8451582
0.0,0.0727399
3.0,1.205859
0.0,0.05333528
3.0,1.2049217
0.0,0.045582555
3.0,1.5423558
0.0,-0.002576439
0.0,-0.0114470115
0.0,-0.017413147
0.0,-0.0114470115
0.0,-0.017413147
0.0,0.017130494
0.0,0.019910626
0.0,0.039557952
0.0,0.04592897
0.0,0.061034247
0.0,0.057529874
0.0,0.059380982
0.0,0.051278222
0.0,0.08234102
0.0,0.3168555
0.0,0.25776422
0.0,0.5155477
0.0,0.29200113
0.0,0.017118992
0.0,0.019592153
0.0,-0.004514107
0.0,-0.007044568
0.0,-0.0025051294
0.0,0.045410424
0.0,0.6718173
0.0,0.38878626
7.0,0.36852202
0.0,0.06467572
2.0,1.7674664
0.0,0.042514194
0.0,0.09425829
0.0,0.03272749
2.0,1.1647531
0.0,0.038207304
0.0,0.067745976
0.0,0.020108065
0.0,0.99802077
0.0,0.010751802
0.0,0.061052285
0.0,0.058384575
0.0,0.04615217
0.0,0.04227354
0.0,-0.0114470115
0.0,-0.017413147
0.0,0.013804481
0.0,0.016205244
0.0,-0.010247644
0.0,-0.0114470115
0.0,-0.017413147
0.0,-0.0114470115
0.0,-0.017413147
0.0,-0.0114470115
0.0,-0.017413147
0.0,0.013804481
0.0,0.031136086
0.0,0.05445252
0.0,0.048075728
0.0,0.036779895
0.0,0.036021408
0.0,0.025639122
0.0,0.01938139
0.0,0.013314131
0.0,0.006685741
0.0,0.0054576215
0.0,0.00040812342
0.0,0.0033565878
0.0,0.13306566
0.0,1.079475
0.0,0.57112336
2.0,3.0121171
0.0,0.014314566
0.0,-0.037572406
0.0,0.02169045
0.0,2.3937626
0.0,0.025116043
0.0,0.050589573
0.0,0.037761662
0.0,0.050595954
0.0,0.054518815
0.0,0.09287524
0.0,0.09239959
0.0,0.09721393
0.0,0.08911677
0.0,0.1459179
0.0,0.108418845
0.0,0.07481124
0.0,0.071740754
0.0,0.058454085
0.0,0.066881806
0.0,0.06752881
0.0,0.06631933
0.0,-0.020471275
0.0,-0.020171192
0.0,-0.012601593
0.0,-0.035889883
0.0,-0.0114470115
0.0,-0.017413147
0.0,-0.0114470115
0.0,-0.017413147
0.0,-0.0114470115
0.0,-0.017413147
0.0,-0.0114470115
0.0,-0.017413147
0.0,-0.0114470115
0.0,-0.017413147
0.0,0.013804481
0.0,0.031136086
0.0,-0.008588121
0.0,-0.0114470115
0.0,-0.017413147
0.0,0.013804481
0.0,0.031136086
0.0,0.05445252
0.0,0.048075728
0.0,0.036779895
0.0,0.036021408
0.0,0.025639122
0.0,0.09461294
1.0,0.09627188
0.0,0.037423432
5.0,0.20539647
0.0,0.022905272
0.0,3.1985717
0.0,0.039745763
4.0,2.4844222
0.0,0.03225277
2.0,2.6112468
0.0,0.021766093
1.0,1.2783128
0.0,0.030901259
6.0,2.8076804
0.0,0.03191664
6.0,1.7347528
0.0,0.018181138
0.0,-0.0114470115
0.0,-0.017413147
0.0,0.013804481
0.0,0.031136086
0.0,-0.008588121
0.0,-0.0114470115
0.0,-0.017413147
0.0,-0.0114470115
0.0,-0.017413147
0.0,-0.0114470115
0.0,-0.017413147
0.0,0.013804481
0.0,0.03659829
0.0,-0.011153947
0.0,-0.0114470115
0.0,-0.017413147
0.0,0.013804481
0.0,0.03659829
0.0,-0.011153947
0.0,-0.0114470115
0.0,-0.017413147
0.0,-0.0114470115
0.0,-0.017413147
0.0,0.017130494
0.0,0.019910626
0.0,0.09428927
0.0,0.08643591
0.0,0.054984946
0.0,0.0065249084
0.0,-0.0114470115
0.0,-0.017413147
0.0,0.013804481
0.0,0.03659829
0.0,0.051152978
0.0,0.05587965
0.0,-0.0146339005
0.0,-0.0114470115
0.0,-0.017413147
0.0,0.013804481
0.0,0.03659829
0.0,0.051152978
0.0,0.060286067
0.0,0.004691811
0.0,-0.0114470115
0.0,-0.017413147
0.0,0.013804481
0.0,0.03659829
0.0,0.051152978
0.0,0.05587965
0.0,0.04328259
0.0,0.042257026
0.0,0.012012244
0.0,-0.0114470115
0.0,-0.017413147
0.0,0.013804481
0.0,0.03659829
0.0,0.08576023
0.0,0.08069895
0.0,0.06535155
0.0,0.06261149
0.0,0.02150026
0.0,-0.0038589714
0.0,-0.0074395193
0.0,-0.02356398
0.0,-0.025242627
0.0,-0.034901075
0.0,2.7904847
0.0,1.0061123
0.0,1.8705398
0.0,1.8076183
0.0,0.025214078
0.0,0.026010465
0.0,-0.0108506465
0.0,-0.0098488685
0.0,0.16196361
0.0,0.15611826
0.0,0.81027144
7.0,0.85374594
0.0,0.044397853
1.0,0.2514502
0.0,0.037386194
0.0,0.9084605
0.0,0.040301546
9.0,0.26813033
0.0,0.03546651
3.0,0.1789914
0.0,0.047064397
0.0,0.10584859
0.0,0.05092051
6.0,0.23796828
0.0,0.037636828
0.0,0.09645427
0.0,0.051757324
0.0,0.28343752
0.0,0.06904832
0.0,0.09072266
0.0,0.07036467
0.0,0.11702971
0.0,0.13881922
0.0,0.17282897
0.0,0.15258726
0.0,0.12726378
0.0,0.11602226
0.0,0.12294438
0.0,0.09038093
0.0,0.07261686
0.0,0.06920974
0.0,-0.0114470115
0.0,-0.017413147
0.0,0.013804481
0.0,0.03659829
0.0,-0.011153947
0.0,-0.0114470115
0.0,-0.017413147
0.0,0.013804481
0.0,0.016205244
0.0,-0.010247644
0.0,-0.0114470115
0.0,-0.017413147
0.0,-0.0114470115
0.0,-0.017413147
0.0,-0.0114470115
0.0,-0.017413147
0.0,0.017130494
0.0,0.019910626
0.0,0.04837444
0.0,-0.011404429
0.0,-0.0114470115
0.0,-0.017413147
0.0,0.017130494
0.0,0.019910626
0.0,0.09428927
6.0,0.08643591
0.0,0.71394426
14.0,4.506569
0.0,0.77160513
8.0,0.8290681
0.0,0.28877598
0.0,-0.0114470115
0.0,-0.017413147
0.0,-0.0114470115
0.0,-0.017413147
0.0,0.017130494
0.0,0.019910626
0.0,0.09428927
0.0,0.04828479
0.0,0.026030881
0.0,0.047185462
0.0,0.021090388
0.0,-0.0057347026
0.0,0.017909756
3.0,2.783478
0.0,0.024520082
0.0,0.09881537
0.0,0.030916458
3.0,2.8764043
0.0,0.016401894
0.0,0.008693021
0.0,-0.0111061195
0.0,0.00095863786
0.0,-0.021150576
0.0,-0.0114470115
0.0,-0.017413147
0.0,-0.0114470115
0.0,-0.017413147
0.0,0.017130494
0.0,0.019910626
0.0,0.046098515
0.0,0.010297548
0.0,-0.003158137
0.0,0.0043847114
0.0,-0.024842761
0.0,-0.044896465
0.0,-0.046729207
0.0,2.5565627
0.0,-0.020877574
0.0,3.8425965
0.0,0.28862274
7.0,1.8944473
0.0,0.1798544
1.0,0.7007858
0.0,0.047807764
0.0,0.68517786
0.0,0.042140648
1.0,0.8811135
0.0,0.052975666
3.0,0.2980742
0.0,0.029447684
0.0,0.11594523
0.0,0.06687468
1.0,1.0407254
0.0,0.02392777
0.0,0.046586156
0.0,0.019589063
0.0,0.0844111
0.0,0.07174846
0.0,0.08946338
0.0,0.031109892
0.0,0.077099554
0.0,0.100129716
0.0,0.1102945
0.0,0.112343095
0.0,0.10222672
0.0,0.15171398
0.0,0.072457954
0.0,0.065617
0.0,0.06917151
0.0,0.085905634
0.0,0.07185176
0.0,0.06863569
0.0,0.062248915
0.0,0.07579382
0.0,0.05657372
1.0,0.067974046
0.0,0.053405497
0.0,0.06321052
0.0,0.055844586
12.0,0.07640247
0.0,0.18777898
0.0,0.12523884
0.0,0.16898635
0.0,0.79854685
0.0,-0.0114470115
0.0,-0.017413147
0.0,-0.0114470115
0.0,-0.017413147
0.0,0.017130494
0.0,0.019910626
0.0,0.09428927
0.0,0.04828479
0.0,0.026030881
0.0,0.047185462
0.0,0.021090388
0.0,-0.0057347026
0.0,0.017909756
0.0,2.783478
0.0,0.41711256
2.0,3.6758335
0.0,0.0118712215
0.0,-0.050185703
0.0,-0.040406194
0.0,-0.0114470115
0.0,-0.017413147
0.0,0.017130494
0.0,0.019910626
0.0,0.05765182
0.0,0.056175828
0.0,0.08554934
0.0,0.090905935
0.0,0.11167122
7.0,0.11319557
0.0,0.40931752
20.0,3.3047838
0.0,0.21945044
0.0,-0.0114470115
0.0,-0.017413147
0.0,0.017130494
0.0,0.019910626
0.0,0.05765182
0.0,0.056175828
0.0,0.041902173
0.0,0.012873202
0.0,-0.004235151
0.0,-0.017973846
0.0,-0.020352012
0.0,-0.023278411
0.0,-0.0029759496
0.0,1.7363219
0.0,0.21362458
7.0,3.3992188
0.0,0.11769458
6.0,0.96355146
0.0,0.024954526
5.0,1.3569437
0.0,0.010083443
2.0,1.5174928
0.0,0.05702597
0.0,0.06018089
0.0,0.08178866
0.0,-0.0114470115
0.0,-0.017413147
0.0,0.013804481
0.0,0.03659829
0.0,0.08576023
0.0,0.08069895
0.0,0.06535155
0.0,0.057778988
0.0,-0.0073150885
0.0,-0.0114470115
0.0,-0.017413147
0.0,0.017130494
0.0,0.019910626
0.0,0.10550475
0.0,0.098556094
0.0,0.07605752
0.0,0.08609329
0.0,0.08204464
0.0,0.06521534
0.0,0.06337398
0.0,0.90080696
0.0,0.81487685
0.0,0.0748882
0.0,0.059628755
0.0,0.09774831
0.0,0.085412495
0.0,0.0641783
0.0,2.4015498
0.0,1.8328432
3.0,3.286835
0.0,0.04800528
0.0,0.0075448747
0.0,0.030735156
3.0,2.162111
0.0,0.007269516
0.0,0.11590054
0.0,0.031971786
0.0,0.083343126
0.0,0.04426129
0.0,0.0745811
0.0,0.039293945
0.0,0.15497915
0.0,0.057632897
1.0,0.10312846
0.0,0.043563396
0.0,-0.012503456
0.0,-0.014044805
0.0,-0.008748194
0.0,-0.00938846
0.0,-0.0114470115
0.0,-0.017413147
0.0,-0.0114470115
0.0,-0.017413147
0.0,-0.0114470115
0.0,-0.017413147
0.0,-0.0114470115
0.0,-0.017413147
0.0,0.013804481
0.0,0.022335732
0.0,0.03333348
0.0,0.025698982
0.0,0.023513746
0.0,0.020787265
0.0,0.015372961
0.0,-0.00024635345
0.0,-0.0035935177
0.0,-0.009005922
0.0,-0.006182344
0.0,-0.05588603
7.0,1.5784622
0.0,0.02730346
0.0,0.5088748
0.0,0.058387056
1.0,2.3012266
0.0,0.07096684
3.0,0.8753204
0.0,0.04036123
0.0,0.10511892
0.0,0.18753825
0.0,1.3928832
0.0,0.02884344
0.0,0.09105902
0.0,0.040685378
0.0,0.08874069
0.0,0.083891414
0.0,0.11782111
0.0,0.15027142
0.0,0.14491378
0.0,0.1472199
0.0,0.15650783
0.0,0.19445965
0.0,0.15839152
0.0,0.15927298
0.0,0.15752612
0.0,0.16377325
0.0,0.1445528
0.0,0.15598258
0.0,0.10819762
0.0,0.17756195
0.0,0.1576952
0.0,0.1592786
0.0,0.10882694
0.0,0.16019073
0.0,0.121436715
0.0,0.14938352
0.0,0.16148871
0.0,0.15086757
0.0,0.1550037
0.0,0.15399113
0.0,0.15380257
0.0,0.12040905
0.0,0.16729033
0.0,0.17055006
0.0,0.15067796
0.0,0.13928135
0.0,0.15532227
0.0,0.11413751
1.0,0.119263686
0.0,0.059390355
0.0,0.030443965
0.0,-0.007998748
0.0,0.024198469
0.0,-0.004546101
0.0,-0.0114470115
0.0,-0.017413147
0.0,0.017130494
0.0,0.019910626
0.0,0.04837444
0.0,0.04629099
0.0,0.048119526
0.0,-0.00074660924
0.0,-0.022642173
0.0,-0.044795137
0.0,-0.044800404
0.0,-0.04724684
0.0,-0.021125674
0.0,2.7177746
0.0,0.25263956
0.0,0.045859534
0.0,0.018349366
0.0,0.040137853
0.0,0.037490156
0.0,0.062448356
0.0,2.1199405
0.0,1.7638061
7.0,2.1086295
0.0,0.043633007
1.0,1.098748
0.0,0.03241013
0.0,0.06981049
0.0,0.07775637
0.0,0.09185812
0.0,0.07985145
0.0,0.08379523
8.0,0.08045511
0.0,0.0579173
0.0,0.9244239
0.0,0.05750193
0.0,0.38400075
0.0,0.06281838
3.0,0.5473446
0.0,0.03800095
0.0,0.07762593
0.0,0.048458494
2.0,0.7478042
0.0,0.029896237
0.0,0.05131941
0.0,0.06219577
0.0,0.068911076
0.0,0.051292077
0.0,-0.0114470115
0.0,-0.017413147
0.0,0.017130494
0.0,0.019910626
0.0,0.09428927
0.0,0.08643591
0.0,0.096954376
1.0,0.13226882
0.0,0.008248597
0.0,0.12468825
0.0,0.045990806
1.0,1.069884
0.0,0.034054507
0.0,2.6299098
0.0,0.039544273
2.0,2.1931846
0.0,0.020459166
22.0,4.4600677
0.0,0.12409019
0.0,-0.0114470115
0.0,-0.017413147
0.0,0.013804481
0.0,0.022335732
0.0,0.02008215
0.0,0.024331665
0.0,0.022823473
0.0,0.0191436
0.0,0.02214972
0.0,0.01852844
0.0,0.016122812
0.0,0.025053373
0.0,-0.020679047
0.0,-0.0114470115
0.0,-0.017413147
0.0,-0.0114470115
0.0,-0.017413147
0.0,0.013804481
0.0,0.022335732
0.0,0.02008215
0.0,0.024331665
0.0,0.022823473
0.0,0.0191436
0.0,0.02214972
0.0,0.06345897
0.0,0.0066928593
0.0,-0.018128878
0.0,-0.017792266
0.0,-0.024851298
0.0,-0.02014206
0.0,0.15641376
0.0,0.6168488
0.0,0.71504563
6.0,1.1272862
0.0,0.042458717
0.0,0.024797317
0.0,0.039000902
0.0,0.796784
0.0,0.04497697
0.0,0.028220907
0.0,0.027882574
0.0,-0.0114470115
0.0,-0.017413147
0.0,-0.0114470115
0.0,-0.017413147
0.0,-0.0114470115
0.0,-0.017413147
0.0,0.017130494
0.0,0.019910626
0.0,0.04837444
0.0,0.04629099
0.0,0.030551804
0.0,-0.042815264
0.0,-0.0114470115
0.0,-0.017413147
0.0,0.013804481
0.0,0.022335732
0.0,0.03333348
0.0,0.025698982
0.0,0.023513746
0.0,0.022280738
0.0,-0.010081846
0.0,-0.027945828
0.0,-0.027512524
0.0,-0.03391219
0.0,-0.029854085
0.0,-0.08570024
7.0,3.39752
0.0,0.024433753
3.0,0.2269504
0.0,0.058096092
0.0,0.091208324
0.0,0.07184459
0.0,0.07081634
0.0,0.064212956
0.0,0.07122246
0.0,0.10120868
0.0,0.12878907
8.0,0.17211764
0.0,0.10220676
2.0,0.5962894
0.0,0.103776075
0.0,0.11038949
0.0,0.04520085
1.0,0.21311781
0.0,0.040188365
0.0,0.072168104
0.0,0.06900658
0.0,-0.0114470115
0.0,-0.017413147
0.0,0.017130494
0.0,0.019910626
0.0,0.04837444
0.0,0.04629099
0.0,0.03383194
0.0,0.035937507
0.0,0.056977917
0.0,-0.021634467
0.0,-0.0114470115
0.0,-0.017413147
0.0,0.013804481
0.0,0.012500315
0.0,0.013119682
0.0,0.0067230044
0.0,0.009003009
0.0,0.04374125
1.0,0.04244362
0.0,0.030679248
0.0,0.20012818
0.0,0.07916429
0.0,0.15307415
0.0,0.057959504
0.0,0.13425964
0.0,0.10502677
0.0,0.6955122
0.0,0.29036757
0.0,0.50431883
0.0,0.13752754
0.0,0.11406835
0.0,1.0146145
0.0,1.2385912
0.0,0.7675866
0.0,0.4884203
0.0,0.9303226
0.0,0.79125077
0.0,1.4505594
0.0,1.3344723
0.0,1.3788611
0.0,-0.015892975
0.0,-0.0114470115
0.0,-0.017413147
0.0,0.013804481
0.0,0.012500315
0.0,-0.016412053
0.0,-0.0114470115
0.0,-0.017413147
0.0,0.013804481
0.0,0.016205244
0.0,0.04035001
0.0,0.033032488
0.0,0.027323725
0.0,0.03222212
0.0,0.043759085
0.0,0.04998396
0.0,0.040153354
0.0,0.064938106
0.0,0.06891201
0.0,0.17492017
0.0,0.09876733
0.0,0.1992171
1.0,0.12073117
0.0,0.051396396
1.0,0.37958124
0.0,0.044265192
0.0,-0.016809031
0.0,-0.0114470115
0.0,-0.017413147
0.0,0.017130494
0.0,0.019910626
0.0,0.09428927
0.0,0.08643591
0.0,0.06037131
0.0,0.018806862
0.0,0.012644074
0.0,-0.0072032986
0.0,0.001793985
0.0,-0.0024115024
0.0,-0.03808667
0.0,1.4800181
0.0,0.5988136
0.0,0.030120475
0.0,-0.036265302
0.0,-0.027310198
0.0,-0.03261727
0.0,-0.03375815
7.0,2.723596
0.0,0.14422464
1.0,0.7808198
0.0,0.10104916
1.0,0.95427793
0.0,0.0649759
6.0,0.6953951
0.0,0.048165984
3.0,0.4396892
0.0,0.012623783
0.0,0.10889974
0.0,0.007442407
3.0,1.0616443
0.0,0.0126616545
0.0,0.07510844
0.0,-0.007044619
0.0,0.14549021
0.0,0.10539869
0.0,0.13547245
0.0,0.03987891
0.0,0.13359219
4.0,0.1394007
0.0,0.1243792
0.0,0.16023186
0.0,0.14753906
0.0,0.26339278
0.0,0.119032204
0.0,0.1525494
0.0,0.035856217
0.0,0.25625426
0.0,0.14384702
0.0,0.25349632
0.0,0.04352489
0.0,0.07233388
0.0,0.07801655
0.0,0.06710422
0.0,-0.0114470115
0.0,-0.017413147
0.0,0.017130494
0.0,0.019910626
0.0,0.046098515
1.0,0.058705557
0.0,0.017061032
5.0,0.08476028
0.0,0.050865944
22.0,4.129482
0.0,0.84614456
0.0,-0.0114470115
0.0,-0.017413147
0.0,0.013804481
0.0,0.016205244
0.0,0.04035001
0.0,0.033032488
0.0,0.027323725
0.0,0.036386542
0.0,0.039753668
0.0,0.03643561
0.0,-0.026588261
0.0,-0.0114470115
0.0,-0.017413147
0.0,-0.0114470115
0.0,-0.017413147
0.0,0.017130494
0.0,0.019910626
0.0,0.046098515
0.0,0.010297548
0.0,-0.003158137
0.0,0.0043847114
0.0,-0.024842761
0.0,-0.044896465
0.0,-0.046729207
0.0,2.5565627
0.0,-0.020877574
0.0,3.8425965
0.0,0.28862274
0.0,0.019025806
0.0,0.012632852
0.0,0.016862405
0.0,0.014096964
0.0,0.036447592
0.0,2.1297572
0.0,1.5309219
7.0,1.8989346
0.0,0.0753743
6.0,0.19922118
0.0,0.00783262
7.0,0.85971975
0.0,0.011154782
0.0,1.1581608
0.0,0.039781734
0.0,1.214871
0.0,0.0550347
0.0,0.48319042
0.0,0.049783457
0.0,0.29734045
0.0,0.16436434
0.0,0.915886
0.0,0.4418229
0.0,0.04002776
0.0,0.046682876
0.0,-0.0114470115
0.0,-0.017413147
0.0,0.013804481
0.0,0.012500315
0.0,-0.016412053
0.0,-0.0114470115
0.0,-0.017413147
0.0,-0.0114470115
0.0,-0.017413147
0.0,0.013804481
0.0,0.012500315
0.0,-0.016412053
0.0,-0.0114470115
0.0,-0.017413147
0.0,0.017130494
0.0,0.019910626
0.0,0.05765182
0.0,0.056175828
0.0,0.05646294
0.0,0.013407124
0.0,0.0015302538
0.0,-0.015437152
0.0,-0.015932469
0.0,-0.020994633
0.0,-0.017748341
0.0,1.6230413
0.0,0.25340897
6.0,5.0554442
0.0,0.13563481
1.0,0.81160724
0.0,0.07128802
1.0,1.4993716
0.0,0.060751315
0.0,1.3269982
0.0,0.078489855
1.0,1.123911
0.0,0.11984407
5.0,1.7591636
0.0,0.0946729
4.0,1.4339854
0.0,0.10608108
4.0,1.3440135
0.0,0.14387164
0.0,0.43462288
0.0,0.072223276
0.0,0.9253464
0.0,0.07384483
0.0,1.5622746
0.0,0.10894329
0.0,1.700891
0.0,-0.0114470115
0.0,-0.017413147
0.0,0.017130494
0.0,0.019910626
0.0,0.09428927
0.0,0.08643591
0.0,0.07558797
0.0,0.08725284
0.0,0.08241659
0.0,0.022890173
0.0,0.02560941
0.0,0.017937824
0.0,0.0026827066
0.0,-0.0034200696
0.0,0.0010096817
0.0,0.7382137
0.0,0.55976975
0.0,-0.03499359
0.0,0.019498855
0.0,0.011965456
0.0,0.011145156
0.0,0.25041288
0.0,0.31058508
0.0,0.5089025
7.0,2.871654
0.0,0.045522418
6.0,1.0719273
0.0,0.0055972515
5.0,0.8879105
0.0,0.0056750206
5.0,0.99798286
0.0,0.0074864593
0.0,-0.0114470115
0.0,-0.017413147
0.0,0.017130494
0.0,0.019910626
0.0,0.046098515
0.0,0.058705557
0.0,0.043451402
0.0,0.045506205
0.0,0.072648905
0.0,0.07796401
0.0,0.087206125
0.0,0.012784844
0.0,0.0069392635
0.0,0.0031522855
0.0,-0.018984996
0.0,-0.018821023
0.0,0.03032835
7.0,2.0105553
0.0,0.012265488
7.0,2.0191665
0.0,0.0032163246
0.0,-0.0114470115
0.0,-0.017413147
0.0,0.017130494
0.0,0.019910626
0.0,0.058194634
0.0,0.023656162
0.0,-0.025260536
0.0,-0.0114470115
0.0,-0.017413147
0.0,0.017130494
0.0,0.019910626
0.0,0.058194634
0.0,0.023656162
0.0,0.008742318
0.0,0.011286863
0.0,-0.011096823
0.0,-0.02431302
0.0,-0.015315559
7.0,1.1404996
0.0,0.116073176
0.0,1.739913
0.0,0.17964521
0.0,1.8466046
0.0,0.06323033
1.0,1.7906988
0.0,0.05873289
1.0,0.91518056
0.0,0.045076016
5.0,1.4983217
0.0,0.005862604
0.0,0.36824134
0.0,0.011735036
0.0,1.6728477
0.0,0.027064858
2.0,1.2567099
0.0,0.027797636
4.0,1.4804165
0.0,0.048336215
0.0,0.17753382
0.0,0.04629489
4.0,1.674723
0.0,-0.012108582
0.0,0.6503021
0.0,0.014984825
0.0,0.8402429
0.0,0.060226742
0.0,0.40941113
0.0,0.03068999
0.0,0.33922267
0.0,-0.0114470115
0.0,-0.017413147
0.0,0.017130494
0.0,0.019910626
0.0,0.10681855
0.0,0.065242395
0.0,0.056836866
0.0,0.03695879
0.0,0.004576221
0.0,-0.020113334
0.0,-0.0063078133
5.0,4.5769944
0.0,0.110108815
0.0,0.09190019
0.0,0.114532284
0.0,2.3024647
0.0,0.11246302
0.0,0.18055832
0.0,0.08672094
0.0,0.23028217
0.0,0.3473668
0.0,0.34564167
0.0,0.109123655
0.0,0.11168307
0.0,0.08436208
0.0,-0.0076625673
0.0,-0.03363341
0.0,-0.0114470115
0.0,-0.017413147
0.0,0.017130494
0.0,0.019910626
0.0,0.05337411
0.0,0.038425513
0.0,0.023704242
0.0,0.03114974
0.0,0.13701312
1.0,0.18325807
0.0,0.037371904
0.0,0.0922023
0.0,0.044321023
0.0,1.8650355
0.0,0.044142127
0.0,-0.046655692
0.0,-0.0114470115
0.0,-0.017413147
0.0,-0.0114470115
0.0,-0.017413147
0.0,0.017130494
0.0,0.019910626
0.0,0.10681855
0.0,0.079424605
0.0,0.05336441
0.0,0.061251115
0.0,0.08842946
0.0,0.07724615
0.0,0.09216182
0.0,0.2717514
0.0,0.24727577
1.0,1.5216987
0.0,0.015636362
0.0,1.3053701
0.0,0.03239407
7.0,2.0178208
0.0,0.04287158
17.0,2.7516634
0.0,0.076788306
0.0,0.08331268
0.0,-0.0114470115
0.0,-0.017413147
0.0,-0.0114470115
0.0,-0.017413147
0.0,-0.0114470115
0.0,-0.017413147
0.0,0.013804481
0.0,0.07133296
0.0,0.051704988
0.0,0.052094392
0.0,-0.013158618
0.0,-0.0114470115
0.0,-0.017413147
0.0,0.013804481
0.0,0.022335732
0.0,0.02008215
0.0,0.022956593
0.0,-0.012896203
0.0,-0.0114470115
0.0,-0.017413147
0.0,0.2969093
0.0,0.08016523
0.0,0.07298314
0.0,0.08907365
0.0,-0.009727985
0.0,-0.0114470115
0.0,-0.017413147
0.0,0.013804481
0.0,0.07133296
0.0,0.051704988
0.0,0.04759984
0.0,0.032559313
0.0,0.035777055
0.0,0.03285691
0.0,0.029866295
0.0,0.038523853
0.0,0.039254855
0.0,0.03347843
0.0,0.056840185
0.0,0.051901564
0.0,0.051134437
0.0,0.044816997
0.0,0.043038692
0.0,0.042605795
0.0,0.09717666
0.0,0.0801687
0.0,0.09751984
0.0,0.08541506
0.0,0.08598373
0.0,0.08690445
0.0,0.07889825
0.0,0.074813426
0.0,0.82981056
0.0,0.54780596
0.0,1.0146118
1.0,1.8470932
0.0,0.122596264
5.0,3.5685318
0.0,0.0379458
2.0,1.3648484
0.0,0.044363126
0.0,0.08963797
0.0,0.03258302
0.0,2.1570013
0.0,0.030136866
0.0,0.061212484
0.0,0.03061678
0.0,0.06374137
0.0,0.05661169
0.0,0.042915553
0.0,0.04144592
0.0,0.05638259
0.0,0.05493821
0.0,0.0783371
0.0,0.061802212
0.0,0.07313037
0.0,0.05919064
0.0,0.077320404
3.0,0.06645086
0.0,0.155413
0.0,0.16938257
0.0,0.05180001
0.0,0.19072597
0.0,0.054143902
0.0,0.027370209
0.0,0.020126253
0.0,-0.0154980505
0.0,-0.012777675
0.0,-0.0114470115
0.0,-0.017413147
0.0,0.017130494
0.0,0.019910626
0.0,0.06799649
0.0,0.039001156
0.0,0.020125594
0.0,0.025949819
0.0,0.011145055
0.0,0.0043042568
0.0,0.011977919
0.0,0.50560266
0.0,0.07686577
7.0,4.2797256
0.0,0.22628494
6.0,1.505392
0.0,0.09595189
3.0,0.9529108
0.0,0.15249519
6.0,0.84563625
0.0,0.019537639
0.0,0.10863303
0.0,0.057468064
6.0,1.6446972
0.0,0.033064306
0.0,0.024944723
0.0,0.06882606
0.0,0.08475536
0.0,0.07226791
0.0,-0.0114470115
0.0,-0.017413147
0.0,0.017130494
0.0,0.019910626
0.0,0.058194634
0.0,0.057614177
0.0,0.038374495
0.0,0.039182458
0.0,0.06370829
0.0,0.05676652
0.0,0.088390246
1.0,0.21221429
0.0,0.025280068
0.0,2.0166898
0.0,0.01996281
0.0,0.5056908
0.0,0.030503977
0.0,0.74874693
0.0,0.041210283
2.0,1.9781713
0.0,0.017039273
0.0,3.1231854
0.0,0.028887264
1.0,2.731215
0.0,0.016962364
0.0,-0.0354144
0.0,-0.0114470115
0.0,-0.017413147
0.0,0.013804481
0.0,0.016205244
0.0,-0.010247644
0.0,-0.0114470115
0.0,-0.017413147
0.0,0.013804481
0.0,0.016205244
0.0,-0.010247644
0.0,-0.0114470115
0.0,-0.017413147
0.0,-0.0114470115
0.0,-0.017413147
0.0,-0.0114470115
0.0,-0.017413147
0.0,0.013804481
0.0,0.016205244
0.0,-0.010247644
0.0,-0.0114470115
0.0,-0.017413147
0.0,-0.0114470115
0.0,-0.017413147
0.0,-0.0114470115
0.0,-0.017413147
0.0,0.013804481
0.0,0.016205244
0.0,-0.010247644
0.0,-0.0114470115
0.0,-0.017413147
0.0,-0.0114470115
0.0,-0.017413147
0.0,0.017130494
0.0,0.019910626
0.0,0.10681855
1.0,0.079424605
0.0,0.025357507
0.0,0.25812778
0.0,0.043683037
0.0,0.012136396
0.0,0.021817567
0.0,-0.004620349
0.0,0.044515245
0.0,-0.038013667
0.0,0.008181366
7.0,5.288392
0.0,0.024516992
0.0,1.7417774
0.0,0.080970205
6.0,1.4960872
0.0,0.00558033
1.0,1.4276388
0.0,0.044579662
4.0,0.461324
0.0,0.07382543
0.0,0.22656648
0.0,0.065268666
2.0,0.41648826
0.0,0.03133732
0.0,1.849465
0.0,0.0724351
4.0,0.27936122
0.0,0.07226908
0.0,1.2085696
0.0,0.033832014
0.0,0.2070424
0.0,0.09757258
0.0,-0.0114470115
0.0,-0.017413147
0.0,-0.0114470115
0.0,-0.017413147
0.0,-0.0114470115
0.0,-0.017413147
0.0,0.013804481
0.0,0.016205244
0.0,-0.010247644
0.0,-0.0114470115
0.0,-0.017413147
0.0,-0.0114470115
0.0,-0.017413147
0.0,0.013804481
0.0,0.016205244
0.0,0.04035001
0.0,0.033032488
0.0,0.027323725
0.0,0.02586734
0.0,0.042121574
0.0,0.057330765
0.0,0.052970625
0.0,0.069222786
0.0,0.058437973
0.0,0.096850924
0.0,0.025129063
0.0,0.032926247
0.0,0.03453741
0.0,0.024817582
0.0,0.024239963
0.0,0.11144649
0.0,1.1086273
0.0,0.4821925
7.0,1.0768093
0.0,0.06824986
0.0,0.7628886
0.0,0.03816016
0.0,0.55898196
0.0,0.040840942
0.0,0.05220038
0.0,0.031360272
1.0,0.273909
0.0,0.030457973
0.0,0.050191835
0.0,0.033492845
0.0,0.048213687
0.0,0.029881341
0.0,-0.0114470115
0.0,-0.017413147
0.0,0.017130494
0.0,0.019910626
0.0,0.046098515
1.0,0.058705557
0.0,0.02101809
0.0,0.096131034
0.0,0.026687892
0.0,0.140531
0.0,0.058942586
0.0,0.66431427
0.0,0.041027233
0.0,0.11772994
0.0,0.2997417
0.0,0.3464382
0.0,0.07166248
0.0,0.074129105
0.0,0.084702775
0.0,0.112656854
0.0,0.10991989
0.0,0.1341074
0.0,0.137264
0.0,0.11975863
0.0,0.11603259
0.0,0.30484703
0.0,0.74497277
0.0,0.56435734
0.0,0.74914104
0.0,1.6256142
0.0,0.97019494
0.0,1.0773889
0.0,0.74061525
0.0,0.73260176
0.0,0.830647
1.0,0.83748627
0.0,0.023688003
0.0,1.3361834
0.0,0.042990282
0.0,-0.04820292
0.0,-0.0114470115
0.0,-0.017413147
0.0,0.013804481
0.0,0.012498517
0.0,0.0017972022
0.0,0.0045722183
0.0,0.0017228782
0.0,0.00012833177
0.0,0.0038892939
0.0,0.0054475144
0.0,-0.010353558
0.0,-0.0114470115
0.0,-0.017413147
0.0,0.017130494
0.0,0.019910626
0.0,0.058194634
0.0,0.023656162
0.0,0.00017076283
0.0,0.009185069
0.0,-0.012325018
0.0,-0.025080832
0.0,-0.016345734
0.0,0.97836334
0.0,0.050121944
0.0,3.8485172
0.0,0.123071924
2.0,2.5272903
0.0,0.0006378337
0.0,1.2287626
0.0,0.0011710718
3.0,1.3412896
0.0,0.0025805174
0.0,0.019961089
0.0,0.0033730029
0.0,0.17334078
0.0,0.017373048
0.0,0.03930215
0.0,0.03129355
0.0,0.045751266
0.0,0.037223738
0.0,0.044405606
0.0,0.04140372
0.0,0.11677252
0.0,0.12347315
0.0,0.12970431
0.0,0.03868266
0.0,0.0497183
0.0,0.041283466
0.0,-0.035460405
0.0,-0.042467177
0.0,-0.038499154
0.0,-0.042584542
0.0,-0.0114470115
0.0,-0.017413147
0.0,0.017130494
0.0,0.019910626
0.0,0.058194634
0.0,0.057614177
0.0,0.03919824
0.0,0.04395561
0.0,0.08988382
0.0,0.10518428
0.0,0.07381499
0.0,0.1535951
0.0,0.11053657
0.0,1.3667988
0.0,0.19499879
0.0,0.18485141
0.0,0.12685715
0.0,0.21909618
0.0,0.6326808
0.0,0.021224141
0.0,0.024770135
0.0,-0.006196378
0.0,-0.006162788
0.0,0.000515455
0.0,0.0005879551
6.0,1.4747989
0.0,0.03312809
0.0,1.9714016
0.0,0.053879738
1.0,1.3409861
0.0,0.05063613
3.0,0.9800966
0.0,0.030862955
0.0,0.08699091
0.0,0.017793102
0.0,0.48704356
0.0,0.019155836
0.0,0.031402655
0.0,0.019474283
0.0,0.07131416
0.0,0.07523173
0.0,0.12361134
0.0,0.08822921
0.0,0.086894825
0.0,0.10128853
0.0,0.115259364
0.0,0.08280731
0.0,0.007755181
0.0,-0.0114470115
0.0,-0.017413147
0.0,0.013804481
0.0,0.03132704
0.0,0.05481084
0.0,0.049097568
0.0,0.03367582
0.0,0.03280384
0.0,-0.020051321
0.0,-0.0114470115
0.0,-0.017413147
0.0,0.013804481
0.0,0.012498517
0.0,0.008281883
0.0,0.004250933
0.0,0.0056200502
0.0,0.004423773
0.0,-0.011084664
0.0,-0.030661136
0.0,-0.030313151
0.0,-0.04302646
0.0,-0.04356709
0.0,-0.062241342
7.0,2.3376307
0.0,0.018247455
0.0,0.53016824
0.0,0.033746824
0.0,0.10585109
0.0,0.015735816
1.0,0.34363648
0.0,0.04825034
0.0,0.054143798
0.0,0.054662596
0.0,0.076826096
0.0,0.09595468
0.0,0.07988818
0.0,0.120590195
0.0,0.1250787
0.0,0.06060667
0.0,0.054912828
0.0,0.061507273
0.0,0.022600528
0.0,0.004979253
0.0,-0.005120757
0.0,0.0018295258
0.0,-0.0114470115
0.0,-0.017413147
0.0,0.013804481
0.0,0.012498517
0.0,-0.018644257
0.0,-0.0114470115
0.0,-0.017413147
0.0,0.017130494
0.0,0.019910626
0.0,0.046098515
0.0,-0.004877874
0.0,-0.0114470115
0.0,-0.017413147
0.0,0.013804481
0.0,0.012498517
0.0,0.0017972022
0.0,0.0045722183
0.0,-0.017692255
0.0,-0.0114470115
0.0,-0.017413147
0.0,-0.0114470115
0.0,-0.017413147
0.0,-0.0114470115
0.0,-0.017413147
0.0,0.013804481
0.0,0.012498517
0.0,0.008281883
0.0,0.004250933
0.0,0.0056200502
0.0,0.0064809825
0.0,0.002663201
0.0,0.0013718277
0.0,0.01832292
0.0,0.024764638
0.0,0.051312547
0.0,0.09830366
0.0,0.078683436
0.0,0.10523203
0.0,0.0993525
0.0,0.09637346
0.0,0.1427655
0.0,0.11145865
0.0,-0.023418877
0.0,-0.0114470115
0.0,-0.017413147
0.0,0.013804481
0.0,0.01909547
0.0,-0.012141361
0.0,-0.0114470115
0.0,-0.017413147
0.0,0.013804481
0.0,0.012498517
0.0,0.0017972022
0.0,0.0045722183
0.0,-0.008979627
0.0,-0.012453046
0.0,-0.007324639
0.0,-0.011754694
1.0,0.09324608
0.0,0.020331746
0.0,0.13621965
0.0,0.021764243
1.0,0.19740166
0.0,0.016434498
0.0,-0.007980357
0.0,-0.0114470115
0.0,-0.017413147
0.0,-0.0114470115
0.0,-0.017413147
0.0,0.017130494
0.0,0.019910626
0.0,0.046098515
0.0,0.058705557
0.0,0.06720694
0.0,0.067957856
0.0,0.07402801
0.0,0.07422686
0.0,0.07670826
0.0,0.09628984
0.0,0.058563825
1.0,0.09207192
0.0,0.026318349
0.0,0.72330385
0.0,0.027462797
0.0,0.011889207
0.0,0.030449767
0.0,0.012350603
0.0,0.07239439
0.0,0.0054446515
0.0,0.10908264
6.0,1.8301574
0.0,0.030089317
5.0,2.624917
0.0,0.020098235
0.0,0.18876183
0.0,0.014191909
1.0,2.059707
0.0,0.010018491
0.0,0.06297954
0.0,0.011771007
0.0,0.059924252
0.0,0.06413562
0.0,0.06218356
0.0,0.0517098
0.0,0.083305866
0.0,0.075901
0.0,0.11263244
0.0,0.0969851
0.0,0.10004888
0.0,0.09092826
0.0,0.08128412
0.0,0.06697789
0.0,0.06264556
0.0,0.057465833
0.0,0.12763137
0.0,0.050787643
0.0,0.11460564
0.0,0.12354978
0.0,0.09270539
0.0,0.15554354
2.0,0.075699836
0.0,0.0681135
0.0,-0.017682705
0.0,-0.02574757
0.0,-0.022264423
0.0,-0.021715175
0.0,-0.0114470115
0.0,-0.017413147
0.0,0.017130494
0.0,0.019910626
0.0,0.046098515
0.0,0.058705557
0.0,0.065378025
0.0,0.009423241
0.0,-0.008303415
0.0,-0.018549565
0.0,-0.013111145
0.0,-0.016793983
0.0,0.04591648
0.0,2.4179366
0.0,0.544277
6.0,3.1900835
0.0,0.023533808
0.0,0.0023583306
0.0,0.02214435
1.0,1.7649636
0.0,0.007094472
0.0,0.059507947
0.0,0.02269955
0.0,0.023579355
0.0,0.027078182
0.0,0.03049886
0.0,0.029850742
0.0,0.04805931
0.0,0.04357535
0.0,0.057482805
0.0,0.06430142
0.0,0.06821807
3.0,0.060180232
0.0,0.11955551
0.0,0.020688064
0.0,0.021807738
0.0,0.042993274
0.0,0.026641231
0.0,0.037493497
0.0,0.029620778
0.0,0.028670069
0.0,0.030099222
0.0,0.03520658
0.0,0.03728474
0.0,0.042737927
0.0,0.039652187
0.0,0.043467008
0.0,0.043999255
1.0,0.05338141
0.0,0.08999474
0.0,0.11537153
0.0,0.042494535
0.0,0.063281395
0.0,0.05632382
0.0,-0.023982767
0.0,-0.018044345
0.0,-0.025077133
0.0,-0.028717997
0.0,-0.0114470115
0.0,-0.017413147
0.0,-0.0114470115
0.0,-0.017413147
0.0,0.013804481
0.0,0.012936126
0.0,-0.002828872
0.0,-0.00018808989
0.0,-0.015538733
0.0,-0.017921155
0.0,-0.010778755
0.0,-0.013782646
0.0,-0.033997536
0.0,-0.042010646
0.0,-0.040464383
0.0,-0.04248904
0.0,-0.043577783
0.0,0.035405383
0.0,0.1387615
0.0,0.055240925
4.0,1.812575
0.0,0.031727333
6.0,1.8616471
0.0,0.053580746
2.0,1.190419
0.0,0.048337054
0.0,0.13663676
0.0,0.04128372
0.0,1.884512
0.0,0.031033263
0.0,0.08068345
0.0,0.0417211
0.0,0.080427445
0.0,0.04262626
0.0,-0.0114470115
0.0,-0.017413147
0.0,0.013804481
0.0,0.012498517
0.0,0.0017972022
0.0,0.0045722183
0.0,-0.008979627
0.0,-0.012453046
0.0,-0.007324639
0.0,-0.011754694
0.0,-0.011210259
0.0,-0.02062904
0.0,-0.018868215
0.0,-0.023509616
0.0,-0.025701566
0.0,-0.025207518
7.0,1.3222108
0.0,0.12231741
1.0,0.9224116
0.0,0.028997434
0.0,0.026443135
0.0,0.061169673
0.0,-0.0114470115
0.0,-0.017413147
0.0,0.017130494
0.0,0.019910626
0.0,0.028458394
0.0,-0.0051494837
0.0,-0.027400834
0.0,-0.024794986
0.0,-0.039205637
0.0,-0.045902092
0.0,-0.030633297
0.0,1.4984555
0.0,-0.06642996
0.0,3.1160808
0.0,0.09222857
6.0,2.4085262
0.0,0.04908156
1.0,0.5107424
0.0,0.022256393
0.0,0.05761395
0.0,0.04367511
1.0,1.4787111
0.0,0.015007522
0.0,0.015391935
0.0,0.023445096
0.0,0.036668234
0.0,0.033342347
0.0,0.052777495
0.0,0.050618045
0.0,0.050155178
0.0,0.05351311
0.0,0.080087945
0.0,0.094855525
0.0,0.10285807
0.0,0.03404498
0.0,0.04273671
0.0,0.03875559
0.0,0.050761677
0.0,0.044921085
0.0,0.050853252
5.0,0.047938682
0.0,0.10695466
0.0,0.13295494
0.0,0.11221897
0.0,0.16543382
0.0,0.1238983
0.0,0.13451496
0.0,0.1153724
0.0,0.13736872
0.0,0.13460296
0.0,0.13948883
0.0,0.031873878
0.0,-0.0114470115
0.0,-0.017413147
0.0,0.013804481
0.0,0.012498517
0.0,-0.018644257
0.0,-0.0114470115
0.0,-0.017413147
0.0,-0.0114470115
0.0,-0.017413147
0.0,0.017130494
0.0,0.019910626
0.0,0.046098515
0.0,0.058705557
0.0,0.046004787
0.0,0.024962379
0.0,0.026123952
0.0,0.017541276
0.0,0.0071177776
0.0,0.0012091964
0.0,0.0033469617
0.0,1.1146811
0.0,0.099265136
7.0,2.1943264
0.0,0.044734795
0.0,1.2191787
0.0,0.037889183
0.0,0.081393704
0.0,0.029999768
1.0,0.49024916
0.0,0.02288987
0.0,0.026484223
0.0,0.03634092
0.0,0.043700084
0.0,0.035657994
1.0,0.05970708
0.0,0.028605776
0.0,0.024691833
0.0,0.02556067
2.0,0.037462972
0.0,0.015120706
0.0,-0.0025720058
0.0,-0.0032325878
0.0,-0.00037977693
0.0,-0.014320063
0.0,-0.0114470115
0.0,-0.017413147
0.0,-0.0114470115
0.0,-0.017413147
0.0,0.013804481
0.0,0.012498517
0.0,0.0017972022
0.0,0.0045722183
0.0,0.0017228782
0.0,0.00012833177
0.0,0.0038892939
0.0,0.0054475144
0.0,-0.010353558
0.0,-0.0114470115
0.0,-0.017413147
0.0,0.017130494
0.0,0.019910626
0.0,0.058194634
0.0,0.023656162
0.0,0.00017076283
0.0,0.009185069
0.0,-0.012325018
0.0,-0.025080832
0.0,-0.016345734
0.0,0.97836334
0.0,0.050121944
3.0,3.8485172
0.0,0.025317052
0.0,0.009837064
0.0,0.026084332
0.0,2.4730992
0.0,0.048046697
0.0,0.04243009
0.0,0.029209943
0.0,0.05566853
0.0,0.04559869
0.0,0.054619636
1.0,0.084306076
0.0,0.13235368
0.0,0.14084412
0.0,0.14534777
0.0,0.06314536
0.0,0.05743564
0.0,0.058658514
0.0,0.04794223
0.0,0.045475982
0.0,0.052901343
0.0,0.053737525
0.0,0.05415089
0.0,0.054628704
0.0,0.054078672
0.0,0.05052401
0.0,0.043917384
0.0,0.05305916
0.0,0.05458554
0.0,0.0550767
0.0,0.06835575
1.0,0.04894431
0.0,0.043641847
0.0,0.08270945
0.0,0.052421074
0.0,0.06365271
0.0,0.056827214
0.0,0.07506431
0.0,-0.04052376
0.0,-0.04228408
0.0,-0.0386499
0.0,-0.0432569
0.0,-0.0114470115
0.0,-0.017413147
0.0,0.013804481
0.0,0.012498517
0.0,-0.018644257
0.0,-0.0114470115
0.0,-0.017413147
0.0,-0.0114470115
0.0,-0.017413147
0.0,0.013804481
0.0,0.012498517
0.0,0.0017972022
0.0,0.0045722183
0.0,0.0017228782
0.0,0.0012644201
0.0,0.0029742522
0.0,0.005237335
0.0,-0.0101995645
0.0,-0.0114470115
0.0,-0.017413147
0.0,-0.0114470115
0.0,-0.017413147
0.0,-0.0114470115
0.0,-0.017413147
0.0,0.013804481
0.0,0.012498517
0.0,0.0017972022
0.0,0.0045722183
0.0,0.0017228782
0.0,0.00012833177
0.0,-0.0016644626
0.0,-0.0114470115
0.0,-0.017413147
0.0,0.017130494
0.0,0.019910626
0.0,0.10681855
0.0,0.079424605
0.0,0.057694886
0.0,0.03513874
0.0,0.028713336
0.0,0.007594627
0.0,0.01094093
0.0,0.016235363
0.0,-8.116364e-05
0.0,1.689714
0.0,0.1324902
0.0,-0.029988091
0.0,-0.048116412
0.0,-0.04915211
0.0,-0.043284364
0.0,0.032627583
0.0,1.4471298
0.0,1.6105405
7.0,1.9367988
0.0,0.2083396
15.000001,2.4666393
0.0,0.08544948
6.0,0.27289513
0.0,0.10788637
0.0,-0.0114470115
0.0,-0.017413147
0.0,-0.0114470115
0.0,-0.017413147
0.0,0.017130494
0.0,0.019910626
0.0,0.046098515
0.0,0.058705557
0.0,0.046839807
0.0,0.06897111
0.0,0.06590001
0.0,-0.0038269518
0.0,-0.0036847887
0.0,-0.010517987
0.0,-0.015812116
0.0,-0.018386504
0.0,-0.041701343
7.0,1.8365601
0.0,0.03671634
0.0,0.014674305
0.0,0.059848003
0.0,-0.0114470115
0.0,-0.017413147
0.0,0.017130494
0.0,0.019910626
0.0,0.046098515
0.0,0.010297548
0.0,-0.003158137
0.0,0.0043847114
0.0,-0.024842761
0.0,-0.044896465
0.0,-0.046729207
0.0,2.5565627
0.0,-0.020877574
0.0,-0.07021278
0.0,-0.08283806
0.0,-0.065705314
0.0,-0.04417073
0.0,-0.06584763
0.0,-0.04416371
0.0,-0.036759835
0.0,2.6170628
0.0,1.72406
6.0,1.8982524
0.0,0.023063647
0.0,0.037803333
0.0,0.02682471
0.0,1.6087153
0.0,0.021597102
0.0,0.024616344
0.0,0.021727638
0.0,0.027752215
0.0,0.025783844
0.0,0.041930065
0.0,0.033877157
0.0,0.040796787
0.0,0.03320272
0.0,0.051231027
0.0,0.046939842
0.0,0.05476707
0.0,0.03188039
0.0,0.038716704
0.0,0.043592323
0.0,0.05659168
6.0,0.06563314
0.0,0.1534563
0.0,0.20137781
0.0,0.12615019
0.0,0.30803558
0.0,0.13102888
0.0,0.1533322
0.0,0.10914676
0.0,0.117126785
0.0,0.10472045
0.0,0.106558435
0.0,0.091424406
0.0,0.104849845
0.0,0.100529656
3.0,0.10711417
0.0,0.16534002
0.0,0.07116065
3.0,0.12377075
0.0,0.111557804
0.0,0.07750378
0.0,0.07024298
0.0,0.08115592
0.0,0.07158879
0.0,0.07533534
0.0,-0.0114470115
0.0,-0.017413147
0.0,0.017130494
0.0,0.019910626
0.0,0.10681855
0.0,0.079424605
0.0,0.07649344
0.0,0.01894411
0.0,0.0059827026
0.0,-0.026280047
0.0,-0.019201027
0.0,-0.02497469
0.0,-0.036234602
6.0,3.0455182
0.0,0.051915575
0.0,0.09441652
0.0,0.06941265
1.0,1.8298551
0.0,0.049672224
0.0,0.05091007
0.0,0.04208426
0.0,0.056622177
0.0,0.047897898
0.0,0.080902345
0.0,0.06259951
0.0,0.11984552
0.0,0.11491718
0.0,0.14772475
0.0,0.073283926
0.0,0.070356995
0.0,0.055735152
0.0,0.006635913
0.0,0.028486386
0.0,0.004665263
0.0,-0.0035435124
0.0,-0.0114470115
0.0,-0.017413147
0.0,0.017130494
0.0,0.019910626
0.0,0.046098515
0.0,0.058705557
0.0,0.045133848
0.0,0.029479172
0.0,0.04032703
0.0,0.015537365
0.0,0.010486398
0.0,0.0049646106
0.0,-0.0034452497
7.0,4.1436434
0.0,0.25957412
7.0,2.0456393
0.0,0.021074377
9.0,1.2446889
0.0,0.049004853
0.0,0.38228786
0.0,0.04664295
0.0,0.18330851
0.0,0.051031437
0.0,0.22430651
0.0,-0.0114470115
0.0,-0.017413147
0.0,0.013804481
0.0,0.017111925
0.0,0.0557062
0.0,0.05240557
0.0,0.04576472
0.0,0.044001106
0.0,0.045621008
0.0,0.046081696
0.0,0.044048425
0.0,0.064592935
0.0,-0.02735686
0.0,-0.0114470115
0.0,-0.017413147
0.0,0.013804481
0.0,0.017111925
0.0,0.03662659
0.0,0.03660151
0.0,-0.01149532
0.0,-0.0114470115
0.0,-0.017413147
0.0,0.017130494
0.0,0.019910626
0.0,0.10681855
1.0,0.079424605
0.0,0.03693716
0.0,0.25245067
0.0,0.042632267
2.0,0.17073175
0.0,0.028791713
0.0,2.931124
0.0,0.065346204
2.0,3.8101919
0.0,0.038595058
1.0,1.5392388
0.0,0.027446104
1.0,4.1640897
0.0,0.0036390394
0.0,4.6584086
0.0,0.037265636
1.0,1.9682688
0.0,-0.009239078
17.0,4.862145
0.0,0.056340333
0.0,0.07934764
0.0,0.08040424
0.0,0.07508964
0.0,-0.0114470115
0.0,-0.017413147
0.0,0.013804481
0.0,0.01909547
0.0,0.04418195
0.0,0.03765988
0.0,0.030388057
0.0,0.02810405
0.0,0.011035975
0.0,-0.0029815226
0.0,-0.0067610024
0.0,-0.012555285
0.0,-0.013773551
0.0,-0.055081613
0.0,0.811742
0.0,0.35924375
6.0,1.6078615
0.0,0.03781268
0.0,0.38291556
0.0,0.053694967
0.0,1.6729866
0.0,0.068342544
1.0,1.0240407
0.0,0.031951874
0.0,0.44381303
0.0,0.08541721
1.0,1.1070391
0.0,0.029135037
5.0,0.12632698
0.0,0.027285803
0.0,0.6631404
0.0,0.06017534
0.0,1.3393487
0.0,0.04146211
0.0,0.11845078
0.0,0.044801444
0.0,0.21649462
0.0,0.023039935
0.0,-0.0114470115
0.0,-0.017413147
0.0,-0.0114470115
0.0,-0.017413147
0.0,0.013804481
0.0,0.012498517
0.0,0.008281883
0.0,0.004250933
0.0,0.0056200502
0.0,0.042142753
0.0,0.041250966
0.0,0.046244454
0.0,0.0507444
0.0,0.04712935
0.0,0.018615402
0.0,0.014285764
0.0,0.0106185805
0.0,-0.0017964422
0.0,-0.0018567069
0.0,-0.02486371
0.0,0.93730843
0.0,1.1223643
7.0,4.512096
0.0,0.041262187
1.0,0.6578158
0.0,0.040215015
0.0,1.2458025
0.0,0.025703695
7.0,0.3703414
0.0,0.025441205
0.0,0.03246594
0.0,0.013003003
4.0,0.82365364
0.0,0.02569189
0.0,0.029913109
0.0,0.025712965
0.0,0.034250855
0.0,0.028981956
0.0,0.03943423
0.0,0.029612442
0.0,0.042745426
0.0,0.028486362
0.0,0.030632233
0.0,0.0361506
0.0,0.06229393
0.0,0.05828454
0.0,0.05052639
0.0,0.05237697
0.0,-0.0114470115
0.0,-0.017413147
0.0,0.013804481
0.0,0.012498517
0.0,0.0017972022
0.0,0.0045722183
0.0,-0.008979627
0.0,-0.012453046
0.0,-0.007324639
0.0,-0.009295415
0.0,-0.019693127
0.0,-0.021608174
0.0,-0.03843134
0.0,-0.04924875
0.0,-0.048600126
0.0,0.10024049
7.0,0.13539293
0.0,0.087368965
1.0,0.7403247
0.0,0.07699172
0.0,0.73462266
0.0,0.03954863
0.0,0.03316229
0.0,0.054187827
0.0,-0.0114470115
0.0,-0.017413147
0.0,0.017130494
0.0,0.019910626
0.0,0.10681855
0.0,0.065242395
0.0,0.05467063
0.0,0.08020118
0.0,0.047396097
0.0,0.021618307
0.0,0.033506196
0.0,5.6479383
0.0,0.5865414
7.0,6.540484
0.0,0.39651656
0.0,2.2863293
0.0,0.081258714
0.0,1.2369847
0.0,0.067382544
0.0,1.6882544
0.0,0.06263391
1.0,0.95670855
0.0,0.037257887
0.0,1.3106225
0.0,0.058196306
0.0,0.8217899
0.0,0.6065372
0.0,0.08161025
0.0,0.0018838882
0.0,-0.0114470115
0.0,-0.017413147
0.0,0.013804481
0.0,0.012498517
0.0,-0.018644257
0.0,-0.0114470115
0.0,-0.017413147
0.0,-0.0114470115
0.0,-0.017413147
0.0,0.013804481
0.0,0.017111925
0.0,0.0557062
0.0,0.05240557
0.0,0.04576472
0.0,0.042477716
0.0,0.037940912
0.0,0.05098146
0.0,0.054431748
0.0,0.05176994
0.0,-0.012750342
0.0,-0.022157826
0.0,-0.021402426
0.0,-0.030429652
0.0,-0.029986419
0.0,-0.055586353
0.0,1.5367204
0.0,1.4357316
6.0,2.764886
0.0,0.050097395
0.0,0.09638119
0.0,0.033754323
0.0,1.3355126
0.0,0.029113023
0.0,-0.0001483947
0.0,0.007280865
0.0,-0.0077746613
0.0,-0.00807791
0.0,-0.0114470115
0.0,-0.017413147
0.0,-0.0114470115
0.0,-0.017413147
0.0,0.017130494
0.0,0.019910626
0.0,0.039557952
0.0,0.010710004
0.0,-0.0031838997
0.0,-2.3457407e-05
0.0,-0.021417322
0.0,-0.032267157
0.0,-0.02592606
0.0,2.2278357
0.0,-0.065741435
0.0,-0.08016832
0.0,-0.08008868
0.0,-0.051220894
0.0,-0.044308104
0.0,-0.069129944
6.0,-0.0465379
0.0,0.101188466
0.0,1.6857944
0.0,0.08645575
0.0,0.09850758
0.0,0.055361252
0.0,1.336373
0.0,0.01951408
0.0,0.07698774
0.0,0.05018041
0.0,0.07010476
0.0,0.054084953
0.0,0.17363
0.0,0.059920706
0.0,0.08381258
0.0,0.061131902
0.0,0.072151996
0.0,0.06997258
0.0,0.0773376
0.0,0.047252893
0.0,-0.01217295
0.0,-0.029489508
0.0,-0.0327017
0.0,-0.026996536
0.0,-0.0114470115
0.0,-0.017413147
0.0,0.013804481
0.0,0.012500315
0.0,-0.016412053
0.0,-0.0114470115
0.0,-0.017413147
0.0,0.017130494
0.0,0.019910626
0.0,0.0649356
0.0,0.071000606
0.0,0.049684256
0.0,0.052516624
0.0,0.058650382
0.0,0.0036570756
0.0,0.0028589412
0.0,-0.009672862
0.0,-0.014514891
0.0,-0.01777172
0.0,-0.08238378
0.0,0.3538066
0.0,0.2626538
7.0,3.9267347
0.0,0.02608831
7.0,1.5620707
0.0,0.0032861142
0.0,-0.0114470115
0.0,-0.017413147
0.0,-0.0114470115
0.0,-0.017413147
0.0,-0.0114470115
0.0,-0.017413147
0.0,0.013804481
0.0,0.015594362
0.0,0.023116134
0.0,0.014632355
0.0,0.011342442
0.0,0.009175899
0.0,0.00539148
0.0,0.014306865
0.0,0.02325085
0.0,0.06869917
0.0,-0.019777583
0.0,-0.024478337
0.0,-0.030480823
0.0,-0.037972476
0.0,-0.030045165
0.0,-0.054870877
0.0,1.4847833
0.0,1.4006084
7.0,4.4173717
0.0,0.052042916
0.0,0.6172807
0.0,0.03767794
0.0,0.09941583
0.0,0.018166622
1.0,0.457439
0.0,0.03618822
0.0,0.049215667
0.0,0.039737657
0.0,0.04551066
0.0,0.0397563
0.0,0.03434053
0.0,0.03835499
0.0,0.04639143
0.0,0.031747676
0.0,0.1494882
0.0,0.14771472
0.0,0.13809627
0.0,0.16399269
0.0,0.15056163
10.0,0.15328495
0.0,0.12400563
0.0,0.2539549
0.0,0.1444983
0.0,2.3199706
0.0,0.059187192
0.0,0.065499365
0.0,0.06317822
0.0,0.06596623
0.0,0.064795844
0.0,0.08419259
0.0,0.055496376
2.0,0.075215034
0.0,0.0848826
0.0,0.042737976
0.0,0.07417166
0.0,0.07334113
0.0,0.05675753
0.0,0.0581804
0.0,0.05839714
0.0,0.06563542
0.0,0.04609431
0.0,0.043459635
0.0,0.038387336
0.0,0.03846597
0.0,-0.0114470115
0.0,-0.017413147
0.0,-0.0114470115
0.0,-0.017413147
0.0,0.013804481
0.0,0.015594362
0.0,-0.016417246
0.0,-0.0114470115
0.0,-0.017413147
0.0,-0.0114470115
0.0,-0.017413147
0.0,0.013804481
0.0,0.015594362
0.0,0.023116134
0.0,0.014632355
0.0,0.011342442
0.0,0.009175899
0.0,-0.012117245
0.0,-0.0114470115
0.0,-0.017413147
0.0,0.017130494
0.0,0.019910626
0.0,0.05765182
0.0,0.056175828
0.0,0.041902173
0.0,0.04053582
0.0,0.06581776
0.0,0.00012453197
0.0,0.0010265022
0.0,-0.0116704395
0.0,-0.015419572
0.0,-0.020230621
0.0,-0.052893918
0.0,0.590367
0.0,0.46423906
7.0,4.246638
0.0,0.035693258
0.0,1.5728695
0.0,0.037802294
0.0,0.094920725
0.0,0.03601001
0.0,0.810748
0.0,0.028671183
0.0,0.04516151
0.0,0.044772107
0.0,0.055680055
0.0,0.044347342
0.0,0.08061054
0.0,0.042774152
0.0,0.05719116
0.0,0.033315647
0.0,0.014487558
0.0,0.019196747
0.0,0.0077422364
0.0,0.010773689
0.0,-0.0114470115
0.0,-0.017413147
0.0,0.017130494
0.0,0.019910626
0.0,0.05337411
0.0,0.00917253
0.0,0.0009699612
0.0,-0.012916646
0.0,-0.03894031
0.0,-0.05477127
0.0,-0.049110033
2.0,5.24561
0.0,0.042488456
0.0,2.1682243
0.0,0.10013969
0.0,2.2094471
0.0,-0.0008515596
3.0,1.5505661
0.0,0.009287715
0.0,-0.007607546
0.0,0.01300888
0.0,0.61300385
0.0,0.015219754
0.0,0.64863604
0.0,0.024146816
0.0,0.06282486
0.0,0.038440358
0.0,0.072249524
0.0,0.04706379
0.0,0.054283556
0.0,0.050820574
0.0,0.13888973
0.0,-0.038334344
0.0,-0.030041922
0.0,-0.0114470115
0.0,-0.017413147
0.0,0.2969093
0.0,0.08016523
0.0,0.07298314
0.0,0.10138841
0.0,-0.015241716
0.0,-0.0114470115
0.0,-0.017413147
0.0,-0.0114470115
0.0,-0.017413147
0.0,0.013804481
0.0,0.015594362
0.0,0.023116134
0.0,0.014632355
0.0,0.011342442
0.0,0.009175899
0.0,0.00539148
0.0,0.012012067
0.0,-0.0055040806
0.0,-0.007472856
0.0,-0.019791009
0.0,-0.027234633
0.0,-0.025109103
0.0,0.06669817
0.0,0.5637984
0.0,0.23604292
0.0,-0.026089171
0.0,-0.030537289
0.0,-0.023528842
0.0,-0.023145622
0.0,0.066971324
7.0,0.10620992
0.0,0.034292042
0.0,0.72212505
0.0,0.038702417
0.0,0.12433181
0.0,0.0595387
0.0,0.067225836
0.0,0.058405295
0.0,0.049937755
8.0,0.04405701
0.0,0.035209592
1.0,0.059124142
0.0,0.039227977
8.0,0.06347308
0.0,0.03125474
0.0,-0.0114470115
0.0,-0.017413147
0.0,0.013804481
0.0,0.015594362
0.0,0.009411765
0.0,0.010330708
0.0,-0.019867614
0.0,-0.0114470115
0.0,-0.017413147
0.0,0.013804481
0.0,0.015594362
0.0,-0.016417246
0.0,-0.0114470115
0.0,-0.017413147
0.0,0.013804481
0.0,0.015594362
0.0,0.009411765
0.0,0.010330708
0.0,-0.009606492
0.0,-0.012386271
0.0,-0.0086553525
0.0,0.00010938346
0.0,0.0075654443
0.0,0.067453474
0.0,-0.04401823
0.0,-0.0114470115
0.0,-0.017413147
0.0,0.013804481
0.0,0.012500315
0.0,-0.016412053
0.0,-0.0114470115
0.0,-0.017413147
0.0,0.013804481
0.0,0.012500315
0.0,-0.016412053
0.0,-0.0114470115
0.0,-0.017413147
0.0,-0.0114470115
0.0,-0.017413147
0.0,0.013804481
0.0,0.015594362
0.0,-0.016417246
0.0,-0.0114470115
0.0,-0.017413147
0.0,0.013804481
0.0,0.015594362
0.0,-0.016417246
0.0,-0.0114470115
0.0,-0.017413147
0.0,-0.0114470115
0.0,-0.017413147
0.0,0.017130494
0.0,0.019910626
0.0,0.05765182
0.0,0.022282308
0.0,-0.005235055
0.0,-0.017184071
0.0,-0.042920798
0.0,-0.05587995
0.0,-0.043313876
7.0,4.650148
0.0,0.22987287
0.0,2.008228
0.0,0.15411879
1.0,1.4632888
0.0,0.028697958
0.0,0.020897992
0.0,0.04323033
1.0,1.2137847
0.0,0.023164367
0.0,0.051233258
0.0,0.03755617
0.0,0.035945512
0.0,0.032179102
0.0,0.04580155
0.0,0.021309357
0.0,-0.010668788
0.0,-0.0114470115
0.0,-0.017413147
0.0,0.013804481
0.0,0.015594362
0.0,0.009411765
0.0,0.010330708
0.0,-0.019867614
0.0,-0.0114470115
0.0,-0.017413147
0.0,-0.0114470115
0.0,-0.017413147
0.0,0.017130494
0.0,0.019910626
0.0,0.019230058
0.0,-0.005753651
0.0,-0.021655139
0.0,-0.012661376
0.0,-0.027031267
0.0,-0.03259612
0.0,-0.044689905
0.0,0.015951544
0.0,-0.06931719
0.0,-0.078241296
0.0,0.06223473
0.0,0.059265062
0.0,0.06739648
0.0,0.04650588
0.0,0.04768197
0.0,0.05046838
0.0,0.053119272
0.0,0.068419226
0.0,0.06977631
0.0,0.07533192
2.0,0.061867747
0.0,0.18933074
4.0,0.3111922
0.0,0.26940823
0.0,0.2591953
0.0,0.19936962
0.0,0.17009202
0.0,0.21565719
0.0,0.23184612
0.0,0.2317596
0.0,0.8363661
0.0,0.23985933
0.0,0.30957016
0.0,-0.04694111
0.0,-0.050643377
0.0,-0.04843053
0.0,-0.046292964
0.0,-0.0114470115
0.0,-0.017413147
0.0,-0.0114470115
0.0,-0.017413147
0.0,0.017130494
0.0,0.019910626
0.0,0.046098515
1.0,0.058705557
0.0,0.01965181
0.0,0.12507117
0.0,0.022509737
0.0,0.116240546
0.0,0.04716241
0.0,0.09772477
0.0,0.033702165
0.0,0.11140956
0.0,0.13876078
0.0,-0.0215186
0.0,-0.0114470115
0.0,-0.017413147
0.0,-0.0114470115
0.0,-0.017413147
0.0,0.017130494
0.0,0.019910626
0.0,0.048989985
0.0,0.020419242
0.0,0.0020850748
0.0,0.008196667
0.0,-0.0053013233
0.0,-0.0130163785
0.0,-0.00654297
0.0,0.30097896
0.0,0.014523529
7.0,3.9804432
0.0,0.09077003
0.0,1.8417768
0.0,0.05898841
1.0,1.1778257
0.0,0.019009061
0.0,0.0827992
0.0,0.08722267
0.0,-0.0114470115
0.0,-0.017413147
0.0,0.013804481
0.0,0.012500315
0.0,0.013119682
0.0,0.0067230044
0.0,0.009003009
0.0,0.023301058
0.0,0.017619452
0.0,0.016877022
0.0,-0.031939693
0.0,-0.0114470115
0.0,-0.017413147
0.0,0.017130494
0.0,0.019910626
0.0,0.05765182
0.0,0.056175828
0.0,0.04420936
0.0,0.0026622384
0.0,-0.029689377
0.0,-0.04745408
0.0,-0.0521312
0.0,-0.05419122
0.0,-0.012797409
6.0,5.4700656
0.0,0.0424688
0.0,0.044520944
0.0,0.029075988
0.0,1.7992848
0.0,0.06174623
0.0,0.052141964
0.0,0.050214227
0.0,0.010728521
0.0,0.0029546453
0.0,-0.0114470115
0.0,-0.017413147
0.0,0.013804481
0.0,0.022905119
0.0,0.03834387
0.0,0.03540052
0.0,0.027717663
0.0,0.025136435
0.0,0.02397575
0.0,0.024838708
0.0,-0.010201059
0.0,-0.0114470115
0.0,-0.017413147
0.0,-0.0114470115
0.0,-0.017413147
0.0,0.013804481
0.0,0.022905119
0.0,-0.011782128
0.0,-0.0114470115
0.0,-0.017413147
0.0,-0.0114470115
0.0,-0.017413147
0.0,0.013804481
0.0,0.022905119
0.0,0.03834387
0.0,0.03540052
0.0,0.027717663
0.0,0.025136435
0.0,0.012768809
0.0,5.0157305e-06
0.0,-0.003004524
0.0,-0.006863242
0.0,-0.007217383
0.0,-0.020675628
0.0,0.166918
0.0,0.07967073
6.0,0.5972743
0.0,0.03908437
0.0,0.08026648
0.0,0.028947731
1.0,1.2124534
0.0,0.036389403
0.0,0.026192602
0.0,0.019118901
0.0,0.0118476115
0.0,0.011410433
0.0,-0.0114470115
0.0,-0.017413147
0.0,-0.0114470115
0.0,-0.017413147
0.0,0.017130494
0.0,0.019910626
0.0,0.05765182
0.0,0.022282308
0.0,-0.005235055
0.0,-0.017184071
0.0,-0.042920798
0.0,-0.05587995
0.0,-0.043313876
7.0,4.650148
0.0,0.22987287
7.0,2.008228
0.0,0.059982922
1.0,1.5309887
0.0,0.027774177
0.0,0.41124964
0.0,0.059245482
0.0,0.5629659
0.0,0.057083372
0.0,0.96704006
8.0,0.053033702
0.0,0.014557879
1.0,0.5364461
0.0,0.043847922
0.0,-0.0114470115
0.0,-0.017413147
0.0,0.013804481
0.0,0.03659829
0.0,0.08576023
0.0,0.08069895
0.0,0.06535155
0.0,0.060881343
0.0,-0.0027701526
0.0,-0.0114470115
0.0,-0.017413147
0.0,0.013804481
0.0,0.022905119
0.0,-0.011782128
0.0,-0.0114470115
0.0,-0.017413147
0.0,-0.0114470115
0.0,-0.017413147
0.0,-0.0114470115
0.0,-0.017413147
0.0,0.017130494
0.0,0.019910626
0.0,0.05765182
0.0,0.056175828
0.0,0.044924024
0.0,0.013436813
0.0,-0.031061634
0.0,-0.0114470115
0.0,-0.017413147
0.0,-0.0114470115
0.0,-0.017413147
0.0,0.013804481
0.0,0.012500315
0.0,0.013119682
0.0,0.0067230044
0.0,0.009003009
0.0,0.008076897
0.0,0.007669331
0.0,0.008782544
0.0,0.009402671
0.0,0.0031521588
0.0,-0.022160714
0.0,-0.03253717
0.0,-0.04191312
0.0,0.033375736
7.0,1.6903721
0.0,0.03913648
1.0,0.550959
0.0,0.040344637
0.0,0.36824456
0.0,0.039518006
0.0,0.24958673
0.0,0.037837252
0.0,0.1369426
0.0,0.074429944
4.0,0.1347774
0.0,0.034831718
2.0,0.22591294
0.0,0.035545927
6.0,0.59908444
0.0,0.040406752
0.0,0.12562768
0.0,0.016257452
5.0,1.4486806
0.0,0.026560169
0.0,0.16980207
0.0,0.09862872
0.0,0.17586194
0.0,0.07991997
0.0,0.12931542
0.0,-0.0114470115
0.0,-0.017413147
0.0,0.013804481
0.0,0.022905119
0.0,0.03834387
0.0,0.03540052
0.0,0.027717663
0.0,0.025733383
0.0,0.015941918
0.0,0.0029380529
0.0,0.0007838219
0.0,-0.0024724258
0.0,-0.0034135848
0.0,-0.008061241
0.0,0.2841797
0.0,0.15556823
7.0,0.9554345
0.0,0.041179024
1.0,0.829138
0.0,0.026652833
1.0,0.3270204
0.0,0.03912807
5.0,0.27112916
0.0,0.035749495
0.0,0.26785818
0.0,0.020337015
0.0,0.18619613
0.0,0.035259068
1.0,0.100811146
0.0,0.026256336
2.0,0.39324525
0.0,0.083920725
5.0,1.7709309
0.0,0.043710876
0.0,-0.0114470115
0.0,-0.017413147
0.0,0.013804481
0.0,0.022905119
0.0,-0.011782128
0.0,-0.0114470115
0.0,-0.017413147
0.0,0.017130494
0.0,0.019910626
0.0,0.10681855
0.0,0.065242395
0.0,0.05467063
0.0,0.08020118
0.0,0.047396097
0.0,0.021618307
0.0,0.033506196
0.0,5.6479383
0.0,0.5865414
0.0,-0.038299814
0.0,-0.06533395
0.0,-0.061212536
0.0,-0.056304086
0.0,-0.07609127
0.0,0.06747784
0.0,0.11165012
6.0,4.7357836
0.0,0.03948948
0.0,0.074918956
0.0,0.043561924
0.0,1.6374615
0.0,0.0180944
0.0,0.10446769
0.0,0.049941376
0.0,0.08107929
1.0,0.06278572
0.0,0.22384495
0.0,0.06424882
0.0,0.1018129
0.0,0.08628599
0.0,0.116238065
0.0,0.08690898
0.0,0.102155335
0.0,0.115661256
0.0,0.11424517
0.0,0.12024758
0.0,0.09208519
0.0,0.09831273
0.0,0.09194255
0.0,-0.030871468
0.0,-0.023458522
0.0,-0.018661153
0.0,0.020501014
0.0,-0.0114470115
0.0,-0.017413147
0.0,0.017130494
0.0,0.019910626
0.0,0.09428927
0.0,0.04828479
0.0,0.026030881
0.0,0.047185462
0.0,0.021090388
0.0,-0.0057347026
0.0,0.017909756
0.0,2.783478
0.0,0.41711256
5.0,3.6758335
0.0,0.13766448
0.0,0.10065943
0.0,0.1212466
0.0,2.4258373
0.0,0.05466589
0.0,-0.004431525
0.0,0.010499495
0.0,-0.032655876
0.0,-0.031940755
0.0,-0.0114470115
0.0,-0.017413147
0.0,-0.0114470115
0.0,-0.017413147
0.0,0.017130494
0.0,0.019910626
0.0,0.085227475
0.0,0.086892895
0.0,0.05923735
0.0,-0.010182339
0.0,-0.0114470115
0.0,-0.017413147
0.0,0.017130494
0.0,0.019910626
0.0,0.039557952
0.0,0.04592897
0.0,0.027578337
0.0,0.0022106706
0.0,-0.015333544
0.0,-0.043649927
0.0,-0.04370723
0.0,-0.04383617
0.0,-0.08178283
0.0,2.8682845
0.0,0.11998337
7.0,6.470748
0.0,0.036735184
7.0,1.4231968
0.0,0.018012501
1.0,0.64584136
0.0,0.020356596
0.0,0.08656113
0.0,0.09476104
0.0,-0.0114470115
0.0,-0.017413147
0.0,-0.0114470115
0.0,-0.017413147
0.0,0.013804481
0.0,0.017111925
0.0,-0.009986446
0.0,-0.0114470115
0.0,-0.017413147
0.0,0.017130494
0.0,0.019910626
0.0,0.0649356
0.0,0.071000606
0.0,0.049684256
0.0,0.029167082
0.0,0.029044956
0.0,0.00020827948
0.0,0.0057244687
0.0,0.0003843367
0.0,-0.022343813
0.0,1.8347139
0.0,0.20945556
6.0,5.282747
0.0,0.02274459
0.0,0.004919596
0.0,0.02726845
0.0,1.308354
0.0,0.009442544
0.0,0.07340045
0.0,0.019943684
0.0,0.016979286
0.0,0.02044703
0.0,0.11168978
0.0,0.077101
0.0,0.11574592
0.0,0.11591176
0.0,0.14397933
0.0,0.12935612
0.0,0.14050706
0.0,0.13425533
0.0,0.13317378
0.0,0.13999665
0.0,0.11276748
0.0,0.057227664
0.0,0.03769281
0.0,0.03662355
0.0,0.04223772
0.0,0.042938937
0.0,0.044346176
0.0,0.04447023
0.0,0.044067856
6.0,0.043955937
0.0,0.13632622
0.0,0.20176423
0.0,0.084654234
0.0,0.29781857
0.0,0.12106023
5.0,0.15108769
0.0,0.113228805
1.0,0.13009864
0.0,0.10257225
0.0,0.14841813
0.0,0.11064611
0.0,0.12067286
0.0,0.11164454
2.0,0.112806566
0.0,0.14320244
0.0,0.17828691
0.0,-0.0023671715
0.0,-0.0114470115
0.0,-0.017413147
0.0,0.013804481
0.0,0.017111925
0.0,-0.009986446
0.0,-0.0114470115
0.0,-0.017413147
0.0,0.017130494
0.0,0.019910626
0.0,0.06799649
0.0,0.039001156
0.0,0.020125594
0.0,0.025949819
0.0,0.011145055
0.0,0.0043042568
0.0,0.011977919
0.0,0.50560266
0.0,0.07686577
5.0,4.2797256
0.0,0.093195565
0.0,0.045498908
0.0,0.101229504
1.0,2.0972116
0.0,0.0545444
0.0,0.11905133
0.0,0.061360575
0.0,0.012889567
0.0,-0.0085313525
0.0,-0.003556837
0.0,-0.029932031
0.0,-0.0114470115
0.0,-0.017413147
0.0,0.017130494
0.0,0.019910626
0.0,0.10681855
0.0,0.079424605
0.0,0.056106877
0.0,0.035189074
0.0,0.010614401
0.0,-0.051020063
0.0,-0.058047786
0.0,-0.06319838
0.0,-0.07102118
5.0,6.2735615
0.0,0.107990324
0.0,0.032947652
0.0,0.057565033
0.0,2.0898135
0.0,0.039089665
0.0,-0.023290114
0.0,-0.012072813
0.0,-0.05131062
0.0,-0.041960996
0.0,-0.0114470115
0.0,-0.017413147
0.0,-0.0114470115
0.0,-0.017413147
0.0,-0.0114470115
0.0,-0.017413147
0.0,0.017130494
0.0,0.019910626
0.0,0.039557952
0.0,-0.018067168
0.0,-0.0114470115
0.0,-0.017413147
0.0,0.013804481
0.0,0.017111925
0.0,-0.009986446
0.0,-0.0114470115
0.0,-0.017413147
0.0,0.013804481
0.0,0.012500315
0.0,0.013119682
0.0,0.0067230044
0.0,0.009003009
0.0,0.008076897
0.0,0.007669331
0.0,0.003216578
0.0,0.0022789403
0.0,0.029791009
0.0,0.024700193
0.0,0.039195657
0.0,-0.028559469
0.0,-0.026644904
0.0,-0.022523163
0.0,-0.048191775
0.0,-0.048479848
0.0,-0.0700983
6.0,2.2579987
0.0,0.03957295
0.0,0.072663166
0.0,0.02674765
2.0,0.77805793
0.0,0.024460604
0.0,0.022281269
0.0,0.03272202
0.0,0.014886815
0.0,0.026282378
0.0,-0.0114470115
0.0,-0.017413147
0.0,-0.0114470115
0.0,-0.017413147
0.0,0.013804481
0.0,0.012500315
0.0,0.013119682
0.0,0.0067230044
0.0,0.009003009
0.0,0.023301058
0.0,0.017619452
0.0,0.055762004
0.0,0.059543815
0.0,0.091441125
0.0,0.0872191
0.0,0.3730357
1.0,0.19627512
0.0,0.021441033
0.0,0.17679279
0.0,0.088139005
0.0,0.031642977
0.0,0.022460796
0.0,0.032705452
0.0,0.08826987
0.0,-0.010719427
0.0,0.034805775
7.0,0.9585402
0.0,0.022093838
0.0,0.0658076
0.0,0.05392868
0.0,0.11450556
0.0,0.052207753
0.0,0.059642382
0.0,0.046635985
0.0,0.08361613
0.0,0.057413246
0.0,0.12883674
6.0,0.09347957
0.0,0.02792161
2.0,0.2201922
0.0,0.058342423
0.0,0.08457849
0.0,0.04818815
3.0,0.62775666
0.0,0.024764663
0.0,0.10877559
0.0,0.033925414
0.0,0.16563769
0.0,0.089864515
0.0,0.10146433
0.0,0.034331966
0.0,0.13293076
0.0,0.13208894
0.0,0.14401501
0.0,0.08471736
0.0,0.090837084
0.0,0.10562731
0.0,0.12415646
2.0,0.13762063
0.0,0.11169518
0.0,0.16150664
0.0,0.11889724
0.0,0.23812321
0.0,0.16351049
0.0,0.20789991
0.0,0.10224856
0.0,0.20603444
0.0,0.23913334
0.0,0.16833036
0.0,-0.0114470115
0.0,-0.017413147
0.0,0.013804481
0.0,0.017111925
0.0,0.0557062
0.0,0.05240557
0.0,0.04576472
0.0,0.04239412
0.0,0.037777573
0.0,0.028393444
0.0,0.006106931
0.0,0.0027474805
0.0,-0.018337714
0.0,-0.028901273
0.0,-0.02535923
0.0,0.08313794
0.0,0.72388375
0.0,0.26534143
7.0,3.344868
0.0,0.06018973
1.0,0.90751874
0.0,0.08141491
10.0,0.88937294
0.0,0.07420561
4.0,0.27182144
0.0,0.09133197
0.0,0.57158697
0.0,0.06967531
0.0,0.12515433
0.0,0.07105606
0.0,0.095847525
0.0,-0.0114470115
0.0,-0.017413147
0.0,0.013804481
0.0,0.017111925
0.0,-0.009986446
0.0,-0.0114470115
0.0,-0.017413147
0.0,-0.0114470115
0.0,-0.017413147
0.0,-0.0114470115
0.0,-0.017413147
0.0,0.013804481
0.0,0.03132704
0.0,0.05481084
0.0,0.049097568
0.0,0.03367582
0.0,0.03280384
0.0,0.02149152
0.0,0.0040532677
0.0,0.0021457195
0.0,-0.0018771752
0.0,-0.0015779793
0.0,-0.021760773
0.0,0.25474063
0.0,0.15555318
7.0,1.0788184
0.0,0.048023064
6.0,0.8887352
0.0,0.018293992
0.0,0.093091175
0.0,0.027336264
1.0,0.62310666
0.0,0.02475714
0.0,0.11173756
0.0,0.033671662
0.0,0.06245127
0.0,0.059754428
0.0,0.107226364
4.0,0.1391357
0.0,0.120546624
0.0,0.14017749
0.0,0.14242877
0.0,0.1096708
0.0,0.0714235
0.0,0.09010846
0.0,0.0315683
0.0,0.03363615
0.0,0.027109036
0.0,0.04893927
0.0,-0.0114470115
0.0,-0.017413147
0.0,0.017130494
0.0,0.019910626
0.0,0.039557952
0.0,0.04592897
0.0,0.030625848
0.0,0.034772288
0.0,0.14062595
0.0,-0.01776967
0.0,-0.0114470115
0.0,-0.017413147
0.0,-0.0114470115
0.0,-0.017413147
0.0,-0.0114470115
0.0,-0.017413147
0.0,0.013804481
0.0,0.017111925
0.0,-0.009986446
0.0,-0.0114470115
0.0,-0.017413147
0.0,0.013804481
0.0,0.012500315
0.0,0.013119682
0.0,0.0067230044
0.0,0.009003009
0.0,0.03337173
0.0,0.030030953
0.0,0.03461913
0.0,0.052927863
0.0,0.056149814
0.0,0.056524903
0.0,0.10070427
0.0,0.07753271
0.0,0.113364406
0.0,0.03020159
0.0,0.008252422
0.0,0.004816976
0.0,-0.00047183334
0.0,-0.005431707
0.0,-0.033848632
0.0,0.909766
0.0,0.72970235
0.0,0.68508863
0.0,1.9550061
6.0,1.946311
0.0,0.02612299
1.0,1.5625402
0.0,0.029334273
0.0,0.171375
0.0,0.06082949
0.0,-0.0114470115
0.0,-0.017413147
0.0,0.017130494
0.0,0.019910626
0.0,0.039557952
0.0,0.04592897
0.0,0.045630254
1.0,0.11644328
0.0,0.016989622
0.0,0.22735496
0.0,0.020561254
0.0,-0.018439801
0.0,0.024180913
0.0,-0.04005674
0.0,-0.021367595
0.0,-0.05868486
0.0,-0.026111843
6.0,2.6833284
0.0,0.007843766
0.0,2.2191608
0.0,0.025751319
0.0,0.73144186
0.0,0.025196625
4.0,1.6027637
0.0,0.022586646
0.0,0.12154785
0.0,0.0045185653
1.0,1.5281448
0.0,0.009493208
0.0,0.07266598
0.0,0.013867533
0.0,0.08374983
0.0,0.034165334
0.0,-0.0114470115
0.0,-0.017413147
0.0,0.013804481
0.0,0.012500315
0.0,0.013119682
0.0,0.0067230044
0.0,0.009003009
0.0,0.008076897
0.0,-0.018678531
0.0,-0.0114470115
0.0,-0.017413147
0.0,-0.0114470115
0.0,-0.017413147
0.0,0.013804481
0.0,0.017111925
0.0,-0.009986446
0.0,-0.0114470115
0.0,-0.017413147
0.0,0.013804481
0.0,0.017111925
0.0,-0.009986446
0.0,-0.0114470115
0.0,-0.017413147
0.0,-0.0114470115
0.0,-0.017413147
0.0,-0.0114470115
0.0,-0.017413147
0.0,0.013804481
0.0,0.012500315
0.0,-0.016412053
0.0,-0.0114470115
0.0,-0.017413147
0.0,0.013804481
0.0,0.012500315
0.0,-0.016412053
0.0,-0.0114470115
0.0,-0.017413147
0.0,-0.0114470115
0.0,-0.017413147
0.0,0.017130494
0.0,0.019910626
0.0,0.039557952
0.0,0.010710004
0.0,-0.0031838997
0.0,-2.3457407e-05
0.0,-0.021417322
0.0,-0.032267157
0.0,-0.02592606
7.0,2.2278357
0.0,0.37023774
0.0,0.013441981
0.0,0.05251313
0.0,-0.0114470115
0.0,-0.017413147
0.0,0.017130494
0.0,0.019910626
0.0,0.085227475
0.0,0.060629975
0.0,0.036110856
0.0,0.03546413
0.0,0.016394498
0.0,0.0062409877
0.0,0.0136132
0.0,0.88855267
0.0,0.5015155
0.0,4.514501
0.0,0.17152055
0.0,0.004826146
0.0,-0.029298833
0.0,-0.03491359
0.0,-0.003645879
0.0,0.031102521
7.0,1.594207
0.0,0.06341122
1.0,1.2594181
0.0,0.05727635
0.0,0.07233464
0.0,0.010277815
1.0,0.8727533
0.0,0.028818792
0.0,0.0043329326
0.0,-0.006078331
0.0,-0.010095729
0.0,-0.010234345
0.0,-0.0114470115
0.0,-0.017413147
0.0,0.013804481
0.0,0.012500315
0.0,0.013119682
0.0,0.0067230044
0.0,0.009003009
0.0,0.027029468
0.0,0.02641694
0.0,0.016801963
0.0,0.022193722
0.0,0.11210391
0.0,-0.006730325
0.0,-0.013105269
0.0,-0.01312181
0.0,-0.0067337197
0.0,0.0013676733
0.0,-0.03473705
0.0,0.48643884
0.0,0.507012
3.0,1.2020384
0.0,0.08040888
8.0,2.9611452
0.0,0.061026774
0.0,0.6006997
0.0,0.05527487
3.0,0.32173774
0.0,0.05838498
6.0,0.3301968
0.0,0.053983424
0.0,-0.0114470115
0.0,-0.017413147
0.0,0.017130494
0.0,0.019910626
0.0,0.06799649
0.0,0.039001156
0.0,0.020125594
0.0,0.025949819
0.0,0.011145055
0.0,0.0043042568
0.0,0.011977919
0.0,0.50560266
0.0,0.07686577
7.0,4.2797256
0.0,0.13294724
1.0,2.3634756
0.0,0.03218341
0.0,0.08006489
0.0,0.015099553
1.0,0.98564446
0.0,0.018245354
0.0,0.012046442
0.0,0.023031069
0.0,-0.0114470115
0.0,-0.017413147
0.0,-0.0114470115
0.0,-0.017413147
0.0,0.017130494
0.0,0.019910626
0.0,0.06014778
0.0,-0.012176826
0.0,-0.0114470115
0.0,-0.017413147
0.0,0.013804481
0.0,0.03389935
0.0,0.0055391146
0.0,-0.0114470115
0.0,-0.017413147
0.0,0.013804481
0.0,0.019744247
0.0,-0.013745433
0.0,-0.0114470115
0.0,-0.017413147
0.0,0.017130494
0.0,0.019910626
0.0,0.039557952
0.0,0.010710004
0.0,-0.012935823
0.0,-0.008726029
0.0,-0.029364012
0.0,-0.04010487
0.0,-0.03486237
0.0,2.049651
0.0,-0.06790428
7.0,4.6523733
0.0,0.12855758
3.0,2.2997704
0.0,0.04011627
1.0,1.1560863
0.0,0.027028657
0.0,0.09839531
0.0,0.02308447
0.0,1.0412545
0.0,0.013631287
0.0,0.045989133
0.0,0.03293278
0.0,0.080267295
0.0,0.08863962
0.0,0.14672975
0.0,0.14141555
0.0,0.29266244
0.0,0.09081824
0.0,-0.0051221754
0.0,0.0067048664
0.0,0.00883222
0.0,-0.007690407
0.0,-0.0114470115
0.0,-0.017413147
0.0,0.017130494
0.0,0.019910626
0.0,0.039557952
0.0,0.010710004
0.0,-0.012935823
0.0,-0.008726029
0.0,-0.029364012
0.0,-0.04010487
0.0,-0.03486237
7.0,2.049651
0.0,0.19772132
0.0,0.11780216
0.0,0.015719147
0.0,-0.0114470115
0.0,-0.017413147
0.0,0.017130494
0.0,0.019910626
0.0,0.039557952
0.0,0.04592897
0.0,0.027578337
0.0,0.02478954
0.0,0.072363414
0.0,0.085533
0.0,0.07594895
0.0,-0.018365225
0.0,-0.019924711
0.0,-0.02139688
0.0,-0.034930866
0.0,-0.037419047
0.0,-0.03683717
1.0,0.47651032
0.0,-0.010024216
0.0,-0.049042396
0.0,0.08354789
0.0,-0.040191304
0.0,0.30475333
0.0,0.0344605
0.0,0.16004147
0.0,1.3599801
6.0,4.003347
0.0,0.02174537
0.0,-0.023403045
0.0,0.01242171
0.0,-0.0114470115
0.0,-0.017413147
0.0,0.017130494
0.0,0.019910626
0.0,0.06288257
0.0,0.058446992
0.0,0.037314378
0.0,0.018782087
0.0,0.013886785
0.0,-0.0056273458
0.0,-0.007085201
0.0,-0.011131629
0.0,-0.043515973
0.0,1.8502901
0.0,0.20861918
7.0,5.3766136
0.0,0.032379378
0.0,1.1889814
0.0,0.0425871
1.0,0.37258565
0.0,0.04572806
8.0,0.80514103
0.0,0.015174004
2.0,0.5640476
0.0,0.07942579
0.0,0.07796163
0.0,0.030535566
1.0,0.20345005
0.0,0.03034203
0.0,0.08046894
0.0,0.07498606
0.0,-0.0114470115
0.0,-0.017413147
0.0,-0.0114470115
0.0,-0.017413147
0.0,0.013804481
0.0,0.012936126
0.0,-0.002828872
0.0,-0.00018808989
0.0,-0.028243832
0.0,-0.0114470115
0.0,-0.017413147
0.0,0.013804481
0.0,0.012936126
0.0,-0.018704243
0.0,-0.0114470115
0.0,-0.017413147
0.0,0.013804481
0.0,0.019744247
0.0,-0.013745433
0.0,-0.0114470115
0.0,-0.017413147
0.0,0.017130494
0.0,0.019910626
0.0,0.039557952
0.0,0.010710004
0.0,-0.0031838997
0.0,-2.3457407e-05
0.0,-0.021417322
0.0,-0.032267157
0.0,-0.02592606
0.0,2.2278357
0.0,-0.065741435
0.0,-0.08016832
0.0,-0.08008868
0.0,-0.051220894
0.0,-0.044308104
0.0,-0.069129944
7.0,-0.0465379
0.0,0.040578123
1.0,1.2729182
0.0,0.05409587
0.0,0.5313026
0.0,0.032505862
0.0,1.0466578
0.0,0.019327434
4.0,0.19790918
0.0,0.027674345
0.0,0.07982764
0.0,0.021103105
0.0,0.8334903
0.0,0.014790934
0.0,0.035941586
0.0,0.020358294
0.0,0.04714326
0.0,0.04394249
0.0,0.065751925
0.0,0.069645114
0.0,0.12347559
0.0,0.040933225
0.0,0.055607
0.0,0.0558285
0.0,0.029903507
0.0,0.00068639516
0.0,-0.0018575429
0.0,-0.00414806
0.0,-0.0114470115
0.0,-0.017413147
0.0,0.017130494
0.0,0.019910626
0.0,0.06288257
0.0,0.058446992
0.0,0.037314378
0.0,0.041066572
0.0,0.08581391
0.0,-0.0134873
0.0,-0.016432192
0.0,-0.02114936
0.0,-0.030215623
0.0,-0.03555292
0.0,-0.012548927
5.0,4.251373
0.0,0.0129816225
0.0,0.020626813
0.0,0.02726992
0.0,2.1549792
0.0,0.023123
0.0,-0.026181659
0.0,-0.0020245314
0.0,-0.029692998
0.0,-0.03608689
0.0,-0.0114470115
0.0,-0.017413147
0.0,0.013804481
0.0,0.03132704
0.0,0.03025466
0.0,0.037300166
0.0,-0.019083234
0.0,-0.0114470115
0.0,-0.017413147
0.0,-0.0114470115
0.0,-0.017413147
0.0,0.017130494
0.0,0.019910626
0.0,0.06288257
0.0,0.058446992
0.0,0.0377952
0.0,0.042170286
0.0,0.081012994
0.0,-0.037018828
0.0,-0.0114470115
0.0,-0.017413147
0.0,0.013804481
0.0,0.019744247
0.0,0.034952246
0.0,0.032778535
0.0,0.02420432
0.0,0.021959933
0.0,0.016817719
0.0,-0.0011579245
0.0,-0.0037874086
0.0,-0.006242102
0.0,-0.006772275
0.0,-0.01913914
0.0,0.08878436
0.0,0.05645709
0.0,1.1871016
0.0,1.2162237
7.0,1.0960915
0.0,0.02860836
5.0,1.0649858
0.0,0.039896414
0.0,0.08634692
0.0,0.032268297
1.0,0.58124596
0.0,0.021202557
0.0,0.08120959
0.0,0.038256522
0.0,0.082857214
0.0,0.08131766
0.0,0.082965456
0.0,0.12516472
0.0,0.12825431
1.0,0.16549864
0.0,0.16797699
0.0,0.17497398
0.0,0.16679525
0.0,0.16577058
0.0,0.16930752
0.0,0.16709502
0.0,0.027637588
0.0,0.045309477
0.0,0.025804643
0.0,0.038377482
0.0,-0.0114470115
0.0,-0.017413147
0.0,0.013804481
0.0,0.03132704
0.0,0.05481084
0.0,0.049097568
0.0,0.03367582
0.0,0.033037275
0.0,0.025425903
0.0,0.012174192
0.0,0.0231783
0.0,0.040791266
0.0,0.03359962
0.0,0.09778669
5.0,0.068675816
0.0,0.021054644
0.0,0.18904698
0.0,0.057834566
0.0,0.0027852757
0.0,0.05638867
0.0,0.0051257475
0.0,0.058762375
5.0,1.3689156
0.0,0.032500718
0.0,0.027456058
0.0,0.013222378
0.0,0.2709814
0.0,0.023388706
0.0,0.05083633
0.0,0.028827734
0.0,0.046832334
0.0,0.039932866
0.0,0.043019492
0.0,0.038643114
0.0,0.03566782
0.0,0.026107106
0.0,-0.0114470115
0.0,-0.017413147
0.0,-0.0114470115
0.0,-0.017413147
0.0,-0.0114470115
0.0,-0.017413147
0.0,-0.0114470115
0.0,-0.017413147
0.0,0.017130494
0.0,0.019910626
0.0,0.058194634
0.0,0.023656162
0.0,0.00017076283
0.0,0.009185069
0.0,-0.012325018
0.0,-0.025080832
0.0,-0.016345734
0.0,0.97836334
0.0,0.050121944
0.0,-0.07723435
0.0,-0.07169029
0.0,-0.03639224
0.0,-0.035038576
0.0,-0.06860894
0.0,-0.023340425
0.0,0.048244894
6.0,2.4084735
0.0,0.040549446
0.0,0.10481205
0.0,0.019049035
1.0,1.3150948
0.0,0.009767654
0.0,0.10569396
0.0,0.038713537
0.0,0.08749436
0.0,0.04538674
0.0,0.17457128
0.0,0.057072405
0.0,0.09465591
0.0,0.05619518
0.0,0.09054989
0.0,0.057962824
0.0,0.11147857
0.0,0.11399282
0.0,0.13627228
0.0,0.12867467
0.0,0.11409044
0.0,0.11725251
0.0,0.12010078
0.0,0.09882879
0.0,0.114498846
0.0,0.08726956
0.0,0.07494682
0.0,-0.009583871
0.0,-0.004288399
0.0,-0.025119793
0.0,-0.0114470115
0.0,-0.017413147
0.0,-0.0114470115
0.0,-0.017413147
0.0,0.017130494
0.0,0.019910626
0.0,0.06288257
0.0,0.058446992
0.0,0.037388116
0.0,0.018845519
0.0,-0.001124233
0.0,-0.017436402
0.0,-0.019950854
0.0,-0.023028992
0.0,-0.0043307543
0.0,1.7341257
0.0,0.2145863
7.0,3.6292927
0.0,0.023857854
0.0,1.276591
0.0,0.06159353
1.0,0.82201624
0.0,0.041770827
0.0,0.7759668
0.0,0.054860592
12.0,0.43981218
0.0,0.036150422
0.0,0.104520075
0.0,0.0381634
4.0,0.3232034
0.0,0.0449067
0.0,0.054660317
0.0,0.021950256
0.0,0.08277764
0.0,0.041124433
0.0,0.07596015
0.0,0.058111697
0.0,0.08982454
1.0,0.09911378
0.0,0.120445475
0.0,0.1401021
0.0,0.12188018
0.0,0.15551071
0.0,0.16253228
0.0,0.13900425
0.0,0.07530496
0.0,0.16670522
0.0,0.13922198
0.0,-0.0114470115
0.0,-0.017413147
0.0,0.013804481
0.0,0.026970774
0.0,-0.01299971
0.0,-0.0114470115
0.0,-0.017413147
0.0,0.017130494
0.0,0.019910626
0.0,0.06288257
0.0,0.030916205
0.0,0.00052558776
0.0,0.008785306
0.0,-0.011831247
0.0,-0.018714502
0.0,-0.013272865
0.0,1.143253
0.0,0.037981417
6.0,4.406239
0.0,0.03850959
0.0,0.095042646
0.0,0.059276056
0.0,1.4718764
0.0,0.037694406
0.0,0.12052122
0.0,0.052757557
0.0,0.06705082
0.0,0.075391926
0.0,0.07728496
0.0,0.059620824
0.0,0.083907224
0.0,0.07773245
0.0,0.09790106
0.0,0.094590575
0.0,0.1408125
0.0,0.15683639
0.0,0.1378133
0.0,0.13042931
0.0,0.13911682
0.0,0.073756196
0.0,0.14237246
0.0,0.07487893
0.0,0.07051367
0.0,0.13238378
0.0,0.08051266
0.0,-0.0047470597
0.0,0.010801604
0.0,-0.0114470115
0.0,-0.017413147
0.0,0.013804481
0.0,0.026970774
0.0,0.023181263
0.0,0.025682263
0.0,-0.01920465
0.0,-0.0114470115
0.0,-0.017413147
0.0,0.017130494
0.0,0.019910626
0.0,0.06288257
0.0,0.058446992
0.0,0.027567292
0.0,0.024238797
0.0,0.053851012
0.0,0.05463881
0.0,0.07294357
0.0,0.5141076
0.0,0.0819923
8.0,1.2236749
0.0,0.38671425
2.0,2.5075448
0.0,0.05618794
0.0,0.26182154
0.0,0.15114051
0.0,0.082608074
0.0,0.11755796
0.0,0.117774904
0.0,0.104531676
0.0,0.048327755
0.0,0.07502332
9.0,0.04963785
0.0,0.026671223
1.0,0.052066576
0.0,0.035729785
4.0,0.049777023
0.0,0.020424815
0.0,0.10346165
0.0,0.0142311985
0.0,-0.0114470115
0.0,-0.017413147
0.0,0.013804481
0.0,0.017326714
0.0,0.013939273
0.0,0.014804511
0.0,0.0020464181
0.0,-0.0027663528
0.0,0.0059115705
0.0,0.006982049
0.0,0.03325941
0.0,0.25975055
0.0,0.05462835
0.0,0.10287203
0.0,0.061964564
0.0,0.3213597
0.0,0.115051895
0.0,0.15096988
0.0,0.31395715
0.0,0.09218487
0.0,0.07135601
0.0,0.19448617
0.0,0.18717621
0.0,0.13065705
0.0,0.08130522
0.0,1.266832
7.0,1.2705668
0.0,0.038352557
16.0,1.7370636
0.0,0.037070125
0.0,-0.0114470115
0.0,-0.017413147
0.0,-0.0114470115
0.0,-0.017413147
0.0,-0.0114470115
0.0,-0.017413147
0.0,-0.0114470115
0.0,-0.017413147
0.0,0.013804481
0.0,0.026970774
0.0,0.042454258
0.0,0.037040055
0.0,0.027924346
0.0,0.02693417
0.0,0.020497164
0.0,0.020691536
0.0,0.031322148
0.0,0.07008042
0.0,0.06182785
0.0,0.09218279
0.0,0.0052885055
0.0,0.007946462
0.0,0.016221507
0.0,-0.009654775
0.0,-0.014517753
0.0,0.015885934
6.0,2.8115628
0.0,0.04586004
0.0,0.66800684
0.0,0.08151348
0.0,0.750293
0.0,0.06585525
6.0,0.8117407
0.0,0.05922899
0.0,0.05351445
0.0,0.028975649
1.0,0.97699016
0.0,0.024339465
0.0,0.05554785
0.0,0.034211386
0.0,0.062456183
0.0,0.046447895
0.0,0.11315952
0.0,0.094509006
0.0,0.11438407
0.0,0.11564666
0.0,0.12322792
0.0,0.12560843
0.0,0.11976547
3.0,0.12509997
0.0,0.13880081
0.0,0.14209303
0.0,0.124053456
0.0,0.1614708
0.0,0.1148407
0.0,0.13419056
0.0,0.11662597
0.0,0.13143352
0.0,0.09719399
1.0,0.13279049
0.0,0.1298747
1.0,0.13497974
0.0,0.13195767
0.0,-0.0114470115
0.0,-0.017413147
0.0,0.017130494
0.0,0.019910626
0.0,0.05236139
0.0,0.010256764
0.0,-0.024169058
0.0,-0.039679773
0.0,-0.05817234
0.0,-0.078601465
0.0,-0.08445138
7.0,6.312581
0.0,0.3038756
0.0,2.582705
0.0,0.11388541
0.0,0.0526941
0.0,0.041749954
1.0,1.1149983
0.0,0.042266548
2.0,0.06258788
0.0,0.004393451
0.0,0.074236564
0.0,0.042561285
0.0,0.07901354
0.0,0.0354427
0.0,0.07255224
0.0,0.038469337
0.0,0.15023685
0.0,0.14501143
0.0,0.1040352
0.0,0.1052201
0.0,0.11076998
0.0,0.07034056
0.0,0.14100824
0.0,0.051378865
0.0,0.05041491
0.0,0.06987062
0.0,0.060490116
0.0,0.06061318
0.0,0.0519559
0.0,0.04762168
0.0,0.06042124
0.0,0.060269933
0.0,0.045545164
0.0,0.067379326
0.0,0.07926248
0.0,0.065587744
0.0,0.059431493
0.0,0.055025503
0.0,0.058205172
0.0,0.056792866
0.0,0.06171231
0.0,0.055077814
0.0,0.05520341
0.0,0.05356504
1.0,0.058296114
0.0,0.06265674
4.0,0.059389696
0.0,0.14407721
0.0,0.43247232
0.0,0.15418568
0.0,0.22852333
0.0,0.18554151
0.0,0.12066961
0.0,0.15375336
0.0,0.1162656
0.0,0.08489889
0.0,0.18765512
0.0,0.17830917
0.0,0.059343237
0.0,0.05612243
0.0,0.024329029
0.0,0.026993826
0.0,-0.0114470115
0.0,-0.017413147
0.0,0.017130494
0.0,0.019910626
0.0,0.06288257
0.0,0.058446992
0.0,0.037314378
0.0,0.018782087
0.0,0.013886785
0.0,-0.0056273458
0.0,-0.007085201
0.0,-0.011131629
0.0,-0.043515973
0.0,1.8502901
0.0,0.20861918
6.0,5.3766136
0.0,0.02182033
0.0,0.0007097259
0.0,0.024821306
1.0,1.8149323
0.0,0.013928253
0.0,-0.022295328
0.0,0.0038334623
0.0,-0.012317571
0.0,-0.014266942
0.0,-0.0114470115
0.0,-0.017413147
0.0,0.013804481
0.0,0.012934911
0.0,0.027001122
0.0,0.012216547
0.0,0.012998291
0.0,0.012436428
0.0,0.008453887
0.0,0.013986492
0.0,0.02069541
0.0,0.0477263
0.0,0.037498564
0.0,0.08576028
0.0,-0.029787056
0.0,-0.0285695
0.0,-0.016909497
0.0,-0.027317189
0.0,-0.02318666
0.0,-0.042516652
0.0,1.0011505
0.0,0.5274578
0.0,0.08707896
0.0,0.058083277
0.0,0.061385248
0.0,0.0631444
0.0,0.056093805
0.0,1.7120883
0.0,1.6024128
0.0,1.7906331
0.0,1.7952911
0.0,0.030590966
0.0,0.0070175645
0.0,0.0046775234
0.0,0.006307611
0.0,0.0049217995
0.0,0.391993
0.0,0.42559963
0.0,0.45335183
0.0,0.44244534
0.0,0.4683804
0.0,0.4719389
0.0,0.44236657
0.0,0.4697169
0.0,0.459345
6.0,0.47434828
0.0,0.0718474
1.0,0.42213902
0.0,0.08332071
5.0,0.47108796
0.0,0.08900997
4.0,0.35996145
0.0,0.033681847
4.0,0.66169834
0.0,0.03540541
0.0,1.3147744
0.0,0.041202784
0.0,-0.0114470115
0.0,-0.017413147
0.0,0.017130494
0.0,0.019910626
0.0,0.06288257
0.0,0.030916205
0.0,0.00052558776
0.0,0.008785306
0.0,-0.011831247
0.0,-0.018714502
0.0,-0.013272865
0.0,1.143253
0.0,0.037981417
0.0,4.406239
0.0,0.11494469
1.0,3.5541127
0.0,0.0009330019
1.0,2.0685728
0.0,0.0049120216
2.0,2.0082002
0.0,-0.0015830963
0.0,0.042418085
0.0,-0.0329512
0.0,1.9998587
0.0,0.004356846
0.0,0.04746928
0.0,0.014275986
0.0,0.04344803
0.0,0.015603533
0.0,-0.013742368
0.0,-0.035380557
0.0,-0.0114470115
0.0,-0.017413147
0.0,0.013804481
0.0,0.017326714
0.0,-0.015021404
0.0,-0.0114470115
0.0,-0.017413147
0.0,0.013804481
0.0,0.017326714
0.0,-0.015021404
0.0,-0.0114470115
0.0,-0.017413147
0.0,0.013804481
0.0,0.017326714
0.0,0.023195196
0.0,0.010890621
0.0,0.011761888
0.0,0.016539346
0.0,0.015031992
0.0,0.0070066466
0.0,0.0015610575
0.0,-0.00024414956
0.0,0.00093107665
0.0,0.022447726
0.0,1.343245
0.0,0.2455336
6.0,2.3695087
0.0,0.048149925
0.0,0.0023737832
0.0,-0.0028557999
0.0,-0.0114470115
0.0,-0.017413147
0.0,0.013804481
0.0,0.017326714
0.0,-0.015021404
0.0,-0.0114470115
0.0,-0.017413147
0.0,0.013804481
0.0,0.017326714
0.0,-0.015021404
0.0,-0.0114470115
0.0,-0.017413147
0.0,0.017130494
0.0,0.019910626
0.0,0.06288257
0.0,0.058446992
0.0,0.037314378
0.0,0.041066572
0.0,0.05528004
0.0,0.058911886
0.0,0.06326209
0.0,0.076148316
0.0,0.06319096
1.0,0.07643981
0.0,0.029470837
2.0,0.26943845
0.0,0.024214884
1.0,2.2870495
0.0,0.024356944
0.0,1.9308683
0.0,0.022328462
0.0,3.55381
0.0,0.025306007
0.0,-0.0114470115
0.0,-0.017413147
0.0,0.017130494
0.0,0.019910626
0.0,0.06288257
0.0,0.058446992
0.0,0.08908407
7.0,0.08449829
0.0,0.69036496
0.0,4.34926
0.0,0.82354987
0.0,1.0816002
0.0,0.23350218
0.0,2.7531192
0.0,0.39541188
0.0,1.2123201
0.0,0.14664373
6.0,0.45905215
0.0,0.028945604
0.0,0.06827904
0.0,0.064638205
0.0,0.2670949
0.0,0.06788353
0.0,0.06569242
0.0,0.05179573
0.0,1.7092361
0.0,0.077662006
0.0,0.32772705
0.0,0.09781759
0.0,0.059956726
0.0,0.05027107
0.0,0.07354267
4.0,0.44215232
0.0,0.005314369
1.0,0.8713
0.0,0.037884496
0.0,0.1881866
0.0,0.021818023
1.0,2.555192
0.0,0.016454155
0.0,3.5744216
0.0,0.0130839385
0.0,2.0664039
0.0,0.09697735
0.0,0.9781463
0.0,0.022905221
0.0,1.0066574
0.0,0.2937954
0.0,0.13551572
0.0,0.39760092
0.0,0.14868173
0.0,0.11944654
0.0,0.21978384
0.0,0.14693448
0.0,0.15164824
0.0,0.12095835
0.0,0.1958175
0.0,0.18960278
0.0,0.19064678
0.0,0.087947465
0.0,0.12831485
0.0,0.11849046
0.0,0.10799962
0.0,0.12269161
1.0,0.17646371
0.0,0.10325084
0.0,0.061949845
0.0,0.13708518
0.0,0.20701364
0.0,0.13434407
0.0,0.09369367
0.0,0.047776986
0.0,0.11825375
0.0,0.107956305
0.0,0.18552572
0.0,0.0949109
0.0,0.07338728
0.0,0.20752512
0.0,0.19977513
0.0,0.216973
0.0,0.26753134
0.0,0.11268482
0.0,0.08906357
0.0,0.15038301
0.0,0.20209675
0.0,0.24412519
0.0,0.12199063
0.0,0.11328714
0.0,0.13479151
0.0,0.09869712
0.0,0.15412757
0.0,0.1214965
0.0,0.12048322
0.0,0.10746
0.0,0.1473375
0.0,0.10375465
0.0,0.16084386
0.0,0.0960707
0.0,0.14397259
0.0,0.1357042
0.0,0.14066361
0.0,0.11834399
0.0,0.1462952
0.0,0.1408267
0.0,0.1749783
0.0,0.14944105
0.0,0.10034349
0.0,0.09032566
0.0,-0.0114470115
0.0,-0.017413147
0.0,-0.0114470115
0.0,-0.017413147
0.0,0.013804481
0.0,0.017326714
0.0,-0.015021404
0.0,-0.0114470115
0.0,-0.017413147
0.0,-0.0114470115
0.0,-0.017413147
0.0,0.017130494
0.0,0.019910626
0.0,0.06288257
0.0,0.058446992
0.0,0.031664357
0.0,0.004876101
0.0,-0.016789272
0.0,-0.035925146
0.0,-0.041491114
0.0,-0.045004886
0.0,-0.047906917
0.0,3.796637
0.0,1.2126843
6.0,6.532954
0.0,0.02295244
0.0,0.01571636
0.0,0.056320854
0.0,0.07048989
0.0,0.0600406
0.0,0.13391759
7.0,0.034213744
0.0,0.01668156
0.0,0.12267793
0.0,0.026974497
1.0,0.77809685
0.0,0.020973861
0.0,0.028235069
0.0,0.02170864
0.0,0.026015835
0.0,0.0549069
0.0,0.030274672
0.0,-0.0114470115
0.0,-0.017413147
0.0,-0.0114470115
0.0,-0.017413147
0.0,-0.0114470115
0.0,-0.017413147
0.0,-0.0114470115
0.0,-0.017413147
0.0,0.013804481
0.0,0.012934911
0.0,0.015076932
0.0,0.015152016
0.0,0.0033890128
0.0,-0.002372694
0.0,0.0022027164
0.0,0.013936334
0.0,0.04284513
0.0,0.26239592
0.0,-0.0266619
0.0,-0.028753005
0.0,-0.030367918
0.0,-0.032441393
0.0,-0.02169486
0.0,-0.06632215
0.0,1.1906856
0.0,1.1144252
5.0,2.6783419
0.0,0.037657753
0.0,0.008809498
0.0,0.016882392
0.0,1.1523782
0.0,0.02234356
0.0,0.29233238
0.0,0.03536959
0.0,0.017008925
0.0,-0.00809506
0.0,-0.016130969
0.0,-0.02510619
0.0,-0.0114470115
0.0,-0.017413147
0.0,-0.0114470115
0.0,-0.017413147
0.0,0.017130494
0.0,0.019910626
0.0,0.06288257
0.0,0.030916205
0.0,0.00052558776
0.0,0.008785306
0.0,-0.011831247
0.0,-0.018714502
0.0,-0.013272865
0.0,1.143253
0.0,0.037981417
6.0,4.406239
0.0,0.036649942
0.0,0.07960846
0.0,0.060525026
1.0,1.2938443
0.0,0.02003293
0.0,0.033343513
0.0,0.032642275
0.0,-0.0026334613
0.0,0.0052259355
0.0,0.0014561578
0.0,-0.0063723084
0.0,-0.0114470115
0.0,-0.017413147
0.0,-0.0114470115
0.0,-0.017413147
0.0,-0.0114470115
0.0,-0.017413147
0.0,0.013804481
0.0,0.017326714
0.0,0.023195196
0.0,0.010890621
0.0,0.011761888
0.0,0.016539346
0.0,0.0121679595
0.0,0.022946993
0.0,0.05285486
0.0,0.07792181
0.0,0.06686283
0.0,0.3214435
0.0,0.11298736
0.0,0.16415139
0.0,0.12105686
0.0,0.29852444
0.0,0.41255358
0.0,1.4895155
0.0,0.07830123
0.0,0.008498725
0.0,0.0069705737
0.0,0.008531302
0.0,0.009635928
0.0,0.6664381
10.0,1.2934877
0.0,0.03471823
3.0,0.13924044
0.0,0.044340555
6.0,0.11116366
0.0,0.03575907
0.0,-0.0114470115
0.0,-0.017413147
0.0,-0.0114470115
0.0,-0.017413147
0.0,0.017130494
0.0,0.019910626
0.0,0.06288257
0.0,0.058446992
0.0,0.035450526
0.0,0.057921
0.0,0.074215285
0.0,0.06910431
0.0,0.06070179
0.0,0.058883995
0.0,0.024173846
0.0,0.065925956
0.0,0.07058506
0.0,0.1054167
0.0,0.096628405
0.0,0.099621356
0.0,0.81443244
0.0,0.07092233
0.0,0.070739664
0.0,0.027243068
0.0,0.02815507
0.0,0.032627657
0.0,0.033328667
0.0,1.2188029
0.0,2.0976875
6.0,2.8559523
0.0,0.038685367
0.0,1.807195
0.0,0.024961872
0.0,0.07262383
0.0,0.008581206
3.0,0.8616042
0.0,0.0073918193
0.0,0.0132388435
0.0,0.009158471
0.0,0.029769603
0.0,0.011103333
0.0,0.037550747
1.0,0.015304691
0.0,0.04416295
0.0,0.080341466
0.0,0.11587468
0.0,0.04748828
0.0,0.04857801
0.0,0.03130064
0.0,0.039595217
0.0,0.04751374
0.0,0.044687577
0.0,0.060304586
0.0,0.06995237
0.0,0.07125015
0.0,0.070022136
0.0,0.07514705
0.0,0.08563051
0.0,0.08042233
0.0,0.11104526
0.0,0.10131269
0.0,0.068422824
0.0,0.09438663
0.0,0.084521525
0.0,0.0611794
0.0,0.08517273
0.0,0.08268607
0.0,0.08421774
0.0,0.0836271
0.0,0.08454326
0.0,0.068146706
0.0,0.088770024
0.0,0.08681865
0.0,0.05745935
0.0,0.0941
0.0,0.053484865
0.0,0.044611633
0.0,0.04442463
0.0,0.017576285
0.0,-0.0114470115
0.0,-0.017413147
0.0,0.017130494
0.0,0.019910626
0.0,0.05236139
0.0,0.010256764
0.0,-0.024169058
0.0,-0.039679773
0.0,-0.05817234
0.0,-0.078601465
0.0,-0.08445138
0.0,6.312581
0.0,0.0123054115
0.0,-0.079531126
0.0,-0.103110805
0.0,-0.10343065
0.0,-0.10680436
0.0,-0.11652368
7.0,-0.083921075
0.0,0.015887048
0.0,2.035332
0.0,0.06079874
0.0,0.06777248
0.0,0.064059444
0.0,0.04789369
0.0,0.07615197
0.0,0.080188364
8.0,0.1177576
0.0,0.030313252
6.0,0.13997442
0.0,0.029905407
5.0,0.23472081
0.0,-0.0114470115
0.0,-0.017413147
0.0,0.013804481
0.0,0.017326714
0.0,-0.015021404
0.0,-0.0114470115
0.0,-0.017413147
0.0,0.013804481
0.0,0.017326714
0.0,0.023195196
0.0,0.010890621
0.0,0.011761888
0.0,0.016539346
0.0,0.0121679595
0.0,0.0038759946
0.0,-0.012881764
0.0,-0.017367676
0.0,-0.034830045
0.0,-0.056377724
0.0,-0.06698749
0.0,-0.045448598
6.0,4.666577
0.0,0.04685237
6.0,0.7326186
0.0,0.06359723
0.0,1.8651236
0.0,0.0751284
0.0,1.5213826
0.0,0.07890793
8.0,0.41973037
0.0,0.111788124
4.0,0.9613883
0.0,0.15060344
0.0,-0.0114470115
0.0,-0.017413147
0.0,0.013804481
0.0,0.03659829
0.0,0.08576023
0.0,0.08069895
0.0,0.06535155
0.0,0.060881343
0.0,0.033708066
0.0,0.016004208
0.0,0.013295992
0.0,0.0053047687
0.0,0.0034882887
0.0,-0.032321192
0.0,1.5743821
0.0,0.8525439
0.0,3.4379833
0.0,2.8921108
6.0,2.752575
0.0,0.016119393
0.0,0.0827856
0.0,0.028421586
1.0,1.9990513
0.0,0.024322925
0.0,0.06990024
0.0,0.026169626
0.0,0.07013927
0.0,0.05184842
0.0,0.10482252
0.0,0.11136072
0.0,0.12968017
0.0,0.18255602
0.0,0.19313204
0.0,0.19264585
0.0,0.336481
0.0,0.18454042
0.0,0.26697385
0.0,0.17694739
0.0,0.17283323
0.0,0.07975615
0.0,0.11834634
0.0,0.057823293
0.0,0.049566515
0.0,0.06910646
3.0,0.04122467
0.0,0.060191657
0.0,0.07006778
0.0,0.056422435
0.0,0.07414365
0.0,0.05190861
0.0,0.061793145
0.0,0.06459491
0.0,0.06844742
0.0,0.07209145
0.0,0.08115693
0.0,0.08964134
0.0,0.08504447
1.0,0.080153756
0.0,0.16061096
0.0,0.16648933
0.0,0.15545298
0.0,0.12195445
0.0,0.14753291
0.0,0.13469401
0.0,0.13987373
0.0,0.13729686
0.0,0.08828284
0.0,0.1351619
0.0,0.13982826
0.0,0.13780181
0.0,0.098840445
0.0,0.14135714
0.0,0.09797404
0.0,0.07579045
0.0,0.14034696
0.0,0.14619859
0.0,0.14572708
0.0,0.11751033
0.0,0.14683138
0.0,0.091590635
0.0,-0.03137517
0.0,-0.027483772
0.0,0.0049268156
0.0,-0.02841566
0.0,-0.0114470115
0.0,-0.017413147
0.0,0.017130494
0.0,0.019910626
0.0,0.07280954
0.0,0.030186998
0.0,0.012723236
0.0,0.0023863479
0.0,-0.014135215
0.0,-0.018761214
0.0,-0.012644049
0.0,0.6830808
0.0,0.10295375
0.0,-0.08070577
0.0,-0.07937979
0.0,-0.032531068
0.0,-0.032497197
0.0,-0.06663842
0.0,0.11511479
0.0,0.10742421
7.0,3.7474792
0.0,0.039479576
0.0,0.9424931
0.0,0.054698013
0.0,0.13104759
0.0,0.023163201
1.0,0.8843885
0.0,0.027824208
0.0,0.029555395
0.0,0.040430337
0.0,-0.0114470115
0.0,-0.017413147
0.0,0.013804481
0.0,0.017326714
0.0,0.023195196
0.0,0.010890621
0.0,0.011761888
0.0,0.013371431
0.0,0.008989938
0.0,-0.0017200663
0.0,0.010236701
0.0,0.07399305
0.0,-0.04200274
0.0,-0.0114470115
0.0,-0.017413147
0.0,0.013804481
0.0,0.017326714
0.0,0.023195196
0.0,0.010890621
0.0,0.011761888
0.0,0.009583288
0.0,-0.022048518
0.0,-0.0114470115
0.0,-0.017413147
0.0,-0.0114470115
0.0,-0.017413147
0.0,0.017130494
0.0,0.019910626
0.0,0.06288257
0.0,0.030916205
0.0,0.0142089315
0.0,0.02088535
0.0,0.0040282905
0.0,0.00282031
0.0,0.011270094
0.0,0.98161626
0.0,0.033243984
6.0,4.387096
0.0,0.14207801
0.0,-0.005386692
0.0,0.017419126
0.0,-0.0114470115
0.0,-0.017413147
0.0,-0.0114470115
0.0,-0.017413147
0.0,0.013804481
0.0,0.017326714
0.0,0.023195196
0.0,0.010890621
0.0,0.011761888
0.0,0.013371431
0.0,0.008989938
0.0,0.015495922
0.0,0.031172818
0.0,0.58550614
0.0,0.17860338
0.0,0.6772818
0.0,0.14382719
0.0,0.27188158
0.0,-0.011370129
0.0,-0.037100777
0.0,-0.039472584
0.0,-0.043647192
0.0,-0.043571144
0.0,-0.06918988
6.0,2.222822
0.0,0.035464533
0.0,2.184592
0.0,0.028242465
0.0,1.158169
0.0,0.031890422
9.0,1.1727889
0.0,0.056707773
0.0,0.15333655
0.0,0.056893203
1.0,0.4041287
0.0,0.057309587
0.0,0.05432928
0.0,0.03843073
6.0,0.113946
0.0,0.032800395
0.0,0.0904718
0.0,0.026888521
0.0,0.071513884
0.0,0.04532888
0.0,0.07825811
0.0,0.057674367
0.0,0.09205426
0.0,-0.0114470115
0.0,-0.017413147
0.0,0.013804481
0.0,0.014640842
0.0,0.017615626
0.0,0.010974368
0.0,0.009792885
0.0,0.007665354
0.0,0.0056335772
0.0,0.06899211
0.0,0.07172989
0.0,0.038662165
0.0,-0.010300183
0.0,-0.013779529
0.0,-0.014413285
0.0,-0.022808883
0.0,-0.011124257
0.0,-0.031640444
0.0,0.42626926
0.0,0.4190989
6.0,2.553766
0.0,0.037660714
1.0,1.2266167
0.0,0.031135123
0.0,1.1827812
0.0,0.020376861
3.0,0.88783884
0.0,0.023978587
3.0,0.5103704
0.0,0.011450153
0.0,-0.0114470115
0.0,-0.017413147
0.0,-0.0114470115
0.0,-0.017413147
0.0,0.017130494
0.0,0.019910626
0.0,0.06288257
0.0,0.058446992
0.0,0.037314378
6.0,0.041066572
0.0,0.4007337
0.0,-0.0114470115
0.0,-0.017413147
0.0,0.013804481
0.0,0.014640842
0.0,0.017615626
0.0,0.010974368
0.0,0.009792885
0.0,0.016481183
0.0,0.023837335
0.0,0.030767404
0.0,-0.04506069
0.0,-0.0114470115
0.0,-0.017413147
0.0,0.017130494
0.0,0.019910626
0.0,0.06288257
0.0,0.058446992
0.0,0.07939028
0.0,0.02374315
0.0,0.011152882
0.0,-0.009457338
0.0,-0.004512334
0.0,-0.0015350162
0.0,-0.0221711
5.0,1.5296628
0.0,0.048248313
2.0,2.6089175
0.0,0.023464955
5.0,1.8299032
0.0,0.019330246
2.0,2.0797353
0.0,0.0018329202
0.0,-0.0114470115
0.0,-0.017413147
0.0,-0.0114470115
0.0,-0.017413147
0.0,0.017130494
0.0,0.019910626
0.0,0.03955129
0.0,0.0356739
0.0,0.027939698
0.0,0.030591829
0.0,0.053528104
0.0,-0.0070960936
0.0,-0.0052802726
0.0,-0.008436054
0.0,-0.017727213
0.0,-0.021218466
0.0,-0.045626935
0.0,0.54101163
0.0,0.31420988
0.0,3.8713806
0.0,3.679409
0.0,-0.014262053
0.0,-0.017110026
0.0,-0.023613654
0.0,-0.022871604
0.0,-0.022218471
0.0,0.044050884
0.0,0.9356587
0.0,1.1755432
0.0,1.7981782
4.0,1.8577178
0.0,0.0037973642
0.0,-0.0099135665
0.0,0.04298466
0.0,0.0043611526
0.0,0.035478417
0.0,-0.020519026
7.0,0.035319205
0.0,0.034758862
0.0,0.8456804
0.0,0.030459367
0.0,0.11282147
0.0,0.016379172
0.0,0.74238926
0.0,0.017761158
0.0,0.02517598
0.0,0.023008069
0.0,0.029815858
0.0,0.024081586
0.0,0.025018439
0.0,0.02872291
0.0,0.016408127
0.0,0.009214556
0.0,0.009493436
0.0,0.010216587
0.0,-0.0114470115
0.0,-0.017413147
0.0,0.013804481
0.0,0.014640842
0.0,-0.017151417
0.0,-0.0114470115
0.0,-0.017413147
0.0,0.013804481
0.0,0.014640842
0.0,0.017615626
0.0,0.010974368
0.0,0.009792885
0.0,0.016481183
0.0,0.023837335
0.0,0.019573078
0.0,0.025338255
0.0,0.045980368
0.0,0.03873155
0.0,0.5007478
0.0,0.16975743
0.0,0.08887059
0.0,0.062672846
0.0,0.05887733
0.0,0.07148126
0.0,0.09258253
0.0,0.107590005
0.0,0.34389815
0.0,0.09270988
0.0,0.08990165
0.0,0.045395605
0.0,0.03435507
0.0,0.028185265
0.0,0.19601521
0.0,0.61820155
0.0,1.0451308
9.0,2.0452273
0.0,0.036597405
0.0,0.0544797
0.0,0.026380895
0.0,0.059877563
0.0,0.032794416
0.0,0.041677706
0.0,0.041063357
0.0,0.047385607
0.0,0.043817244
0.0,-0.0114470115
0.0,-0.017413147
0.0,0.013804481
0.0,0.017326714
0.0,0.023195196
0.0,0.010890621
0.0,0.011761888
0.0,0.013371431
0.0,0.008989938
0.0,0.010085874
0.0,0.018098556
0.0,0.3449666
0.0,0.103615165
0.0,0.07136037
0.0,0.048348326
0.0,0.06785539
0.0,0.009591699
0.0,-0.014294452
0.0,-0.011040028
0.0,-0.012572866
0.0,-0.013335916
0.0,-0.021851841
4.0,0.3086366
0.0,0.0392277
0.0,0.0076248986
0.0,0.02274958
1.0,1.9338106
0.0,0.028732993
0.0,0.054427262
0.0,0.04172518
0.0,0.058420368
0.0,0.05444702
0.0,0.07147999
0.0,0.057507657
0.0,0.1259144
5.0,0.12355989
0.0,0.124942966
0.0,0.18841794
0.0,0.13453162
1.0,0.21701118
0.0,0.15057047
1.0,0.20778117
0.0,0.14917201
0.0,0.18123068
0.0,0.17936252
0.0,0.31516677
0.0,0.16104463
1.0,0.18868291
0.0,0.15007672
0.0,0.07485573
0.0,0.054720785
0.0,0.10996812
0.0,0.0929979
0.0,0.07586404
0.0,0.05694792
0.0,0.0757787
0.0,0.08008217
0.0,0.06929553
0.0,0.09688132
0.0,0.07554539
0.0,0.07702926
0.0,0.104333885
0.0,0.15313093
0.0,0.07919203
0.0,0.1609502
0.0,0.14617324
6.0,0.14071909
0.0,0.12996203
0.0,0.3709966
0.0,0.15948932
0.0,0.20555623
0.0,0.18882832
0.0,0.28041518
0.0,0.19865979
0.0,0.21811537
0.0,0.18830414
0.0,0.14659289
0.0,0.17348813
0.0,-0.0114470115
0.0,-0.017413147
0.0,0.013804481
0.0,0.014640842
0.0,0.017615626
0.0,0.010974368
0.0,0.009792885
0.0,0.016481183
0.0,-0.015660554
0.0,-0.0114470115
0.0,-0.017413147
0.0,0.017130494
0.0,0.019910626
0.0,0.03955129
0.0,0.010893432
0.0,-0.015234851
0.0,-0.010369162
0.0,-0.03214739
0.0,-0.049986925
0.0,-0.02710739
6.0,2.195331
0.0,0.044145547
0.0,1.1646994
0.0,0.07974272
1.0,0.91692847
0.0,0.040213622
8.0,1.4725648
0.0,0.033411276
3.0,1.8724624
0.0,0.07801024
0.0,0.19544132
0.0,0.049028743
2.0,0.8408695
0.0,0.027424926
3.0,0.10750585
0.0,0.012405473
0.0,0.12872663
0.0,0.05819628
0.0,0.1395446
0.0,0.09478907
0.0,0.13978344
0.0,0.04722604
0.0,0.04431811
0.0,-0.0114470115
0.0,-0.017413147
0.0,0.017130494
0.0,0.019910626
0.0,0.06288257
0.0,0.058446992
0.0,0.037593156
0.0,0.040484242
0.0,0.057718243
0.0,0.06150441
0.0,0.061191432
0.0,0.06728354
0.0,0.05111222
1.0,0.09405954
0.0,0.029979883
2.0,0.27134857
0.0,0.027249452
1.0,1.3963726
0.0,0.020877903
0.0,2.82228
0.0,0.013201504
0.0,-0.0045043794
0.0,0.10070219
0.0,-0.0089945225
0.0,0.08715942
0.0,-0.004665719
0.0,-0.0021903543
7.0,2.2553308
0.0,0.030280625
0.0,2.389929
0.0,0.04690967
2.0,0.18891975
0.0,0.021798467
3.0,1.2109586
0.0,0.01989477
0.0,0.08055266
0.0,0.025796713
5.0,0.1580685
0.0,0.0034839062
0.0,0.08699093
0.0,0.079734966
0.0,-0.0114470115
0.0,-0.017413147
0.0,0.017130494
0.0,0.019910626
0.0,0.05337411
0.0,0.00917253
0.0,-0.011024779
0.0,0.0014242142
0.0,-0.024165994
0.0,-0.03684429
0.0,-0.025683632
7.0,4.8873796
0.0,0.29013678
0.0,1.6701162
0.0,0.44004261
1.0,1.2530015
0.0,0.052496564
0.0,0.8689204
0.0,0.12506895
4.0,0.9257434
0.0,0.02008438
0.0,0.12856789
0.0,0.04974637
0.0,-0.0114470115
0.0,-0.017413147
0.0,0.017130494
0.0,0.019910626
0.0,0.05337411
0.0,0.00917253
0.0,0.0009699612
0.0,-0.012916646
0.0,-0.03894031
0.0,-0.05477127
0.0,-0.049110033
0.0,5.24561
0.0,-0.030851683
6.0,5.8547435
0.0,0.06837024
8.0,2.3219104
0.0,0.043152105
3.0,1.463971
0.0,0.04346498
0.0,0.34962133
0.0,0.051223
4.0,0.65058047
0.0,0.019597776
0.0,-0.0114470115
0.0,-0.017413147
0.0,0.013804481
0.0,0.014640842
0.0,-0.017151417
0.0,-0.0114470115
0.0,-0.017413147
0.0,-0.0114470115
0.0,-0.017413147
0.0,0.017130494
0.0,0.019910626
0.0,0.03756828
1.0,0.032093126
0.0,0.029615762
0.0,0.07920657
0.0,0.025020491
0.0,0.0079048425
0.0,0.049247105
0.0,-0.009823233
0.0,0.034993183
0.0,-0.007921764
0.0,-0.07873527
0.0,0.43361306
0.0,0.24829215
7.0,4.059321
0.0,0.030898876
0.0,1.5510187
0.0,0.031923275
0.0,0.7451697
0.0,0.032445267
0.0,0.5773756
0.0,0.030144287
7.0,0.17827994
0.0,0.02898991
0.0,0.26006684
0.0,0.029294552
6.0,0.22924505
0.0,0.027669633
0.0,-0.0114470115
0.0,-0.017413147
0.0,0.017130494
0.0,0.019910626
0.0,0.03955129
0.0,0.0356739
0.0,0.022094725
0.0,-0.007839891
0.0,-0.03132126
0.0,-0.047330562
0.0,-0.049413584
0.0,-0.05227045
0.0,-0.057761688
0.0,3.788992
0.0,1.1987225
6.0,6.1869097
0.0,0.046530604
0.0,0.59948146
0.0,0.08981132
0.0,1.2135378
0.0,0.09433568
0.0,1.2765121
0.0,0.043521192
0.0,0.7511075
0.0,0.30792072
0.0,0.7063455
0.0,0.5649829
6.0,0.5714191
0.0,0.088006236
0.0,1.0681406
0.0,0.18908821
2.0,1.3667287
0.0,0.113707274
1.0,0.8796536
0.0,0.014208703
8.0,1.3822986
0.0,0.092555635
0.0,1.0119668
0.0,0.042158864
0.0,0.94728273
0.0,0.040049013
0.0,0.56099164
0.0,-0.0114470115
0.0,-0.017413147
0.0,-0.0114470115
0.0,-0.017413147
0.0,-0.0114470115
0.0,-0.017413147
0.0,-0.0114470115
0.0,-0.017413147
0.0,0.013804481
0.0,0.014640842
0.0,0.017615626
0.0,0.010974368
0.0,0.009792885
0.0,0.016481183
0.0,0.023837335
0.0,0.022163248
0.0,0.026209371
0.0,0.032621704
0.0,-0.030711217
0.0,-0.0114470115
0.0,-0.017413147
0.0,0.017130494
0.0,0.019910626
0.0,0.014586961
0.0,0.0036095527
0.0,-0.019870654
0.0,-0.025429957
0.0,-0.031051375
0.0,-0.025151812
0.0,-0.024430966
0.0,1.1231636
0.0,0.10479576
0.0,-0.053228807
0.0,0.15251607
0.0,0.21135835
0.0,0.18108898
0.0,0.024955388
0.0,0.00839917
0.0,0.029704627
0.0,-0.055059068
0.0,-0.054818187
0.0,-0.0114470115
0.0,-0.017413147
0.0,0.013804481
0.0,0.014640842
0.0,-0.017151417
0.0,-0.0114470115
0.0,-0.017413147
0.0,-0.0114470115
0.0,-0.017413147
0.0,0.017130494
0.0,0.019910626
0.0,0.03955129
0.0,0.0356739
0.0,0.027323244
0.0,0.00851134
0.0,-0.00087402907
0.0,-0.026877426
0.0,-0.027737496
0.0,-0.03049924
0.0,-0.06695831
0.0,1.7404399
0.0,0.17526151
6.0,5.000929
0.0,0.020218283
11.0,1.6982993
0.0,0.033056807
1.0,0.101263195
0.0,0.02405742
0.0,0.057150047
0.0,0.028191445
2.0,0.0565782
0.0,0.02622999
0.0,0.070683576
0.0,0.040490903
0.0,0.076491006
0.0,0.05041521
0.0,0.07709421
0.0,0.043910798
0.0,0.18530084
0.0,0.06329183
0.0,0.088524655
0.0,0.08299636
0.0,0.07797556
0.0,0.09952633
0.0,0.07883454
0.0,0.08042699
0.0,0.051624764
0.0,0.083885185
0.0,0.05256435
0.0,0.057308774
0.0,0.06484352
0.0,0.06644422
0.0,0.06068107
0.0,0.08100874
2.0,0.06665693
0.0,0.064275905
0.0,0.072981924
0.0,0.08281174
0.0,0.10038078
0.0,0.08375837
0.0,-0.0114470115
0.0,-0.017413147
0.0,-0.0114470115
0.0,-0.017413147
0.0,0.017130494
0.0,0.019910626
0.0,0.058194634
0.0,0.023656162
0.0,0.008742318
0.0,0.011286863
0.0,-0.011096823
0.0,-0.02431302
0.0,-0.015315559
0.0,1.1404996
0.0,0.05380772
6.0,4.636115
0.0,0.04298456
0.0,0.08853608
0.0,0.06191322
1.0,1.8699167
0.0,0.031671528
0.0,0.048615653
0.0,0.06455091
0.0,0.06658448
0.0,0.047149085
0.0,0.09381995
0.0,0.072342135
0.0,0.18655476
0.0,0.061853915
0.0,0.09381886
0.0,0.049435597
0.0,0.059019394
0.0,0.047591154
0.0,0.037936706
0.0,0.042061865
0.0,0.05822022
6.0,0.063247934
0.0,0.1476046
0.0,0.14845538
0.0,0.09079967
0.0,0.24189238
0.0,0.14518547
1.0,0.2249754
0.0,0.07810443
1.0,0.07601487
0.0,0.18378803
0.0,0.277581
0.0,0.11060646
0.0,0.20150405
0.0,0.17245524
0.0,0.11043263
0.0,0.12072235
0.0,0.0415493
0.0,0.024601651
0.0,0.024257796
0.0,0.03946235
0.0,0.021233767
0.0,-0.0114470115
0.0,-0.017413147
0.0,0.017130494
0.0,0.019910626
0.0,0.03955129
0.0,0.0356739
0.0,0.07112504
0.0,0.070877135
0.0,0.19167869
0.0,-0.01139574
0.0,-0.0114470115
0.0,-0.017413147
0.0,-0.0114470115
0.0,-0.017413147
0.0,0.017130494
0.0,0.019910626
0.0,0.06288257
0.0,0.030916205
0.0,0.00052558776
0.0,0.008785306
0.0,-0.011831247
0.0,-0.018714502
0.0,-0.013272865
4.0,1.143253
0.0,0.03203965
0.0,2.1521368
0.0,0.038557567
0.0,0.11804031
0.0,0.055600412
0.0,0.011415398
0.0,0.06793222
0.0,0.0652621
4.0,0.40206647
0.0,0.027920596
0.0,0.0629194
0.0,0.029389624
3.0,3.8120015
0.0,0.0201547
0.0,2.034111
0.0,0.015173421
0.0,0.5598629
0.0,0.01646335
0.0,0.32992998
0.0,0.008501233
0.0,-0.027806476
0.0,-0.023326999
0.0,-0.012475566
0.0,-0.031177934
0.0,-0.0114470115
0.0,-0.017413147
0.0,0.017130494
0.0,0.019910626
0.0,0.03955129
0.0,0.0356739
0.0,0.027323244
0.0,0.034338553
0.0,0.047828108
0.0,0.03983316
0.0,0.05326759
0.0,-0.02926917
0.0,-0.0114470115
0.0,-0.017413147
0.0,0.013804481
0.0,0.026970774
0.0,-0.01299971
0.0,-0.0114470115
0.0,-0.017413147
0.0,-0.0114470115
0.0,-0.017413147
0.0,0.017130494
0.0,0.019910626
0.0,0.05765182
0.0,0.022282308
0.0,-0.005235055
0.0,-0.017184071
0.0,-0.042920798
0.0,-0.05587995
0.0,-0.043313876
2.0,4.650148
0.0,0.05542737
0.0,-0.019632533
0.0,0.08768906
0.0,-0.031796616
0.0,0.088593714
0.0,-0.044463567
6.0,0.06932287
0.0,0.010247112
0.0,1.9576918
0.0,0.037295505
0.0,0.63586676
0.0,0.123932295
0.0,0.068721995
0.0,0.11379122
0.0,0.07289929
7.0,0.21386546
0.0,0.056197613
3.0,1.2091751
0.0,0.022136496
0.0,0.101694316
0.0,0.016246052
3.0,1.4797921
0.0,0.014152086
0.0,0.05489335
0.0,0.017764047
0.0,0.1114904
0.0,0.0316008
0.0,0.0500975
1.0,0.023781478
0.0,0.06669913
0.0,0.061401434
0.0,0.041745268
0.0,0.073761106
0.0,0.07222913
0.0,0.07197373
0.0,0.030008001
0.0,0.058281373
0.0,-0.0114470115
0.0,-0.017413147
0.0,-0.0114470115
0.0,-0.017413147
0.0,-0.0114470115
0.0,-0.017413147
0.0,0.017130494
0.0,0.019910626
0.0,0.06288257
0.0,0.030916205
0.0,0.00052558776
0.0,0.008785306
0.0,-0.011831247
0.0,-0.018714502
0.0,-0.013272865
0.0,1.143253
0.0,0.037981417
5.0,4.406239
0.0,0.018568538
0.0,0.061375696
0.0,0.04157055
1.0,1.7405508
0.0,0.018179895
0.0,0.21562733
0.0,0.034960072
0.0,0.035609663
0.0,-0.0071146875
0.0,0.002161248
0.0,-0.0143916
0.0,-0.0114470115
0.0,-0.017413147
0.0,0.017130494
0.0,0.019910626
0.0,0.05337411
0.0,0.038425513
0.0,0.020934343
0.0,0.023416115
0.0,0.05435973
0.0,-0.048754245
0.0,-0.0114470115
0.0,-0.017413147
0.0,0.013804481
0.0,0.014640842
0.0,0.002599263
0.0,0.009596714
0.0,-0.0070616673
0.0,-0.009764766
0.0,-0.00371197
0.0,0.0025100186
0.0,0.04347501
0.0,0.06202888
0.0,0.05246642
0.0,0.1256892
0.0,0.07574488
0.0,0.1208634
0.0,-0.006857568
0.0,-0.0114470115
0.0,-0.017413147
0.0,0.017130494
0.0,0.019910626
0.0,0.0641862
0.0,0.04004666
0.0,0.00086878537
0.0,0.010566143
0.0,-0.0077117365
0.0,-0.0120101925
0.0,-0.0037387966
0.0,0.92227006
0.0,0.0843063
0.0,-0.077158354
0.0,-0.07044958
0.0,-0.02427834
0.0,-0.026442096
0.0,-0.06808206
0.0,0.09271963
0.0,0.5688586
5.0,4.172545
0.0,0.035665542
0.0,0.030976139
0.0,0.05704046
0.0,0.037575677
0.0,0.052457955
0.0,0.0039868727
8.0,0.078759134
0.0,0.047797076
0.0,1.4904944
0.0,0.080615
0.0,0.36479408
0.0,0.025014412
0.0,0.05896893
0.0,0.062733665
1.0,0.19534105
0.0,0.032508038
0.0,0.06145595
0.0,0.024797367
0.0,0.03378244
0.0,0.03102569
0.0,0.025524167
0.0,0.022906942
0.0,-0.0114470115
0.0,-0.017413147
0.0,0.017130494
0.0,0.019910626
0.0,0.05337411
0.0,0.038425513
0.0,0.047514625
0.0,0.061180186
0.0,0.08704248
0.0,0.09113263
0.0,0.083835
0.0,0.1220004
0.0,0.098959
0.0,-0.03367506
0.0,-0.0114470115
0.0,-0.017413147
0.0,0.017130494
0.0,0.019910626
0.0,0.03756828
0.0,0.032093126
0.0,0.0277225
0.0,0.027906107
0.0,0.070979476
0.0,0.06030651
0.0,0.07071623
0.0,-0.023843821
0.0,-0.0114470115
0.0,-0.017413147
0.0,0.017130494
0.0,0.019910626
0.0,0.03756828
0.0,0.032093126
0.0,0.018867658
0.0,0.022419252
0.0,0.07043064
0.0,-0.011730071
0.0,-0.00022373199
0.0,0.04461898
0.0,0.038229316
0.0,-0.0058446433
0.0,-0.039550304
0.0,-0.012147973
0.0,0.8184153
6.0,1.9642805
0.0,0.039115883
1.0,1.2904897
0.0,0.042819418
3.0,1.1542112
0.0,0.07288697
0.0,0.09669361
0.0,0.015078148
0.0,2.0977578
0.0,0.010704963
0.0,0.026076099
0.0,0.010832129
0.0,-0.0114470115
0.0,-0.017413147
0.0,0.013804481
0.0,0.03389935
0.0,0.03106465
0.0,0.02462744
0.0,0.021556444
0.0,0.054727446
0.0,-0.008158187
0.0,-0.0114470115
0.0,-0.017413147
0.0,0.017130494
0.0,0.019910626
0.0,0.07280954
0.0,0.07429285
0.0,0.08454113
0.0,0.022929944
0.0,0.010917346
0.0,-0.010667446
0.0,-0.0008677214
0.0,0.0026744232
0.0,-0.009538729
7.0,1.5109198
0.0,0.19431168
4.0,2.734338
0.0,0.030690927
0.0,0.41746888
0.0,0.02954278
0.0,0.78757375
0.0,0.017778384
1.0,0.048191722
0.0,0.012265944
0.0,0.032420415
0.0,0.031883456
0.0,0.014870856
0.0,-0.002498214
0.0,-0.0114470115
0.0,-0.017413147
0.0,0.013804481
0.0,0.03389935
0.0,0.03106465
0.0,0.02462744
0.0,0.021556444
0.0,0.06525929
0.0,-0.0062782257
0.0,-0.0114470115
0.0,-0.017413147
0.0,0.013804481
0.0,0.014640842
0.0,0.017615626
0.0,0.010974368
0.0,0.009792885
0.0,0.00888785
0.0,0.010650676
0.0,0.039816264
0.0,0.03990632
0.0,0.039007667
0.0,0.04000734
0.0,0.11131545
0.0,0.08609755
0.0,0.11861585
0.0,0.09132997
0.0,0.09168201
0.0,-0.020374253
0.0,-0.0114470115
0.0,-0.017413147
0.0,0.017130494
0.0,0.019910626
0.0,0.058194634
0.0,0.057614177
0.0,0.037255883
0.0,0.05424011
0.0,0.053094145
0.0,0.044968914
0.0,0.046322856
0.0,0.040933985
0.0,0.03846417
0.0,0.0402596
0.0,0.039780192
0.0,0.01551976
0.0,0.020606142
0.0,0.00042390524
0.0,-0.0023119731
0.0,-0.0027483925
0.0,0.004735027
7.0,0.04785896
0.0,0.046356093
6.0,0.6639208
0.0,0.024261925
0.0,0.11183463
0.0,0.02114584
4.0,0.66176707
0.0,0.023013363
0.0,0.026901847
0.0,0.0216159
0.0,0.041826483
0.0,0.013743608
0.0,0.042577676
0.0,0.025226744
0.0,0.03921881
0.0,0.059825204
0.0,0.07546243
0.0,0.073263004
0.0,0.07807304
0.0,0.07876278
0.0,0.0747946
0.0,0.080274366
0.0,0.109404184
0.0,0.090607226
0.0,0.10278078
0.0,0.110461414
0.0,0.118033566
0.0,0.12545893
0.0,0.090508126
2.0,0.14379847
0.0,0.08111615
2.0,0.20443721
0.0,0.097681835
0.0,0.08303534
0.0,0.09579929
0.0,0.076380104
0.0,0.090657406
0.0,0.07520984
0.0,0.08807902
0.0,-0.0114470115
0.0,-0.017413147
0.0,0.013804481
0.0,0.031828027
0.0,-0.009165767
0.0,-0.0114470115
0.0,-0.017413147
0.0,0.017130494
0.0,0.019910626
0.0,0.058194634
0.0,0.057614177
0.0,0.029407052
1.0,0.036193892
0.0,0.017414972
0.0,0.011273285
0.0,0.055861384
0.0,-0.005933736
0.0,0.03572421
0.0,-0.00796531
0.0,-0.013222479
5.0,2.2955096
0.0,0.011921151
0.0,-0.013172499
0.0,0.015321284
0.0,-0.0114470115
0.0,-0.017413147
0.0,-0.0114470115
0.0,-0.017413147
0.0,0.017130494
0.0,0.019910626
0.0,0.0641862
0.0,0.06199828
0.0,0.042397846
0.0,0.042639688
0.0,0.061684217
0.0,-0.023619633
0.0,-0.0114470115
0.0,-0.017413147
0.0,0.017130494
0.0,0.019910626
0.0,0.058194634
0.0,0.023656162
0.0,0.00017076283
0.0,0.009185069
0.0,-0.012325018
0.0,-0.025080832
0.0,-0.016345734
6.0,0.97836334
0.0,0.07730492
0.0,0.1515306
0.0,0.043146532
0.0,-0.0114470115
0.0,-0.017413147
0.0,-0.0114470115
0.0,-0.017413147
0.0,0.013804481
0.0,0.01909547
0.0,-0.012141361
0.0,-0.0114470115
0.0,-0.017413147
0.0,0.013804481
0.0,0.031828027
0.0,0.047145005
0.0,0.0373829
0.0,0.028853346
0.0,0.027898407
0.0,0.021540385
0.0,0.020088153
0.0,0.03224294
0.0,0.075641245
0.0,0.06842145
0.0,0.103816025
0.0,0.015822425
0.0,0.018797109
0.0,0.027426472
0.0,0.0183481
0.0,0.015223832
0.0,0.050806183
0.0,0.56473255
0.0,0.51450187
6.0,3.4375236
0.0,0.056088384
6.0,0.72621447
0.0,0.051122505
0.0,0.8249345
0.0,0.057086565
0.0,0.063581355
0.0,0.05866034
0.0,-0.0114470115
0.0,-0.017413147
0.0,0.013804481
0.0,0.017111925
0.0,0.0557062
0.0,0.05240557
0.0,0.04576472
0.0,0.04204312
0.0,-0.0085248165
0.0,-0.0114470115
0.0,-0.017413147
0.0,0.017130494
0.0,0.019910626
0.0,0.058194634
0.0,0.0018087536
0.0,-0.0114470115
0.0,-0.017413147
0.0,0.013804481
0.0,0.017111925
0.0,0.0557062
0.0,0.05240557
0.0,0.04576472
0.0,0.04237122
0.0,0.03781876
0.0,0.018489681
0.0,0.02424959
0.0,0.0925665
0.0,-0.01770781
0.0,-0.011699496
0.0,-0.011617445
0.0,-0.008587133
0.0,-0.001987496
0.0,-0.033564612
4.0,0.9483328
0.0,0.022498896
0.0,0.021864684
0.0,0.029925115
0.0,2.7415311
0.0,0.021663092
0.0,0.05597725
0.0,0.028580798
0.0,0.05325505
0.0,0.13509999
0.0,0.14691593
0.0,0.13358828
0.0,0.14305998
0.0,0.14866953
0.0,0.16523245
0.0,0.05448046
1.0,0.070741914
0.0,0.03479326
0.0,0.055486724
0.0,0.054029197
0.0,-0.020595198
0.0,-0.031114755
0.0,-0.037500743
0.0,-0.012546622
0.0,-0.0114470115
0.0,-0.017413147
0.0,-0.0114470115
0.0,-0.017413147
0.0,0.017130494
0.0,0.019910626
0.0,0.058194634
0.0,0.057614177
0.0,0.029407052
0.0,0.036193892
0.0,0.27897498
0.0,-0.013103849
0.0,-0.010995672
0.0,-0.029884584
0.0,-0.036930066
0.0,-0.03875921
0.0,-0.03152027
0.0,1.5409007
0.0,1.3560969
0.0,0.12811463
0.0,-0.05185212
0.0,-0.054117605
0.0,-0.052540235
0.0,0.16699481
0.0,0.21209536
0.0,0.2907687
6.0,1.8374553
0.0,0.0039851754
0.0,1.6933459
0.0,0.01654183
5.0,1.5794175
0.0,0.012446916
0.0,0.10148976
0.0,0.014385445
0.0,1.3243607
0.0,0.002718146
0.0,1.3507087
0.0,0.00644681
0.0,0.006341505
0.0,0.006878441
0.0,0.07557541
0.0,0.057619598
0.0,0.007969743
0.0,0.013376371
0.0,0.013411532
0.0,0.017561011
0.0,0.013830598
0.0,0.03888154
0.0,0.024362924
0.0,0.023206873
0.0,0.019543312
0.0,0.048978355
0.0,0.044773173
0.0,0.040687
0.0,0.04305397
0.0,0.055301927
0.0,0.054730564
0.0,0.07479288
0.0,0.06368032
0.0,0.05769932
0.0,0.034090273
0.0,0.05874039
0.0,0.060544834
0.0,0.060996603
0.0,0.04747574
0.0,0.062728755
0.0,0.05953267
0.0,0.018928582
0.0,0.009586074
0.0,0.012675714
0.0,-0.0114470115
0.0,-0.017413147
0.0,-0.0114470115
0.0,-0.017413147
0.0,-0.0114470115
0.0,-0.017413147
0.0,0.017130494
0.0,0.019910626
0.0,0.058194634
0.0,0.057614177
0.0,0.038303718
0.0,0.038083658
0.0,0.063647725
0.0,0.085065424
0.0,0.08788741
0.0,0.0986159
0.0,0.08612432
0.0,0.028823024
0.0,0.0253111
0.0,0.040290073
0.0,0.038164746
0.0,0.033007964
0.0,0.055478945
0.0,0.46174958
0.0,0.5068165
5.0,2.628928
0.0,0.015374202
0.0,0.094316125
0.0,0.012936178
1.0,1.0668815
0.0,0.03784369
0.0,0.08293372
0.0,0.036099352
0.0,0.05757466
0.0,0.100199685
0.0,0.13742743
0.0,0.12355581
0.0,0.12655628
0.0,0.044192538
0.0,0.05053931
0.0,0.03433384
0.0,-0.019391423
0.0,-0.027001096
0.0,-0.02156455
0.0,-0.025733484
0.0,-0.0114470115
0.0,-0.017413147
0.0,-0.0114470115
0.0,-0.017413147
0.0,0.017130494
0.0,0.019910626
0.0,0.058194634
0.0,0.057614177
0.0,0.038303718
0.0,0.038083658
0.0,0.057884675
0.0,0.051354747
0.0,0.060187098
0.0,0.12233088
0.0,0.048473235
0.0,0.12855966
0.0,0.14233784
0.0,-0.036053985
0.0,-0.0114470115
0.0,-0.017413147
0.0,0.013804481
0.0,0.0043555032
0.0,-0.0011948078
0.0,-0.0017153799
0.0,-0.015396546
0.0,-0.01977115
0.0,-0.012321826
0.0,-0.010953697
0.0,-0.051897485
0.0,-0.06403639
0.0,-0.06736988
0.0,-0.0669101
0.0,-0.08516402
0.0,0.49094874
6.0,3.844424
0.0,0.04961024
1.0,0.42931995
0.0,0.063180394
0.0,0.9261742
0.0,0.06500306
0.0,0.71519583
0.0,0.06179188
2.0,0.1498949
0.0,0.13935044
3.0,1.5162297
0.0,0.08255029
3.0,0.30302715
0.0,0.091553144
7.0,1.096708
0.0,0.071609944
0.0,-0.0114470115
0.0,-0.017413147
0.0,0.017130494
1.0,0.019910626
0.0,0.029401226
0.0,0.01808219
0.0,0.06588671
0.0,0.023534011
0.0,0.024151858
0.0,0.00050172507
0.0,0.045262787
0.0,1.8167276
0.0,0.12350966
4.0,3.419034
0.0,0.034661636
0.0,0.102468036
0.0,0.032119624
0.0,2.5485282
0.0,0.02871146
0.0,0.04201272
0.0,0.033961818
0.0,0.04261418
0.0,0.028196285
0.0,0.05751014
0.0,0.04795753
0.0,0.05807874
0.0,0.045864042
0.0,-0.021580815
0.0,-0.03469353
0.0,-0.024792148
0.0,-0.028289607
0.0,-0.0114470115
0.0,-0.017413147
0.0,0.013804481
0.0,0.017111925
0.0,0.0557062
0.0,0.05240557
0.0,0.04576472
0.0,0.04204312
0.0,0.034045056
0.0,0.043996673
0.0,-0.016082712
0.0,-0.006650479
0.0,-0.024435576
0.0,-0.030830126
0.0,-0.03245416
0.0,-0.017542796
0.0,0.20905101
0.0,0.041669577
6.0,1.577293
0.0,0.05879272
0.0,1.4983712
0.0,0.047913957
0.0,0.09040971
0.0,0.034495536
3.0,2.1659102
0.0,0.030505218
0.0,0.052985318
0.0,0.045767527
0.0,0.08196114
0.0,-0.009038702
0.0,-0.007392883
0.0,-0.018579787
0.0,-0.009577386
0.0,-0.0114470115
0.0,-0.017413147
0.0,0.017130494
0.0,0.019910626
0.0,0.046098515
0.0,0.058705557
0.0,0.045559324
0.0,0.04790443
0.0,0.049637925
0.0,-0.0019756407
0.0,0.004067023
0.0,-0.012468955
0.0,-0.020880183
0.0,-0.025569739
0.0,0.046792004
0.0,1.4844671
0.0,0.7710145
0.0,0.030502861
0.0,-0.04262816
0.0,-0.044555902
0.0,-0.028887467
0.0,0.28785402
0.0,0.36071324
0.0,0.36391488
3.0,1.3887446
0.0,0.057409827
0.0,0.059667587
0.0,0.02844051
0.0,2.301331
0.0,0.01116451
0.0,-0.0320892
0.0,-0.017113242
0.0,-0.0114470115
0.0,-0.017413147
0.0,0.017130494
0.0,0.019910626
0.0,0.058194634
6.0,0.057614177
0.0,0.17879255
20.0,4.069337
0.0,0.62475353
0.0,0.5294217
0.0,0.6844119
0.0,0.5712947
0.0,0.54370177
0.0,0.44854894
0.0,0.39395803
0.0,0.1948894
0.0,0.18109728
0.0,0.10882076
0.0,0.1452648
0.0,0.06709664
0.0,0.10938179
0.0,0.105021544
0.0,0.39526877
0.0,-0.0114470115
0.0,-0.017413147
0.0,0.017130494
0.0,0.019910626
0.0,0.058194634
0.0,0.057614177
0.0,0.038303718
0.0,0.038083658
0.0,0.06532313
0.0,-0.03995389
0.0,-0.0114470115
0.0,-0.017413147
0.0,0.013804481
0.0,0.01909547
0.0,0.04418195
0.0,0.03765988
0.0,0.030388057
0.0,0.02810405
0.0,0.026588008
0.0,0.022529116
0.0,0.026125168
0.0,0.04267647
0.0,0.040363967
0.0,0.2597412
0.0,0.11271137
0.0,0.12879623
0.0,0.10038962
0.0,0.10127971
0.0,-0.02962478
0.0,-0.0114470115
0.0,-0.017413147
0.0,0.013804481
0.0,0.01909547
0.0,0.04418195
0.0,0.03765988
0.0,0.030388057
0.0,0.02810405
0.0,0.026588008
0.0,0.022529116
0.0,0.026125168
0.0,0.054585893
0.0,0.04832935
0.0,0.095902845
0.0,-0.03757897
0.0,-0.0114470115
0.0,-0.017413147
0.0,-0.0114470115
0.0,-0.017413147
0.0,0.017130494
0.0,0.019910626
0.0,0.07280954
0.0,0.07429285
0.0,0.05113816
0.0,0.0588271
0.0,0.06704907
0.0,0.0078507075
0.0,0.009576246
0.0,-0.0036700203
0.0,-0.0127555095
0.0,-0.015522876
0.0,-0.06282147
6.0,0.59220284
0.0,0.10171932
0.0,0.008466199
0.0,-0.0057443795
0.0,-0.0114470115
0.0,-0.017413147
0.0,0.013804481
0.0,0.017111925
0.0,-0.009986446
0.0,-0.0114470115
0.0,-0.017413147
0.0,0.013804481
0.0,0.017111925
0.0,-0.009986446
0.0,-0.0114470115
0.0,-0.017413147
0.0,-0.0114470115
0.0,-0.017413147
0.0,-0.0114470115
0.0,-0.017413147
0.0,-0.0114470115
0.0,-0.017413147
0.0,0.017130494
0.0,0.019910626
0.0,0.035942726
0.0,0.025723023
0.0,0.04583177
0.0,0.045155533
0.0,0.049468275
0.0,0.04877646
0.0,0.070480056
0.0,0.24001023
0.0,0.090810336
0.0,0.6449422
0.0,0.22632101
2.0,0.57134604
0.0,0.027189491
0.0,1.3834593
0.0,0.041915346
0.0,1.3408977
0.0,0.026471963
0.0,1.6252146
0.0,0.027153544
0.0,1.4967878
0.0,0.44352925
0.0,1.239373
0.0,1.2260863
0.0,1.1986029
0.0,1.0815314
0.0,1.8719436
0.0,1.9385464
0.0,-0.042291626
0.0,-0.0114470115
0.0,-0.017413147
0.0,0.013804481
0.0,0.012500315
0.0,0.013119682
0.0,0.0067230044
0.0,0.009003009
0.0,0.008076897
0.0,0.007669331
0.0,0.0095665185
0.0,0.014375464
0.0,0.07962211
0.0,0.057828333
0.0,0.073376134
0.0,-0.03388177
0.0,-0.0114470115
0.0,-0.017413147
0.0,0.013804481
0.0,0.012500315
0.0,-0.016412053
0.0,-0.0114470115
0.0,-0.017413147
0.0,-0.0114470115
0.0,-0.017413147
0.0,0.017130494
0.0,0.019910626
0.0,0.035942726
0.0,0.025723023
0.0,0.04583177
0.0,0.045155533
0.0,0.049468275
0.0,0.04877646
0.0,0.070480056
0.0,-0.03296926
0.0,-0.0114470115
0.0,-0.017413147
0.0,-0.0114470115
0.0,-0.017413147
0.0,0.017130494
0.0,0.019910626
0.0,0.035942726
0.0,0.025723023
0.0,0.015112548
0.0,0.025828835
0.0,0.056412328
0.0,0.052725207
0.0,0.102881044
4.0,0.8572397
0.0,0.06111635
0.0,0.07133453
0.0,0.052337933
0.0,0.022058323
0.0,0.06596063
0.0,0.0064889877
0.0,0.058752697
7.0,2.2907197
0.0,0.025434516
1.0,2.1442842
0.0,0.047569644
0.0,-0.0114470115
0.0,-0.017413147
0.0,-0.0114470115
0.0,-0.017413147
0.0,0.017130494
0.0,0.019910626
0.0,0.04769985
0.0,0.095465265
0.0,0.0814945
0.0,0.0757769
0.0,0.09332345
0.0,0.073210366
0.0,0.06947403
0.0,0.13705312
0.0,0.1884562
0.0,0.72917706
0.0,0.23674132
0.0,0.07471825
0.0,0.07160533
0.0,0.036438752
0.0,0.03730194
0.0,0.048125427
0.0,0.055906728
10.0,1.5162196
0.0,0.030318065
0.0,0.082427554
0.0,0.0332127
1.0,0.036376357
0.0,0.03888972
0.0,0.06917301
0.0,0.039596457
0.0,0.05179816
0.0,0.047850627
0.0,0.071104035
0.0,0.067877784
0.0,0.072474875
0.0,0.07501433
0.0,0.11075666
0.0,0.051168077
0.0,0.05198293
0.0,0.052969787
0.0,-0.0023334548
0.0,-0.003680381
0.0,-0.016450685
0.0,-0.0021344721
0.0,-0.0114470115
0.0,-0.017413147
0.0,0.017130494
0.0,0.019910626
0.0,0.035942726
6.0,0.025723023
0.0,0.2875875
4.0,3.6200063
0.0,0.061363716
0.0,0.7154205
0.0,0.091942444
0.0,0.90720206
0.0,0.052675862
0.0,0.55772126
0.0,0.048217308
0.0,1.9085898
0.0,1.0481778
0.0,0.050909743
0.0,0.09198181
0.0,0.15558665
0.0,1.6638813
0.0,1.8015594
0.0,0.8597793
0.0,0.9274007
9.0,1.6019078
0.0,0.029550962
1.0,0.5798185
0.0,0.047229182
0.0,-0.0114470115
0.0,-0.017413147
0.0,-0.0114470115
0.0,-0.017413147
0.0,0.017130494
0.0,0.019910626
0.0,0.035942726
0.0,0.025723023
0.0,0.014758762
0.0,0.017957557
0.0,0.030239891
0.0,0.02678542
0.0,0.05754482
0.0,-0.019653609
0.0,-0.025031434
0.0,-0.030021124
0.0,-0.06427917
0.0,-0.06598961
0.0,-0.015215422
7.0,3.5126019
0.0,0.03627488
1.0,1.7091652
0.0,0.01900435
5.0,0.48795542
0.0,0.022027798
0.0,0.5608919
0.0,0.038779475
0.0,0.0866526
0.0,0.007068431
0.0,0.15233141
0.0,0.008663129
0.0,0.06142284
0.0,0.06431048
0.0,-0.0114470115
0.0,-0.017413147
0.0,0.013804481
0.0,0.012500315
0.0,0.013119682
0.0,0.0067230044
0.0,0.009003009
0.0,0.017695725
0.0,-0.0057388316
0.0,-0.026871853
0.0,-0.026960237
0.0,-0.037546113
0.0,-0.034699634
0.0,0.10111865
5.0,3.9965746
0.0,0.050504252
0.0,0.0054737832
0.0,0.029520437
1.0,3.4239724
0.0,0.017271794
0.0,0.060688492
0.0,0.040791366
0.0,0.06270757
0.0,0.04946012
0.0,0.05048414
0.0,0.04671525
0.0,0.05543596
0.0,0.12876852
0.0,0.16705428
0.0,0.15195207
0.0,0.1667202
0.0,0.16547567
0.0,0.18093722
0.0,0.14779145
0.0,0.11412444
0.0,0.11797257
0.0,0.15696041
0.0,0.15502723
0.0,0.07726604
0.0,0.14547318
0.0,0.07999961
0.0,0.10176325
2.0,0.12715197
0.0,0.19605234
0.0,0.20521732
0.0,0.16628295
0.0,0.17564328
0.0,0.16763973
0.0,0.17070986
0.0,0.16491981
1.0,0.17619282
0.0,0.16558446
0.0,0.17618099
0.0,0.17049241
0.0,0.1861677
0.0,0.16979367
0.0,0.17656836
0.0,0.17517611
0.0,0.17455985
0.0,0.15388396
0.0,0.15532592
0.0,0.1351372
0.0,0.089979544
0.0,0.15801862
0.0,0.17545897
1.0,0.18355812
0.0,0.14115141
0.0,0.20041798
0.0,0.19941215
2.0,0.20988484
0.0,0.23362374
1.0,0.26987386
0.0,0.20731778
0.0,0.20105623
0.0,0.09562144
0.0,0.10264227
0.0,0.08991072
0.0,-0.04357819
0.0,-0.044058256
0.0,-0.04280612
0.0,-0.04766003
0.0,-0.0114470115
0.0,-0.017413147
0.0,0.017130494
0.0,0.019910626
0.0,0.035942726
0.0,0.025723023
0.0,0.017956063
0.0,0.028545916
0.0,0.26651
1.0,0.28818098
0.0,0.023914497
2.0,1.2502261
0.0,0.034329686
0.0,3.082961
0.0,0.021771766
0.0,1.7626655
0.0,0.019117229
0.0,2.188374
0.0,0.02094488
0.0,1.6776569
0.0,1.2081529
1.0,2.3756754
0.0,0.020330986
0.0,1.8695576
0.0,0.018160746
0.0,-0.0114470115
0.0,-0.017413147
0.0,0.013804481
0.0,0.012500315
0.0,-0.016412053
0.0,-0.0114470115
0.0,-0.017413147
0.0,0.017130494
0.0,0.019910626
0.0,0.035942726
0.0,0.01062965
0.0,-0.0155279925
0.0,-0.022239648
0.0,-0.04545149
0.0,-0.05521542
0.0,-0.05487445
0.0,2.0185494
0.0,-0.06643832
7.0,4.9266214
0.0,0.08645336
0.0,0.056318905
0.0,0.10428573
0.0,-0.0114470115
0.0,-0.017413147
0.0,-0.0114470115
0.0,-0.017413147
0.0,0.017130494
0.0,0.019910626
0.0,0.035942726
0.0,0.025723023
0.0,0.015112548
0.0,0.025828835
0.0,0.095365204
0.0,-0.03063892
0.0,-0.033642404
0.0,-0.035749543
0.0,-0.04772688
0.0,-0.05085444
0.0,-0.050503112
7.0,5.1654596
0.0,0.02791667
0.0,1.4384243
0.0,0.037545227
0.0,0.19403078
0.0,0.029569201
0.0,0.5885229
0.0,0.03590108
18.0,0.42002407
0.0,0.054706927
0.0,0.027042894
0.0,0.040337443
0.0,-0.0114470115
0.0,-0.017413147
0.0,0.013804481
0.0,0.012500315
0.0,0.008993003
0.0,0.012604278
0.0,0.007556933
0.0,0.0062048133
0.0,0.0012048646
0.0,-0.0114470115
0.0,-0.017413147
0.0,0.017130494
0.0,0.019910626
0.0,0.035942726
0.0,0.025723023
0.0,0.015112548
0.0,-0.04043069
0.0,-0.0114470115
0.0,-0.017413147
0.0,0.013804481
0.0,0.012500315
0.0,0.013119682
0.0,0.0067230044
0.0,0.009003009
0.0,0.024406595
0.0,0.01513522
0.0,0.019573053
0.0,0.024769451
0.0,0.11016581
0.0,-0.023532668
0.0,-0.0114470115
0.0,-0.017413147
0.0,0.017130494
0.0,0.019910626
0.0,0.035942726
0.0,0.025723023
0.0,0.012156865
0.0,-0.016676595
0.0,-0.0564482
0.0,-0.07968958
0.0,-0.08050762
0.0,-0.08368427
0.0,-0.08754568
7.0,6.2069664
0.0,0.098530255
1.0,1.8618133
0.0,0.05317551
2.0,0.53102654
0.0,0.021103915
3.0,1.1675531
0.0,0.011789703
0.0,0.05170448
0.0,0.005528602
3.0,0.62143385
0.0,0.008286849
0.0,0.11296038
0.0,0.03206701
0.0,-0.0114470115
0.0,-0.017413147
0.0,0.013804481
0.0,0.012500315
0.0,-0.016412053
0.0,-0.0114470115
0.0,-0.017413147
0.0,-0.0114470115
0.0,-0.017413147
0.0,-0.0114470115
0.0,-0.017413147
0.0,0.013804481
0.0,0.012500315
0.0,0.008993003
0.0,0.012604278
0.0,-0.015453846
0.0,-0.0114470115
0.0,-0.017413147
0.0,0.013804481
0.0,0.012500315
0.0,-0.016412053
0.0,-0.0114470115
0.0,-0.017413147
0.0,0.013804481
0.0,0.012500315
0.0,0.013119682
0.0,0.0067230044
0.0,0.009003009
0.0,0.008076897
0.0,0.007669331
0.0,0.006652075
0.0,0.024027681
0.0,0.027941419
0.0,0.034871716
0.0,0.03530474
0.0,0.055064414
0.0,0.27748254
0.0,0.19100204
0.0,0.11621169
0.0,0.1627782
0.0,0.4113928
2.0,0.24640782
0.0,0.045313783
0.0,1.9178829
0.0,0.04411996
0.0,0.621166
0.0,0.0432756
0.0,0.54759014
0.0,0.048470195
0.0,0.30586442
0.0,0.29879504
0.0,0.1741163
0.0,0.83294725
0.0,0.6301346
0.0,0.70118773
0.0,-0.03580768
0.0,-0.0114470115
0.0,-0.017413147
0.0,0.013804481
0.0,0.012500315
0.0,-0.016412053
0.0,-0.0114470115
0.0,-0.017413147
0.0,-0.0114470115
0.0,-0.017413147
0.0,-0.0114470115
0.0,-0.017413147
0.0,-0.0114470115
0.0,-0.017413147
0.0,0.013804481
0.0,0.012934911
0.0,0.027001122
0.0,0.012216547
0.0,0.012998291
0.0,0.0071218815
0.0,0.0025444448
0.0,-0.00145327
0.0,-0.033775195
0.0,-0.0114470115
0.0,-0.017413147
0.0,-0.0114470115
0.0,-0.017413147
0.0,0.013804481
0.0,0.012934911
0.0,-0.016328787
0.0,-0.0114470115
0.0,-0.017413147
0.0,0.017130494
0.0,0.019910626
0.0,0.016883431
0.0,-0.010776677
0.0,-0.03285192
0.0,-0.02240461
0.0,-0.04193227
0.0,-0.044629212
0.0,-0.055316772
0.0,0.02739706
0.0,-0.05038965
0.0,-0.09546957
0.0,0.11215397
0.0,0.106539465
0.0,0.09329365
0.0,0.03784308
0.0,0.03365578
0.0,0.034600005
0.0,0.038783
0.0,0.03958891
0.0,0.03983757
0.0,0.038936384
0.0,0.03971215
0.0,0.04857877
1.0,0.07935169
0.0,0.13739058
0.0,0.11567121
0.0,0.09419514
0.0,0.06079486
0.0,0.056970973
0.0,0.047864813
0.0,0.041928418
0.0,0.042308524
0.0,0.04594085
0.0,0.08066197
1.0,0.066894695
0.0,0.038744643
0.0,0.050814316
0.0,0.044283405
0.0,0.056722086
0.0,0.04917569
0.0,0.029070288
0.0,0.041565817
0.0,0.09873106
0.0,0.079536974
0.0,0.0797717
0.0,0.075751565
0.0,0.07151132
0.0,0.078097284
0.0,0.07946062
0.0,0.08069419
0.0,0.07698199
0.0,0.038153853
0.0,0.07663869
0.0,0.074965894
0.0,0.07449819
0.0,0.07313584
0.0,0.072930776
0.0,0.072625145
1.0,0.071814775
0.0,0.079562664
0.0,0.08473854
0.0,0.07826602
3.0,0.0703078
0.0,0.1864782
0.0,0.20100759
0.0,0.089407325
0.0,0.30821598
0.0,0.08381126
0.0,-0.052480146
0.0,-0.05427897
0.0,-0.06300601
0.0,-0.050077207
0.0,-0.0114470115
0.0,-0.017413147
0.0,0.013804481
0.0,0.012934911
0.0,-0.016328787
0.0,-0.0114470115
0.0,-0.017413147
0.0,0.013804481
0.0,0.019744247
0.0,-0.013745433
0.0,-0.0114470115
0.0,-0.017413147
0.0,0.017130494
0.0,0.019910626
0.0,0.035942726
0.0,0.025723023
0.0,0.013387239
0.0,-0.009987789
0.0,-0.04147143
0.0,-0.07128544
0.0,-0.0719944
0.0,-0.073229365
0.0,-0.08235034
5.0,5.979762
0.0,0.035423294
0.0,0.002377963
0.0,0.027308272
1.0,2.1844234
0.0,0.0135471085
0.0,0.03169402
0.0,0.020303855
0.0,0.06491812
0.0,0.052479133
3.0,0.087471
0.0,0.049123105
8.0,0.3150943
0.0,0.04350908
0.0,0.028316712
0.0,0.018973546
0.0,0.016751578
0.0,0.0025928288
0.0,-0.0114470115
0.0,-0.017413147
0.0,0.013804481
0.0,0.019744247
0.0,0.034952246
0.0,0.032778535
0.0,0.02420432
0.0,0.022589002
0.0,0.028109573
0.0,0.05976124
0.0,0.09699085
0.0,0.08609329
0.0,-0.020239308
0.0,-0.0114470115
0.0,-0.017413147
0.0,-0.0114470115
0.0,-0.017413147
0.0,0.013804481
0.0,0.019744247
0.0,0.034952246
0.0,0.032778535
0.0,0.02420432
0.0,0.027478883
0.0,0.023047967
0.0,0.024498653
0.0,0.034626223
0.0,0.042261735
0.0,0.037626542
0.0,0.04453827
0.0,0.0269022
0.0,0.028504955
0.0,0.0319539
0.0,0.02305734
0.0,0.021328457
0.0,0.032425635
0.0,0.917397
0.0,0.55914146
0.0,0.08857
0.0,0.055891376
0.0,0.061737183
0.0,0.06508447
0.0,0.07004572
0.0,2.1088643
0.0,1.9461939
6.0,1.9502167
0.0,0.035079565
0.0,1.102843
0.0,0.030541342
0.0,0.7822019
0.0,0.031007854
0.0,0.40237185
0.0,0.04282355
5.0,0.18011157
0.0,0.038617477
4.0,0.39022887
0.0,0.041957855
4.0,0.53269345
0.0,0.07903198
0.0,-0.0114470115
0.0,-0.017413147
0.0,0.013804481
0.0,0.019744247
0.0,-0.013745433
0.0,-0.0114470115
0.0,-0.017413147
0.0,0.013804481
0.0,0.012934911
0.0,0.027001122
0.0,0.012216547
0.0,0.012998291
0.0,0.012335277
0.0,-0.021043345
0.0,-0.032927714
0.0,-0.03222569
0.0,-0.04032151
0.0,-0.04094437
0.0,-0.06921338
4.0,4.627002
0.0,0.049053717
0.0,2.941018
0.0,0.019110188
0.0,0.11184684
0.0,0.04561204
0.0,0.03159553
0.0,0.042967636
0.0,0.3392301
8.0,0.4518308
0.0,0.03957285
4.0,0.75229174
0.0,0.034936387
0.0,0.11699303
0.0,0.034622982
2.0,0.2551891
0.0,0.031649843
0.0,0.06405666
0.0,0.038723696
0.0,0.08588947
0.0,0.056275208
0.0,-0.0114470115
0.0,-0.017413147
0.0,0.013804481
0.0,0.012934911
0.0,-0.016328787
0.0,-0.0114470115
0.0,-0.017413147
0.0,0.017130494
0.0,0.019910626
0.0,0.09428927
0.0,0.04828479
0.0,0.026030881
0.0,0.047185462
0.0,0.021090388
0.0,-0.0057347026
0.0,0.017909756
0.0,2.783478
0.0,0.41711256
0.0,-0.029592557
0.0,-0.046646725
0.0,-0.02129778
0.0,-0.03495108
0.0,-0.055252124
0.0,0.0443555
0.0,0.036950104
0.0,2.1708431
0.0,1.9020967
7.0,1.9011903
0.0,0.05862667
1.0,2.0074897
0.0,0.04056743
2.0,0.9004945
0.0,0.01481467
0.0,0.0641311
0.0,0.0055242195
0.0,0.7547658
0.0,0.00632509
0.0,0.0269689
0.0,0.020018136
0.0,0.03149339
0.0,0.02616418
0.0,0.033856157
0.0,0.029302228
0.0,0.062966846
0.0,0.045891806
0.0,0.04293947
0.0,0.046614654
0.0,0.048324283
0.0,0.049469646
0.0,0.0004908323
0.0,-1.4743208e-05
0.0,0.0043358966
0.0,0.003456041
0.0,-0.0114470115
0.0,-0.017413147
0.0,-0.0114470115
0.0,-0.017413147
0.0,0.017130494
0.0,0.019910626
0.0,0.035942726
0.0,0.025723023
0.0,0.015112548
0.0,-0.02799183
0.0,-0.0114470115
0.0,-0.017413147
0.0,0.013804481
0.0,0.012934911
0.0,0.027001122
0.0,0.012216547
0.0,0.012998291
0.0,0.007530106
0.0,-0.026808066
0.0,-0.04712208
0.0,-0.060314972
0.0,-0.06988914
0.0,-0.063226074
0.0,-0.06189964
7.0,6.2468004
0.0,0.02117302
0.0,1.264006
0.0,0.034183495
0.0,1.463297
0.0,0.04388886
5.0,1.06079
0.0,0.043099996
0.0,0.3893596
0.0,0.05450465
2.0,0.40924567
0.0,0.06229469
1.0,0.29247874
0.0,0.07367718
4.0,0.2799584
0.0,0.10173989
0.0,-0.0114470115
0.0,-0.017413147
0.0,0.013804481
0.0,0.012934911
0.0,0.027001122
0.0,0.012216547
0.0,0.012998291
0.0,0.012335277
0.0,0.046593856
0.0,0.053883005
0.0,0.04960198
0.0,0.065635696
0.0,0.058409195
0.0,0.09547327
0.0,0.04732324
0.0,0.27063966
0.0,0.07414486
0.0,0.0648827
0.0,0.15969473
0.0,0.95550936
2.0,0.363573
0.0,0.053020578
0.0,1.3730639
0.0,0.045780826
0.0,0.56125456
0.0,0.041226115
0.0,0.49833372
0.0,0.072849914
0.0,1.7155749
0.0,0.3806596
1.0,0.38311696
0.0,0.023772739
13.0,3.3223007
0.0,0.033681594
0.0,-0.0114470115
0.0,-0.017413147
0.0,0.017130494
0.0,0.019910626
0.0,0.035942726
0.0,0.025723023
0.0,0.015112548
0.0,0.025828835
0.0,0.056412328
0.0,-0.050591394
0.0,-0.0114470115
0.0,-0.017413147
0.0,0.013804481
0.0,0.019744247
0.0,-0.013745433
0.0,-0.0114470115
0.0,-0.017413147
0.0,0.013804481
0.0,0.019744247
0.0,-0.013745433
0.0,-0.0114470115
0.0,-0.017413147
0.0,-0.0114470115
0.0,-0.017413147
0.0,-0.0114470115
0.0,-0.017413147
0.0,0.013804481
0.0,0.019744247
0.0,0.034952246
0.0,0.032778535
0.0,0.02420432
0.0,0.02301273
0.0,-0.014775861
0.0,-0.0114470115
0.0,-0.017413147
0.0,0.013804481
0.0,0.019744247
0.0,0.034952246
0.0,0.032778535
0.0,0.02420432
0.0,0.022589002
0.0,0.01071887
0.0,0.00067327317
0.0,-0.0023534163
0.0,-0.0057395664
0.0,-0.0057250257
0.0,0.0028621329
0.0,0.6782781
0.0,0.3420976
7.0,2.6218767
0.0,0.04912042
8.0,0.7798089
0.0,0.032044843
2.0,0.6657716
0.0,0.06447286
4.0,0.25329408
0.0,0.05079329
0.0,0.056778222
0.0,0.0747354
0.0,-0.0114470115
0.0,-0.017413147
0.0,0.013804481
0.0,0.0043555032
0.0,0.008803671
0.0,-0.0007486611
0.0,-0.002651067
0.0,-0.006026046
0.0,-0.031104319
0.0,-0.049487326
0.0,-0.04844451
0.0,-0.058785073
0.0,-0.05341515
0.0,-0.03785957
0.0,5.1445494
0.0,4.3161488
7.0,5.6526346
0.0,0.048378572
0.0,1.2776328
0.0,0.03425719
0.0,1.3179303
0.0,0.04440168
5.0,0.92851895
0.0,0.033811394
8.0,0.5997922
0.0,0.05547573
0.0,0.27664608
0.0,0.06094295
0.0,-0.0114470115
0.0,-0.017413147
0.0,0.013804481
0.0,0.019744247
0.0,-0.013745433
0.0,-0.0114470115
0.0,-0.017413147
0.0,0.013804481
0.0,0.019744247
0.0,-0.013745433
0.0,-0.0114470115
0.0,-0.017413147
0.0,0.013804481
0.0,0.019744247
0.0,0.012818738
0.0,0.01305349
0.0,-0.0015251874
0.0,-0.0114470115
0.0,-0.017413147
0.0,0.013804481
0.0,0.019744247
0.0,0.012818738
0.0,0.01305349
0.0,0.009464532
0.0,0.009731278
0.0,0.010558164
0.0,0.011885863
0.0,0.016146954
0.0,0.033785023
0.0,0.04044351
0.0,0.037636116
0.0,0.038151495
0.0,0.090832956
0.0,0.06938179
0.0,0.06481819
0.0,0.09326959
0.0,0.12173042
0.0,0.1284379
0.0,0.10131819
0.0,0.10288074
0.0,0.07691162
0.0,0.054647703
0.0,0.09647048
0.0,0.10658382
0.0,0.09871211
2.0,0.08943351
0.0,0.041995015
0.0,1.3632424
0.0,0.042407926
0.0,0.009017397
0.0,0.08366373
0.0,0.008531859
0.0,0.0815823
0.0,0.035404675
0.0,0.0039687604
0.0,0.0052520274
0.0,-0.0049214703
0.0,-0.004052533
0.0,-0.0043995557
0.0,-0.008532239
0.0,-0.0003343314
0.0,-0.00607866
0.0,0.019050049
0.0,-0.002043277
0.0,0.022143412
0.0,0.017148733
0.0,0.018184178
0.0,0.022723338
0.0,0.021297071
0.0,0.030127821
0.0,0.013402843
0.0,0.02823527
0.0,0.02119891
0.0,0.02182765
0.0,0.019434335
0.0,0.0100914985
0.0,0.015003824
0.0,0.026982883
8.0,0.019853909
0.0,0.097871624
3.0,0.4241209
0.0,0.10992485
3.0,0.72650677
0.0,0.10116787
0.0,0.113692656
0.0,0.046310697
4.0,0.9200022
0.0,0.05631926
0.0,0.13097215
0.0,0.059807546
0.0,0.07263396
0.0,0.04586194
0.0,-0.0114470115
0.0,-0.017413147
0.0,-0.0114470115
0.0,-0.017413147
0.0,-0.0114470115
0.0,-0.017413147
0.0,0.017130494
0.0,0.019910626
0.0,0.028458394
0.0,0.04183702
0.0,0.03317845
8.0,0.030896293
0.0,0.21452759
0.0,-0.0114470115
0.0,-0.017413147
0.0,-0.0114470115
0.0,-0.017413147
0.0,0.017130494
0.0,0.019910626
0.0,0.028458394
0.0,-0.01138467
0.0,-0.0114470115
0.0,-0.017413147
0.0,0.017130494
0.0,0.019910626
0.0,0.028458394
0.0,0.04183702
0.0,0.044580348
0.0,0.097276144
0.0,0.28872842
0.0,0.23374204
0.0,0.2293577
1.0,0.12607999
0.0,0.06702774
0.0,3.0991576
0.0,0.029566517
0.0,1.3563956
0.0,0.054388102
4.0,0.47190106
0.0,0.031118555
2.0,4.363036
0.0,0.01993459
0.0,-0.0114470115
0.0,-0.017413147
0.0,0.017130494
0.0,0.019910626
0.0,0.015784707
0.0,-0.006529569
0.0,-0.0011983037
0.0,-0.019585973
0.0,-0.032492436
0.0,-0.031219352
0.0,-0.031948328
0.0,-0.03391361
0.0,0.012917406
0.0,1.7789935
0.0,0.7245563
0.0,-0.03095585
0.0,-0.046386085
0.0,-0.061584916
0.0,-0.040844057
0.0,-0.019338023
0.0,1.3881238
0.0,1.5559272
6.0,1.8032317
0.0,0.24779604
0.0,2.3470774
0.0,0.2338141
4.0,0.40514874
0.0,0.014060613
0.0,2.0192018
0.0,0.2657237
0.0,0.08529448
0.0,0.002114485
1.0,2.3133903
0.0,0.5239106
0.0,1.4958233
0.0,1.0799984
0.0,0.7864198
0.0,0.06882758
0.0,0.83942467
0.0,0.45112458
0.0,0.44005644
0.0,0.64022195
0.0,0.7295809
0.0,0.6367675
0.0,0.054778315
0.0,0.019112239
0.0,-0.0114470115
0.0,-0.017413147
0.0,0.013804481
0.0,0.012500315
0.0,0.013119682
0.0,0.0067230044
0.0,0.009003009
0.0,0.008076897
0.0,0.007669331
0.0,0.003216578
0.0,-0.026416486
0.0,-0.0114470115
0.0,-0.017413147
0.0,0.013804481
0.0,0.019744247
0.0,-0.013745433
0.0,-0.0114470115
0.0,-0.017413147
0.0,-0.0114470115
0.0,-0.017413147
0.0,0.013804481
0.0,0.019744247
0.0,0.034952246
0.0,0.032778535
0.0,0.02420432
0.0,0.021011403
0.0,0.009207235
0.0,-0.01084211
0.0,-0.01160635
0.0,-0.014096281
0.0,-0.016087094
0.0,-0.053495705
4.0,1.0982195
0.0,0.031528983
0.0,0.022973718
0.0,0.028545942
0.0,2.4627106
0.0,0.022109797
0.0,0.054639142
0.0,0.05028503
0.0,-0.0066046026
0.0,-0.024532242
0.0,-0.02673278
0.0,-0.02908617
0.0,-0.0114470115
0.0,-0.017413147
0.0,0.013804481
0.0,0.019744247
0.0,0.034952246
0.0,0.032778535
0.0,0.02420432
0.0,0.027478883
0.0,0.023047967
0.0,0.03462683
0.0,0.030909618
0.0,0.042294264
0.0,-0.024163637
0.0,-0.0114470115
0.0,-0.017413147
0.0,0.017130494
0.0,0.019910626
0.0,0.04850194
0.0,-0.0066422713
0.0,-0.0114470115
0.0,-0.017413147
0.0,0.013804481
0.0,0.019744247
0.0,0.034952246
0.0,0.032778535
0.0,0.02420432
0.0,0.027478883
0.0,0.023047967
0.0,0.024498653
0.0,0.034626223
0.0,0.042261735
0.0,0.037626542
0.0,0.03808181
3.0,0.044487655
0.0,0.022281041
1.0,1.5661725
0.0,0.043914877
0.0,0.92680347
0.0,0.03404369
3.0,0.501444
0.0,0.038324006
2.0,2.8347192
0.0,0.03014036
13.0,3.8094764
0.0,0.06490411
0.0,0.09156163
0.0,0.040663287
0.0,0.052307434
0.0,0.07709094
0.0,-0.0114470115
0.0,-0.017413147
0.0,0.017130494
0.0,0.019910626
0.0,0.0641862
0.0,0.06199828
0.0,0.05362077
0.0,0.060369942
0.0,0.062282734
0.0,0.060249895
0.0,0.058265794
0.0,0.07284315
0.0,0.06080545
0.0,0.16545518
0.0,0.1730024
2.0,0.2150959
0.0,0.036047675
0.0,0.6049887
0.0,0.034085285
0.0,1.5217217
0.0,0.037353463
0.0,-0.040533487
0.0,-0.0114470115
0.0,-0.017413147
0.0,0.017130494
0.0,0.019910626
0.0,0.05765182
0.0,0.056175828
0.0,0.039304405
0.0,-0.008778947
0.0,-0.040333163
0.0,-0.06942962
0.0,-0.07100654
0.0,-0.07376017
0.0,-0.007995252
0.0,6.579764
0.0,2.3288817
3.0,6.4869385
0.0,0.02082681
1.0,1.4939798
0.0,0.023865707
0.0,0.0026600598
0.0,0.06465477
0.0,2.2078805
0.0,-0.0071102544
0.0,-0.04933888
0.0,-0.04634981
0.0,-0.051790204
0.0,-0.0501263
0.0,-0.0114470115
0.0,-0.017413147
0.0,0.017130494
0.0,0.019910626
0.0,0.0641862
0.0,0.06199828
0.0,0.04684434
0.0,0.048752267
0.0,0.057223964
0.0,0.06388551
0.0,0.05913179
0.0,0.0630984
0.0,0.05461961
0.0,0.10419302
0.0,0.10020029
2.0,0.1436724
0.0,0.031365946
0.0,1.2458487
0.0,0.030747341
0.0,1.3549749
0.0,0.030108545
1.0,0.32330957
0.0,0.022846298
0.0,0.8293532
0.0,0.035787873
0.0,1.1036028
0.0,0.052425303
0.0,0.30986345
0.0,0.03247569
0.0,-0.0114470115
0.0,-0.017413147
0.0,0.013804481
0.0,0.019744247
0.0,-0.013745433
0.0,-0.0114470115
0.0,-0.017413147
0.0,-0.0114470115
0.0,-0.017413147
0.0,0.017130494
0.0,0.019910626
0.0,0.035942726
0.0,0.025723023
0.0,0.02152511
0.0,0.026625423
0.0,0.043659806
0.0,-0.025614196
0.0,-0.0114470115
0.0,-0.017413147
0.0,0.013804481
0.0,0.017326714
0.0,0.023195196
0.0,0.010890621
0.0,0.011761888
0.0,0.0083491905
0.0,-0.015643708
0.0,-0.036796615
0.0,-0.03613439
0.0,-0.04844745
0.0,-0.04053726
0.0,-0.055880304
0.0,4.3375006
0.0,2.6882195
0.0,-0.0413852
0.0,-0.042853948
0.0,-0.060685124
0.0,-0.06144716
0.0,1.9052929
1.0,2.2950044
2.0,0.043555036
2.0,0.046807583
0.0,0.03081513
0.0,0.10254261
0.0,0.016505452
1.0,0.0045661894
0.0,0.03275029
0.0,0.032358732
0.0,0.030807858
0.0,0.08606193
0.0,0.034499004
0.0,-0.024089415
0.0,-0.028515898
0.0,-0.031031972
0.0,-0.031215552
0.0,-0.0114470115
0.0,-0.017413147
0.0,0.017130494
0.0,0.019910626
0.0,0.035942726
0.0,0.025723023
0.0,0.04583177
0.0,0.045155533
0.0,0.05451471
0.0,-0.014851224
0.0,-0.012768404
0.0,-0.016416183
0.0,-0.02447479
0.0,-0.02879797
0.0,-0.013506552
0.0,1.5148486
0.0,1.0050623
0.0,-0.05476347
0.0,-0.05439727
0.0,-0.057021942
0.0,-0.056559812
0.0,0.116180204
0.0,0.14224559
0.0,0.20849496
6.0,2.2528455
0.0,0.053802274
0.0,1.5913405
0.0,0.06213558
5.0,0.7188285
0.0,0.046245668
3.0,1.4219198
0.0,0.03871217
1.0,0.62604797
0.0,0.03918451
0.0,1.2481759
0.0,0.034727704
4.0,0.23718716
0.0,0.01454876
0.0,-0.0114470115
0.0,-0.017413147
0.0,-0.0114470115
0.0,-0.017413147
0.0,0.017130494
0.0,0.019910626
0.0,0.035942726
0.0,0.025723023
0.0,0.04583177
0.0,-0.00015992075
0.0,-0.010551248
0.0,-0.025292253
0.0,-0.026692655
0.0,-0.0308835
0.0,-0.029041233
0.0,1.5081724
0.0,0.37640533
6.0,5.0613227
0.0,0.07594427
0.0,1.5027264
0.0,0.06840484
0.0,1.0847685
0.0,0.06263913
0.0,1.3069711
0.0,0.028934382
0.0,0.9522393
0.0,0.07700101
2.0,1.1221619
0.0,0.052383658
0.0,0.10345061
0.0,0.022037955
0.0,1.6776681
0.0,-0.008948849
0.0,0.021187207
0.0,0.0033822237
0.0,-0.0114470115
0.0,-0.017413147
0.0,0.017130494
0.0,0.019910626
0.0,0.035942726
1.0,0.025723023
0.0,0.025727203
0.0,0.10021493
0.0,0.019336933
2.0,0.118319616
0.0,0.02025846
0.0,2.8601375
0.0,0.042743146
0.0,2.6339905
0.0,0.030859282
0.0,2.8181062
0.0,0.03486561
0.0,1.3993174
0.0,2.2010307
0.0,2.2836685
0.0,1.6039532
0.0,2.302077
0.0,1.5752589
0.0,1.8281777
0.0,1.2270547
0.0,2.1827154
0.0,2.4486601
0.0,1.9698025
0.0,2.157334
0.0,2.0677764
0.0,2.4424658
0.0,-0.0114470115
0.0,-0.017413147
0.0,-0.0114470115
0.0,-0.017413147
0.0,-0.0114470115
0.0,-0.017413147
0.0,-0.0114470115
0.0,-0.017413147
0.0,-0.0114470115
0.0,-0.017413147
0.0,0.017130494
0.0,0.019910626
0.0,0.035942726
1.0,0.025723023
0.0,0.025727203
2.0,0.10021493
0.0,0.02177045
0.0,0.40856713
0.0,0.04457485
0.0,-0.018557519
0.0,0.08233773
0.0,-0.04631987
0.0,0.073918395
0.0,-0.029969953
0.0,-0.03202767
0.0,1.4627113
0.0,1.4567137
8.0,2.1236992
0.0,0.0150431385
3.0,0.83317107
0.0,0.019818824
6.0,0.042611975
0.0,0.014342811
0.0,0.20493053
0.0,0.09254149
0.0,-0.0114470115
0.0,-0.017413147
0.0,0.017130494
0.0,0.019910626
0.0,0.035942726
1.0,0.025723023
0.0,0.025393985
0.0,0.011402934
0.0,0.04766735
0.0,-0.027568381
0.0,0.02821797
0.0,-0.02889532
0.0,0.027545253
0.0,2.0444052
0.0,0.5516752
0.0,3.649787
0.0,2.2682846
0.0,2.3762445
0.0,2.2303078
6.0,2.17355
0.0,0.010961119
0.0,2.0935206
0.0,0.015899334
2.0,0.9677156
0.0,0.009751695
0.0,1.2051202
0.0,0.01433359
0.0,0.7865151
0.0,0.0031287519
0.0,0.058379255
0.0,-0.010233788
2.0,1.3725437
0.0,0.007572892
0.0,0.014605858
0.0,0.009910222
0.0,-0.0114470115
0.0,-0.017413147
0.0,0.013804481
0.0,0.019744247
0.0,0.034952246
0.0,0.032778535
0.0,0.02420432
0.0,0.021011403
0.0,0.014849856
0.0,0.0062894477
0.0,0.01567626
0.0,0.06124549
0.0,-0.017810859
0.0,-0.037923586
0.0,-0.0617555
0.0,-0.064973295
0.0,-0.058591563
0.0,-0.08623232
6.0,3.5038018
0.0,0.03632448
4.0,2.193995
0.0,0.0468317
1.0,1.6506627
0.0,0.031315435
0.0,-0.009120599
0.0,0.043444842
0.0,-0.0114470115
0.0,-0.017413147
0.0,0.017130494
0.0,0.019910626
0.0,0.035942726
0.0,0.025723023
0.0,0.015297066
0.0,0.012930503
0.0,0.016251702
0.0,-0.008545133
0.0,-0.017944815
0.0,-0.019494321
0.0,-0.055056993
0.0,2.2037482
0.0,1.3206774
6.0,4.7250304
0.0,0.02077736
0.0,1.477827
0.0,0.02866252
0.0,0.05714508
0.0,0.064057134
0.0,-0.0114470115
0.0,-0.017413147
0.0,0.017130494
0.0,0.019910626
0.0,0.035942726
0.0,0.025723023
0.0,0.01963775
0.0,0.023186354
0.0,0.15379165
0.0,-0.030467069
0.0,-0.0114470115
0.0,-0.017413147
0.0,0.017130494
0.0,0.019910626
0.0,0.035942726
0.0,0.025723023
0.0,0.01963775
5.0,0.023186354
0.0,0.029982619
2.0,3.3919685
0.0,0.045076597
4.0,2.2747338
0.0,0.041729815
6.0,2.587553
0.0,0.043669738
0.0,-0.0114470115
0.0,-0.017413147
0.0,0.013804481
0.0,0.019744247
0.0,-0.013745433
0.0,-0.0114470115
0.0,-0.017413147
0.0,0.017130494
0.0,0.019910626
0.0,0.028458394
0.0,0.04183702
0.0,0.044580348
0.0,0.097276144
0.0,0.10703569
0.0,0.09742188
0.0,0.098443545
0.0,0.101383165
0.0,0.08241053
0.0,0.033052247
0.0,0.029174808
0.0,0.044098176
0.0,0.037835684
0.0,0.028322538
0.0,0.040599477
6.0,1.1597197
0.0,0.03455271
3.0,1.659768
0.0,0.054830953
0.0,0.114809774
0.0,0.019412043
1.0,1.1685945
0.0,0.015823161
0.0,0.09625091
0.0,0.011348015
0.0,0.0035297065
0.0,0.0037054091
0.0,0.0014003008
0.0,-0.001619929
0.0,-0.0114470115
0.0,-0.017413147
0.0,0.017130494
0.0,0.019910626
0.0,0.028458394
0.0,0.04183702
0.0,0.031169625
0.0,0.012484837
0.0,0.008183721
0.0,-0.0026192754
0.0,-0.013394332
0.0,-0.013994674
0.0,-0.043104835
0.0,1.27471
0.0,0.51704025
6.0,4.5140457
0.0,0.027245803
0.0,1.8004037
0.0,0.024594914
0.0,0.805103
0.0,0.02385023
4.0,0.5776977
0.0,0.022015586
0.0,0.08259505
0.0,0.0037502972
1.0,1.0348963
0.0,0.01876248
0.0,0.03278089
0.0,0.006699851
0.0,-0.00052447314
0.0,-0.01238774
0.0,-0.0114470115
0.0,-0.017413147
0.0,0.017130494
0.0,0.019910626
0.0,0.058194634
0.0,0.057614177
0.0,0.034998678
0.0,0.07907452
0.0,0.07012351
0.0,0.06621869
0.0,0.08365917
0.0,0.09153688
0.0,0.080556735
2.0,0.08521427
0.0,0.023561774
1.0,1.5269809
0.0,0.017384877
0.0,1.5286844
0.0,0.031805735
0.0,1.2509234
0.0,0.021893969
0.0,1.9360226
0.0,0.034995995
0.0,-0.0114470115
0.0,-0.017413147
0.0,0.017130494
0.0,0.019910626
0.0,0.058194634
0.0,0.057614177
0.0,0.038303718
0.0,0.038083658
0.0,0.06488612
0.0,0.0008952826
0.0,0.0024498552
0.0,-0.0008986264
0.0,-0.010838639
0.0,-0.014832605
0.0,-0.028404513
0.0,0.5198621
0.0,0.37899432
0.0,4.1803946
0.0,3.955851
0.0,-0.02858551
0.0,-0.029173035
0.0,-0.03622637
0.0,-0.034997743
0.0,-0.030652473
0.0,0.016775997
0.0,0.8953304
0.0,1.0552096
0.0,1.9892097
6.0,2.0777817
0.0,0.022457276
0.0,0.07114811
0.0,0.021487594
1.0,1.1687806
0.0,0.014170605
0.0,0.16955222
0.0,0.025147885
0.0,0.05921597
0.0,0.054041915
0.0,0.06935864
0.0,0.05856448
0.0,0.056086
1.0,0.06266928
0.0,0.08614487
0.0,0.07970335
0.0,0.13942772
0.0,0.14897183
0.0,0.16431549
0.0,0.14359044
0.0,0.13851313
0.0,0.1428976
0.0,0.15468548
0.0,0.10251424
0.0,0.10184408
0.0,0.11795377
0.0,0.10219409
0.0,0.10483698
0.0,0.09793054
0.0,0.16019593
0.0,0.13833138
0.0,0.098890655
0.0,0.11585745
0.0,0.048805315
0.0,0.0051372736
0.0,0.009379239
0.0,0.018817551
0.0,-0.0114470115
0.0,-0.017413147
0.0,0.017130494
0.0,0.019910626
0.0,0.058194634
0.0,0.057614177
0.0,0.034998678
0.0,0.07907452
0.0,0.14599775
0.0,0.12959231
0.0,0.17211404
2.0,0.7968946
0.0,0.02941493
1.0,3.5431118
0.0,0.021881506
0.0,1.3927687
0.0,0.017742008
0.0,1.5300113
0.0,0.017825654
11.0,1.5883046
0.0,0.25279692
0.0,-0.0114470115
0.0,-0.017413147
0.0,-0.0114470115
0.0,-0.017413147
0.0,-0.0114470115
0.0,-0.017413147
0.0,0.017130494
0.0,0.019910626
0.0,0.058194634
0.0,0.057614177
0.0,0.024548557
0.0,0.002391009
0.0,-0.049627867
0.0,-0.068537526
0.0,-0.06655528
0.0,-0.07060581
0.0,-0.0014999061
0.0,6.1526175
0.0,1.1668118
0.0,-0.027782766
0.0,-0.031584207
0.0,-0.044817578
0.0,-0.050603654
0.0,-0.00049688667
7.0,2.458014
0.0,0.04257945
4.0,1.3165154
0.0,0.05011082
3.0,1.1377137
0.0,0.027141815
6.0,1.4385705
0.0,0.0051337015
0.0,-0.0114470115
0.0,-0.017413147
0.0,0.017130494
0.0,0.019910626
0.0,0.058194634
0.0,0.057614177
0.0,0.039603397
0.0,-0.006018902
0.0,-0.0114470115
0.0,-0.017413147
0.0,0.017130494
0.0,0.019910626
0.0,0.06014778
0.0,0.06335648
0.0,0.042493347
0.0,0.040881295
0.0,0.06959157
0.0,0.073032886
0.0,0.058366183
0.0,0.0013641014
0.0,-0.0064920275
0.0,-0.012118867
0.0,-0.040430486
0.0,-0.04654603
0.0,-0.0185237
6.0,3.3922668
0.0,0.0025164022
0.0,-0.02864955
0.0,0.06240732
0.0,-0.0114470115
0.0,-0.017413147
0.0,-0.0114470115
0.0,-0.017413147
0.0,0.013804481
0.0,0.012498517
0.0,-0.018644257
0.0,-0.0114470115
0.0,-0.017413147
0.0,0.017130494
0.0,0.019910626
0.0,0.058194634
0.0,0.057614177
0.0,0.034998678
0.0,0.07907452
0.0,0.07012351
0.0,-0.020391403
0.0,-0.0114470115
0.0,-0.017413147
0.0,0.017130494
0.0,0.019910626
0.0,0.03955129
0.0,0.0356739
0.0,0.072400756
2.0,0.06681971
0.0,0.017044669
0.0,0.6873343
0.0,0.028867556
0.0,1.8292463
0.0,0.044429444
0.0,3.2778943
0.0,0.035116725
0.0,0.850917
0.0,0.69621843
0.0,0.8831488
0.0,0.7986142
0.0,1.0663998
0.0,1.0511711
0.0,2.492001
0.0,1.51747
0.0,1.8365389
0.0,0.36219093
0.0,0.24958666
0.0,0.49115154
0.0,-0.04147143
0.0,-0.0114470115
0.0,-0.017413147
0.0,-0.0114470115
0.0,-0.017413147
0.0,0.013804481
0.0,0.01909547
0.0,-0.012141361
0.0,-0.0114470115
0.0,-0.017413147
0.0,0.013804481
0.0,0.01909547
0.0,-0.012141361
0.0,-0.0114470115
0.0,-0.017413147
0.0,0.017130494
0.0,0.019910626
0.0,0.03955129
0.0,0.0356739
0.0,0.022267615
0.0,0.009851047
0.0,0.0034163964
0.0,-0.016902607
0.0,-0.029290423
0.0,-0.029939707
0.0,-0.07303198
1.0,2.0234916
0.0,-0.013340931
0.0,-0.061360728
0.0,-0.020179018
0.0,-0.05429037
0.0,-0.020079566
0.0,-0.005182871
4.0,0.13394782
0.0,0.07004235
0.0,0.017724073
0.0,0.03797643
0.0,1.9478362
0.0,0.031738326
0.0,-0.01049985
0.0,0.012592575
0.0,-0.03005745
0.0,-0.02896483
0.0,-0.0114470115
0.0,-0.017413147
0.0,0.017130494
0.0,0.019910626
0.0,0.05236139
0.0,0.01939773
0.0,0.012483849
0.0,0.018379208
0.0,0.058103137
0.0,0.08823471
0.0,0.11841408
0.0,-0.036411975
0.0,-0.0444662
0.0,-0.062059786
0.0,-0.07275819
0.0,-0.078471154
0.0,-0.042096168
0.0,2.4473414
0.0,2.4860988
0.0,-0.02867321
0.0,-0.004743868
0.0,-0.028164012
0.0,-0.03280688
0.0,-0.03469852
6.0,-0.04387888
0.0,0.012631434
3.0,2.0541084
0.0,0.024679674
0.0,0.022349285
0.0,0.04449323
2.0,2.2502694
0.0,0.038225845
0.0,0.052991346
0.0,0.0355783
0.0,0.05005527
0.0,0.02865578
0.0,0.07577062
0.0,0.07632853
0.0,0.0853799
0.0,0.0859279
0.0,0.10342087
0.0,0.08518157
0.0,0.08792852
0.0,0.09475366
0.0,0.0949376
0.0,0.097367235
0.0,0.09398324
0.0,0.09850092
0.0,0.1020873
0.0,0.09905501
0.0,0.11544836
0.0,0.06771702
0.0,0.005302894
0.0,0.010158805
0.0,-0.010834561
0.0,-0.0114470115
0.0,-0.017413147
0.0,0.017130494
0.0,0.019910626
0.0,0.05236139
0.0,0.01939773
0.0,0.01263574
0.0,0.06631518
0.0,0.05640868
0.0,0.06742525
0.0,0.13715434
0.0,0.1267635
0.0,0.08537042
0.0,0.032400757
0.0,0.016340896
0.0,0.007660794
0.0,-0.0003448188
0.0,-0.011942151
0.0,0.06593107
6.0,4.359865
0.0,0.022228654
0.0,-0.0114470115
0.0,-0.017413147
0.0,0.017130494
0.0,0.019910626
0.0,0.106409185
0.0,0.090805344
0.0,0.06376843
0.0,0.053781223
0.0,0.052274022
0.0,0.05899067
0.0,0.10408001
0.0,-0.0011637509
0.0,-0.005593325
0.0,-0.00982916
0.0,-0.016745776
0.0,-0.007647115
0.0,0.016521208
6.0,1.1209842
0.0,0.014036472
0.0,2.0873647
0.0,0.029494472
0.0,1.2113087
0.0,0.040953163
5.0,0.4452566
0.0,0.025406322
0.0,-0.0114470115
0.0,-0.017413147
0.0,0.017130494
0.0,0.019910626
0.0,0.106409185
0.0,0.02027186
0.0,-0.0114470115
0.0,-0.017413147
0.0,-0.0114470115
0.0,-0.017413147
0.0,0.017130494
0.0,0.019910626
0.0,0.106409185
0.0,0.09425252
0.0,0.05436449
0.0,0.06876263
0.0,0.06692454
0.0,0.04845791
0.0,0.042751227
6.0,1.5350243
0.0,0.22416641
0.0,0.015995266
0.0,0.07349745
0.0,-0.0114470115
0.0,-0.017413147
0.0,0.017130494
0.0,0.019910626
0.0,0.106409185
0.0,0.090805344
0.0,0.069548376
0.0,0.07646547
0.0,0.11275834
0.0,0.0038747785
0.0,-0.0009071126
0.0,-0.019813657
0.0,-0.03196596
0.0,-0.038915485
0.0,-0.0071884035
5.0,4.167322
0.0,0.019956756
7.0,1.7948918
0.0,0.047457322
0.0,1.6737866
0.0,0.12964728
0.0,0.10267484
0.0,0.061770674
0.0,-0.0114470115
0.0,-0.017413147
0.0,0.013804481
0.0,0.014640842
0.0,0.017615626
0.0,0.010974368
0.0,0.009792885
0.0,0.008177288
0.0,-0.010342335
0.0,-0.029736899
0.0,-0.031663954
0.0,-0.0442964
0.0,-0.043437798
0.0,-0.04386748
2.0,3.567165
0.0,-0.00049361883
0.0,-0.028049283
0.0,0.088954695
0.0,-0.032499757
0.0,0.09441191
0.0,0.8560913
3.0,0.055510383
0.0,0.01969728
0.0,-0.0018604308
0.0,0.013833715
0.0,3.0150514
0.0,0.021643385
0.0,0.19398938
0.0,0.040641807
0.0,0.07046605
0.0,0.058153242
0.0,0.07650438
0.0,0.07728744
0.0,0.08178767
0.0,0.07676021
0.0,0.07914149
0.0,0.12229469
0.0,0.12698153
0.0,0.12643874
0.0,0.13993089
0.0,-0.016570605
0.0,-0.037853163
0.0,-0.019730238
0.0,-0.041931406
0.0,-0.0114470115
0.0,-0.017413147
0.0,0.013804481
0.0,0.014640842
0.0,-0.017151417
0.0,-0.0114470115
0.0,-0.017413147
0.0,-0.0114470115
0.0,-0.017413147
0.0,-0.0114470115
0.0,-0.017413147
0.0,-0.0114470115
0.0,-0.017413147
0.0,0.017130494
0.0,0.019910626
0.0,0.05236139
0.0,0.010256764
0.0,-0.010639986
0.0,-0.026519561
0.0,-0.050732594
0.0,-0.07153288
0.0,-0.07837512
3.0,6.3844056
0.0,0.027739372
0.0,-0.011803306
0.0,0.07189918
0.0,-0.035542835
0.0,0.06030332
0.0,-0.04166922
7.0,0.051439915
0.0,0.033082925
0.0,0.12109902
0.0,0.038133107
0.0,1.0455122
0.0,0.018039912
0.0,0.025020415
0.0,0.01963704
0.0,0.021788968
0.0,0.022532485
0.0,-0.0010966464
0.0,-0.0011946559
0.0,-0.019054458
0.0,-0.010761023
0.0,-0.0114470115
0.0,-0.017413147
0.0,-0.0114470115
0.0,-0.017413147
0.0,0.013804481
0.0,0.014640842
0.0,0.017615626
0.0,0.010974368
0.0,0.009792885
0.0,0.057482958
0.0,0.05072692
0.0,0.040510006
0.0,-0.004102513
0.0,-0.014275428
0.0,-0.018807825
0.0,-0.041906886
0.0,-0.044276744
0.0,0.00017281472
6.0,3.3926506
0.0,0.037193645
0.0,1.3059933
0.0,0.026377423
9.0,1.576719
0.0,0.047351334
0.0,-0.0114470115
0.0,-0.017413147
0.0,0.013804481
0.0,0.014640842
0.0,0.017615626
0.0,0.010974368
0.0,0.009792885
0.0,0.00810613
0.0,0.011177024
0.0,-0.003848484
0.0,-0.03995222
0.0,-0.007887211
0.0,0.010324958
0.0,-0.056475658
0.0,-0.0114470115
0.0,-0.017413147
0.0,0.013804481
0.0,0.014640842
0.0,0.002599263
0.0,0.007484078
0.0,0.00406069
0.0,0.00058060884
0.0,0.006316122
0.0,0.008139264
0.0,0.017733496
0.0,0.07624321
0.0,0.040219016
0.0,0.117146924
2.0,0.0742429
0.0,0.019893706
0.0,0.08388295
0.0,0.03984091
0.0,-0.021786055
0.0,-0.0114470115
0.0,-0.017413147
0.0,0.013804481
0.0,0.014640842
0.0,0.002599263
0.0,0.009596714
0.0,-0.02082886
0.0,-0.0114470115
0.0,-0.017413147
0.0,0.013804481
0.0,0.014640842
0.0,0.002599263
0.0,0.009596714
0.0,-0.0070616673
0.0,-0.009764766
0.0,-0.00371197
0.0,0.0020031764
0.0,0.007280257
0.0,0.006683233
0.0,0.0003387138
0.0,0.0008958652
0.0,0.0023224605
0.0,-0.011228751
6.0,0.42769217
0.0,0.028123025
7.0,1.5648729
0.0,0.035674613
2.0,0.48627087
0.0,0.042837
0.0,0.42536223
0.0,0.039325632
4.0,0.54804784
0.0,0.03825133
0.0,-0.0114470115
0.0,-0.017413147
0.0,0.017130494
0.0,0.019910626
0.0,0.03955129
0.0,0.0356739
0.0,0.022267615
0.0,0.009851047
0.0,-4.106313e-05
0.0,-0.01889892
0.0,-0.033682734
0.0,-0.034272056
0.0,-0.07295132
0.0,1.9819827
0.0,1.0228276
6.0,4.1361785
0.0,0.031004764
4.0,1.7179124
0.0,0.032615423
0.0,0.17133136
0.0,0.013560053
0.0,0.04165539
0.0,0.020465473
0.0,0.6438567
0.0,0.03012154
0.0,0.8158469
0.0,0.32981953
0.0,1.2157737
0.0,0.54156184
0.0,1.7493004
0.0,1.7603534
0.0,0.93414205
0.0,1.6204975
0.0,2.6366608
0.0,2.688261
0.0,1.6540923
0.0,0.51939577
0.0,0.11917799
0.0,0.4850115
0.0,0.08509709
1.0,0.13774592
0.0,0.1392973
0.0,0.19267073
0.0,0.14430608
0.0,0.20005001
0.0,0.11233443
0.0,0.09685475
0.0,0.09565682
4.0,0.10161777
0.0,0.10051028
0.0,0.11314163
0.0,0.057404354
0.0,0.07391791
0.0,0.043683317
0.0,0.050800156
0.0,0.05837016
0.0,0.05037777
0.0,0.049367025
0.0,0.050159436
2.0,0.05013661
0.0,0.07725619
0.0,0.0956744
0.0,0.09051484
1.0,0.1088179
0.0,0.103000335
0.0,0.051773105
0.0,0.05961743
0.0,0.050232645
0.0,0.04310372
0.0,0.046062496
0.0,0.038927946
0.0,0.048018984
0.0,-0.0114470115
0.0,-0.017413147
0.0,0.013804481
0.0,0.014640842
0.0,0.017615626
0.0,0.010974368
0.0,0.009792885
0.0,0.057482958
0.0,0.05072692
0.0,0.055279456
0.0,0.083427966
0.0,0.08705885
0.0,-0.010262033
0.0,-0.0114470115
0.0,-0.017413147
0.0,-0.0114470115
0.0,-0.017413147
0.0,0.013804481
0.0,0.017111925
0.0,-0.009986446
0.0,-0.0114470115
0.0,-0.017413147
0.0,0.013804481
0.0,0.017111925
0.0,0.0557062
0.0,0.05240557
0.0,0.04576472
0.0,0.0466506
1.0,0.07685077
0.0,0.036192954
0.0,0.12238735
0.0,0.06565746
0.0,0.27964172
0.0,0.03946073
0.0,0.39272934
0.0,0.044611428
0.0,-0.032296114
0.0,-0.0114470115
0.0,-0.017413147
0.0,0.013804481
0.0,0.018164823
0.0,-0.016378488
0.0,-0.0114470115
0.0,-0.017413147
0.0,0.017130494
0.0,0.019910626
0.0,0.106409185
0.0,0.0045966893
0.0,-0.0114470115
0.0,-0.017413147
0.0,0.017130494
0.0,0.019910626
0.0,0.106409185
0.0,0.090805344
0.0,0.064867586
0.0,0.06999855
0.0,0.0655329
0.0,0.028860945
0.0,0.03032384
0.0,0.012179587
0.0,0.0044419616
0.0,0.0004192948
0.0,-0.045130026
6.0,2.0145555
0.0,0.020264894
0.0,2.3613281
0.0,0.055238344
3.0,0.5102498
0.0,0.024011772
0.0,0.06574559
0.0,0.0421331
0.0,0.41086996
0.0,0.030490678
0.0,0.06003138
0.0,0.033738896
0.0,0.07908693
0.0,0.0737797
0.0,0.08173847
0.0,0.079946995
0.0,0.26485935
0.0,0.113733895
0.0,0.13144472
0.0,0.1478341
0.0,0.20966223
0.0,0.22086193
0.0,0.12743396
0.0,0.19557862
0.0,0.07135024
0.0,0.09410742
0.0,0.09280632
0.0,0.09349106
0.0,0.083678044
0.0,0.12005856
0.0,0.11164936
0.0,0.107464135
0.0,0.073270835
0.0,0.11358069
0.0,0.12823316
0.0,0.104423456
0.0,0.10182627
0.0,0.10279423
0.0,0.06728111
0.0,0.14884613
0.0,0.15687115
0.0,0.0072845127
0.0,-0.02044052
0.0,-0.005299018
0.0,-0.015463269
0.0,-0.0114470115
0.0,-0.017413147
0.0,0.017130494
0.0,0.019910626
0.0,0.106409185
0.0,0.090805344
0.0,0.101808645
2.0,0.1130126
0.0,0.031618785
0.0,1.576023
0.0,0.04725198
0.0,0.08102277
0.0,0.091670126
0.0,0.026649488
0.0,0.0934764
0.0,0.008334776
0.0,0.04784726
8.0,2.998107
0.0,0.022257077
0.0,1.4477013
0.0,0.111767955
4.0,0.8989689
0.0,0.03968426
4.0,0.8409506
0.0,0.27530256
4.0,0.59450126
0.0,0.26192874
0.0,0.21468629
0.0,0.0863457
0.0,0.078666516
0.0,0.08553852
0.0,0.23349592
0.0,0.18488991
0.0,2.3002353
0.0,-0.0114470115
0.0,-0.017413147
0.0,0.013804481
0.0,0.017111925
0.0,-0.009986446
0.0,-0.0114470115
0.0,-0.017413147
0.0,0.013804481
0.0,0.017111925
0.0,0.03662659
0.0,0.026697265
0.0,0.01858693
0.0,0.01587228
0.0,0.013297006
0.0,0.009141093
0.0,0.0052679866
0.0,0.047211047
0.0,-0.019373031
0.0,0.11425333
0.0,0.06597535
0.0,0.1156326
0.0,-0.024393676
0.0,-0.0114470115
0.0,-0.017413147
0.0,0.017130494
0.0,0.019910626
0.0,0.106409185
0.0,0.090805344
0.0,0.06572137
0.0,0.024199126
0.0,0.00029896793
0.0,-0.047602322
0.0,-0.05218812
0.0,-0.056615997
0.0,-0.060090456
6.0,6.6898727
0.0,0.18577613
0.0,2.537478
0.0,0.044222888
5.0,1.4164486
0.0,0.021340616
4.0,1.4923267
0.0,0.014487811
4.0,1.2273362
0.0,-0.00564675
0.0,-0.0114470115
0.0,-0.017413147
0.0,0.017130494
0.0,0.019910626
0.0,0.106409185
0.0,0.090805344
0.0,0.06376843
0.0,0.023696313
0.0,-0.033717413
0.0,-0.046529718
0.0,-0.04959894
0.0,-0.0525871
0.0,0.0037040159
6.0,6.3148265
0.0,0.17103477
0.0,3.3482258
0.0,0.06177194
7.0,2.1495907
0.0,0.017743982
0.0,1.2424572
0.0,0.046010032
1.0,1.1888912
0.0,0.041219197
0.0,0.10110446
0.0,0.03872661
2.0,1.0328975
0.0,0.02779652
0.0,0.049822215
0.0,0.047670644
0.0,-0.0114470115
0.0,-0.017413147
0.0,0.017130494
0.0,0.019910626
0.0,0.05236139
0.0,0.010256764
0.0,-0.010639986
0.0,-0.026519561
0.0,-0.050732594
0.0,-0.07153288
0.0,-0.07837512
3.0,6.3844056
0.0,0.035037182
0.0,0.0052688476
0.0,0.052218925
0.0,2.6751447
0.0,0.010149154
0.0,-0.04316087
0.0,-0.054073147
0.0,-0.061652273
0.0,-0.058152962
0.0,-0.0114470115
0.0,-0.017413147
0.0,-0.0114470115
0.0,-0.017413147
0.0,-0.0114470115
0.0,-0.017413147
0.0,-0.0114470115
0.0,-0.017413147
0.0,-0.0114470115
0.0,-0.017413147
0.0,0.017130494
0.0,0.019910626
0.0,0.039557952
0.0,0.010710004
0.0,-0.0031838997
0.0,-2.3457407e-05
0.0,-0.021417322
0.0,-0.032267157
0.0,-0.02592606
0.0,2.2278357
0.0,-0.065741435
6.0,5.6539316
0.0,0.060309578
0.0,-0.0011071085
0.0,0.045583416
0.0,-0.0114470115
0.0,-0.017413147
0.0,0.017130494
0.0,0.019910626
0.0,0.04850194
0.0,0.006744359
0.0,-0.017141007
0.0,-0.0060348865
0.0,-0.032814
0.0,-0.037823193
0.0,-0.009826526
6.0,6.3007817
0.0,0.17583455
0.0,2.7121518
0.0,0.047386546
0.0,1.4626449
0.0,0.025130609
0.0,1.3060834
0.0,0.034174908
0.0,0.98789
0.0,0.5920937
2.0,1.4586322
0.0,0.032197114
0.0,0.064741604
0.0,-0.006268954
0.0,2.218158
0.0,0.017706543
0.0,-0.0065199938
0.0,-0.023884706
0.0,-0.019098483
0.0,-0.025844894
0.0,-0.0114470115
0.0,-0.017413147
0.0,-0.0114470115
0.0,-0.017413147
0.0,0.017130494
0.0,0.019910626
0.0,0.106409185
6.0,0.090805344
0.0,1.2483028
9.0,4.2314434
0.0,1.5746394
0.0,0.09257478
0.0,-0.0114470115
0.0,-0.017413147
0.0,-0.0114470115
0.0,-0.017413147
0.0,-0.0114470115
0.0,-0.017413147
0.0,-0.0114470115
0.0,-0.017413147
0.0,0.013804481
0.0,0.0043555032
0.0,-0.01988423
0.0,-0.0114470115
0.0,-0.017413147
0.0,0.017130494
0.0,0.019910626
0.0,0.106409185
0.0,0.09425252
0.0,0.05436449
0.0,0.06876263
0.0,0.06692454
0.0,0.04845791
0.0,0.042751227
6.0,1.5350243
0.0,0.13638124
0.0,0.50927883
0.0,0.07543971
2.0,1.758701
0.0,0.07454374
0.0,0.15062515
0.0,0.14430068
0.0,0.025682973
0.0,0.022460846
0.0,0.00834154
0.0,0.017383054
0.0,-0.0114470115
0.0,-0.017413147
0.0,0.013804481
0.0,0.0043555032
0.0,-0.01988423
0.0,-0.0114470115
0.0,-0.017413147
0.0,0.013804481
0.0,0.0043555032
0.0,0.008803671
0.0,-0.0007486611
0.0,-0.002651067
0.0,-0.004331311
0.0,0.008516305
0.0,0.0054162545
0.0,0.005963906
0.0,0.18549116
0.0,-0.050561097
0.0,-0.0114470115
0.0,-0.017413147
0.0,-0.0114470115
0.0,-0.017413147
0.0,0.013804481
0.0,0.012936126
0.0,0.014646896
0.0,0.008715921
0.0,0.003557217
0.0,0.0009348511
0.0,-0.011448278
0.0,-0.025772218
0.0,-0.027372692
0.0,-0.03326747
0.0,-0.03327988
0.0,-0.05054509
4.0,0.38026157
0.0,0.02460373
0.0,0.017552905
0.0,0.030850796
1.0,1.9939473
0.0,0.021792464
0.0,0.022412388
0.0,0.015112143
0.0,-0.0114470115
0.0,-0.017413147
0.0,0.017130494
0.0,0.019910626
0.0,0.106409185
0.0,0.09425252
0.0,0.05436449
0.0,0.06876263
0.0,0.06692454
0.0,0.04845791
0.0,0.042751227
0.0,1.5350243
0.0,0.48306867
0.0,-0.02953394
0.0,-0.033082493
0.0,0.0070912805
0.0,-0.0002987146
0.0,-0.03448477
0.0,0.09705295
0.0,0.61188686
6.0,5.0244355
0.0,0.044630907
8.0,1.4476365
0.0,0.063014016
3.0,1.1998894
0.0,0.011780254
0.0,0.13192993
0.0,0.016048362
0.0,1.1215059
0.0,0.01715694
4.0,0.5813425
0.0,0.007823881
0.0,0.21310455
0.0,0.025532907
0.0,0.6299325
0.0,0.010880386
0.0,0.2354542
0.0,0.0065799546
0.0,0.2012045
0.0,0.17504807
0.0,0.17051148
0.0,0.04783796
0.0,0.044158038
0.0,0.053604584
0.0,0.059685852
0.0,-0.0114470115
0.0,-0.017413147
0.0,0.013804481
0.0,0.0043555032
0.0,-0.01988423
0.0,-0.0114470115
0.0,-0.017413147
0.0,0.013804481
0.0,0.0043555032
0.0,0.008803671
0.0,-0.0007486611
0.0,-0.002651067
0.0,-0.004331311
0.0,0.008516305
0.0,0.017956011
0.0,0.023799667
0.0,0.1325084
0.0,-0.036731236
0.0,-0.0114470115
0.0,-0.017413147
0.0,-0.0114470115
0.0,-0.017413147
0.0,-0.0114470115
0.0,-0.017413147
0.0,0.017130494
0.0,0.019910626
0.0,0.058194634
0.0,0.023656162
0.0,0.011689413
0.0,0.014603984
0.0,-0.0044766157
0.0,-0.01753393
0.0,-0.022293681
0.0,-0.02549729
0.0,-0.049633745
0.0,1.6279085
0.0,0.14770518
6.0,3.7292733
0.0,0.018216603
0.0,2.1273296
0.0,0.032926347
0.0,1.1651413
0.0,0.02722336
3.0,0.8897906
0.0,0.012211784
0.0,0.09016951
0.0,0.003818643
1.0,1.133042
0.0,0.025280118
0.0,0.07862928
0.0,0.039258454
0.0,0.08732288
1.0,0.0920705
0.0,0.1270404
0.0,0.11525794
0.0,0.11828773
0.0,0.13608402
0.0,0.12816866
1.0,0.16355751
0.0,0.13285774
1.0,0.14670743
0.0,0.13206798
0.0,0.19725312
0.0,0.07743199
0.0,0.0771355
0.0,0.07140009
0.0,0.14042813
0.0,0.13507241
0.0,0.13359317
0.0,0.09162597
0.0,0.07923882
0.0,0.09053956
0.0,0.031338234
0.0,0.014114013
0.0,-0.0114470115
0.0,-0.017413147
0.0,-0.0114470115
0.0,-0.017413147
0.0,0.013804481
0.0,0.0043555032
0.0,0.008803671
0.0,-0.0007486611
0.0,-0.002651067
0.0,-0.004331311
0.0,0.008516305
0.0,0.017956011
0.0,0.023799667
0.0,0.1325084
0.0,-0.014498856
0.0,-0.049472254
0.0,-0.08155882
0.0,-0.076909415
0.0,-0.07858305
0.0,-0.101103045
6.0,4.8375583
0.0,0.031155236
0.0,2.4064453
0.0,0.050447103
5.0,0.3414707
0.0,0.038699605
0.0,0.035778575
0.0,0.021406708
0.0,1.2399572
0.0,0.029388634
0.0,0.021871373
0.0,0.047585048
0.0,-0.0114470115
0.0,-0.017413147
0.0,0.017130494
0.0,0.019910626
0.0,0.058194634
0.0,0.057614177
0.0,0.024548557
0.0,0.058788013
0.0,0.057995602
2.0,0.06661139
0.0,0.022530738
0.0,1.7972279
0.0,0.05441528
0.0,1.9293767
0.0,0.043029018
0.0,1.6465594
0.0,0.03375749
0.0,0.755244
0.0,1.1059356
0.0,1.0968366
0.0,1.025408
0.0,1.7586489
0.0,1.798429
0.0,-0.0114470115
0.0,-0.017413147
0.0,0.013804481
0.0,0.03389935
0.0,0.0055391146
0.0,-0.0114470115
0.0,-0.017413147
0.0,-0.0114470115
0.0,-0.017413147
0.0,-0.0114470115
0.0,-0.017413147
0.0,0.013804481
0.0,0.03389935
0.0,0.0055391146
0.0,-0.0114470115
0.0,-0.017413147
0.0,-0.0114470115
0.0,-0.017413147
0.0,0.013804481
0.0,0.03389935
0.0,0.0055391146
0.0,-0.0114470115
0.0,-0.017413147
0.0,0.013804481
0.0,0.03389935
0.0,0.03106465
0.0,0.02462744
0.0,0.021556444
0.0,0.081033185
1.0,0.06842047
0.0,0.31892604
0.0,0.017615398
0.0,-0.0114470115
0.0,-0.017413147
0.0,-0.0114470115
0.0,-0.017413147
0.0,0.017130494
0.0,0.019910626
0.0,0.058194634
0.0,0.023656162
19.0,0.011689413
0.0,0.6773467
0.0,1.2307969
0.0,0.9567489
0.0,0.18524413
0.0,0.7288224
0.0,0.7277839
0.0,0.15226963
0.0,0.26217595
0.0,0.5563579
0.0,0.09077784
0.0,0.22258447
0.0,0.06258654
0.0,0.15436743
0.0,0.14181368
0.0,0.11893797
0.0,0.12989004
0.0,0.115777455
0.0,0.050304383
0.0,0.04717801
0.0,0.0609161
0.0,0.049137924
0.0,0.04523961
0.0,0.092071995
0.0,0.058351744
0.0,0.047362935
2.0,0.056165922
0.0,0.040013753
1.0,0.063448235
0.0,0.03644192
0.0,-0.0114470115
0.0,-0.017413147
0.0,-0.0114470115
0.0,-0.017413147
0.0,-0.0114470115
0.0,-0.017413147
0.0,0.013804481
0.0,0.012934911
0.0,0.027001122
0.0,0.012216547
0.0,0.012998291
0.0,0.010964489
0.0,-0.024781838
0.0,-0.0114470115
0.0,-0.017413147
0.0,-0.0114470115
0.0,-0.017413147
0.0,0.017130494
0.0,0.019910626
0.0,0.048989985
0.0,0.020419242
0.0,0.0020850748
0.0,0.008196667
0.0,-0.0053013233
0.0,-0.0130163785
0.0,-0.00654297
0.0,0.30097896
0.0,0.014523529
6.0,3.9804432
0.0,0.05148992
4.0,2.241446
0.0,0.024828425
6.0,1.147333
0.0,0.005934344
0.0,0.4992407
0.0,0.011958211
2.0,1.1117055
0.0,0.008275069
0.0,0.03693389
0.0,0.03592996
0.0,0.011369749
0.0,0.011955146
0.0,-0.0114470115
0.0,-0.017413147
0.0,0.013804481
0.0,0.03389935
0.0,0.0055391146
0.0,-0.0114470115
0.0,-0.017413147
0.0,0.017130494
0.0,0.019910626
0.0,0.07772239
2.0,0.069728054
0.0,0.024704805
0.0,1.4073595
0.0,0.040048987
1.0,0.73438674
0.0,0.02423568
0.0,1.0854456
0.0,0.068216674
0.0,2.025823
0.0,0.059236564
0.0,0.6845724
0.0,0.03561589
0.0,0.69421685
0.0,1.2489542
1.0,1.538911
0.0,0.0127773965
0.0,2.0559332
0.0,0.041211803
8.0,2.0938573
0.0,0.049373027
0.0,-0.0114470115
0.0,-0.017413147
0.0,0.017130494
0.0,0.019910626
0.0,0.07772239
0.0,0.05558572
0.0,0.03984671
0.0,0.046744987
0.0,0.04367815
0.0,0.040976644
0.0,0.046611793
0.0,0.75542295
0.0,0.30223557
8.0,3.7385194
0.0,0.05479088
0.0,0.20085408
0.0,0.16787626
1.0,0.65963435
0.0,0.04603169
0.0,0.06443694
0.0,0.054853044
0.0,0.064721316
0.0,0.05516473
0.0,0.05449642
0.0,0.12832478
0.0,0.15663284
0.0,0.058048014
0.0,0.07959372
0.0,0.03885689
0.0,-0.005728218
0.0,-0.025834939
0.0,0.026020952
0.0,0.060722057
0.0,-0.0114470115
0.0,-0.017413147
0.0,0.013804481
0.0,0.012934911
0.0,-0.016328787
0.0,-0.0114470115
0.0,-0.017413147
0.0,-0.0114470115
0.0,-0.017413147
0.0,0.013804481
0.0,0.012934911
0.0,-0.016328787
0.0,-0.0114470115
0.0,-0.017413147
0.0,-0.0114470115
0.0,-0.017413147
0.0,0.013804481
0.0,0.012934911
0.0,-0.016328787
0.0,-0.0114470115
0.0,-0.017413147
0.0,0.017130494
0.0,0.019910626
0.0,0.07772239
2.0,0.069728054
0.0,0.024704805
0.0,1.4073595
0.0,0.04412222
0.0,0.20648882
0.0,0.053086393
0.0,0.2890317
0.0,0.056754157
0.0,2.5047271
0.0,0.9617729
0.0,1.1966424
0.0,0.7451194
0.0,1.1449152
0.0,0.59049743
0.0,0.076296635
0.0,0.07987903
0.0,0.038752347
0.0,0.044431522
0.0,0.035794307
0.0,0.054462526
4.0,1.0010166
0.0,0.029780926
0.0,0.16597398
0.0,0.012119525
0.0,-0.0114470115
0.0,-0.017413147
0.0,0.013804481
0.0,0.031136086
0.0,0.033408694
0.0,0.031093655
0.0,0.017184805
0.0,0.015829671
1.0,0.017571878
0.0,0.033012096
0.0,0.0091302255
0.0,0.058998115
0.0,0.00094716245
0.0,0.05885623
0.0,-0.0034845648
0.0,0.034982592
8.0,0.29778484
0.0,0.04924847
0.0,0.9238929
0.0,0.050197408
0.0,0.30635235
0.0,0.045940522
2.0,0.74824345
0.0,0.04197579
1.0,0.049369507
0.0,0.060440212
0.0,0.052622892
0.0,0.04432723
2.0,0.02375374
0.0,0.030605432
0.0,0.11233859
0.0,0.03016354
0.0,0.06588479
0.0,0.049131006
0.0,0.066384666
0.0,0.04601715
0.0,0.14467841
0.0,0.14716873
0.0,0.13439181
3.0,0.14522944
0.0,0.109487146
0.0,0.13660835
0.0,0.08991764
0.0,0.15014607
0.0,0.048721313
0.0,0.067103714
0.0,0.052934553
0.0,0.075392105
0.0,-0.0114470115
0.0,-0.017413147
0.0,-0.0114470115
0.0,-0.017413147
0.0,0.013804481
0.0,0.031136086
0.0,-0.008588121
0.0,-0.0114470115
0.0,-0.017413147
0.0,-0.0114470115
0.0,-0.017413147
0.0,0.017130494
0.0,0.019910626
0.0,0.07772239
1.0,0.069728054
0.0,0.019790098
0.0,0.21907929
0.0,0.033106912
0.0,0.37480122
0.0,0.04605365
0.0,0.011618205
0.0,0.10167763
0.0,0.0061297296
0.0,-0.0057984125
0.0,-0.0032415553
0.0,0.047701094
8.0,4.2186823
0.0,0.013450112
0.0,0.70173806
0.0,0.061307024
0.0,0.1443944
0.0,0.071533516
3.0,0.9578832
0.0,0.027167426
0.0,0.05770279
0.0,0.050173596
0.0,0.07935661
2.0,0.05318582
0.0,0.09917447
0.0,0.11296084
0.0,0.13394038
0.0,0.10941441
0.0,0.12628682
0.0,0.037539072
0.0,0.028085457
0.0,0.03752795
0.0,0.037358582
0.0,0.040262207
0.0,0.030165186
0.0,0.017571498
0.0,0.04790228
0.0,0.039360035
0.0,-0.0114470115
0.0,-0.017413147
2.0,0.2969093
0.0,0.036585398
3.0,0.19903229
0.0,0.048489094
0.0,1.2563248
0.0,0.019987687
0.0,1.1770297
0.0,0.028260147
0.0,0.13306402
0.0,0.050598994
0.0,0.9134405
0.0,0.3206816
0.0,1.9226153
0.0,0.15153764
0.0,0.12997212
0.0,0.040066846
0.0,0.03757608
0.0,0.23410462
0.0,0.1843013
0.0,0.25160223
0.0,0.21573189
0.0,0.2537792
0.0,0.17925452
0.0,0.18672395
0.0,0.20947191
0.0,-0.0037335276
0.0,-0.0114470115
0.0,-0.017413147
2.0,0.2969093
0.0,0.036585398
3.0,0.19903229
0.0,0.048489094
0.0,1.3443984
0.0,0.030520316
0.0,1.0363282
0.0,0.03700558
0.0,0.17108919
0.0,0.055182207
0.0,1.3763325
0.0,1.0213908
0.0,2.1619718
0.0,0.9531327
0.0,0.73570615
0.0,0.59694153
0.0,0.24314795
0.0,0.30695137
0.0,0.25518262
0.0,0.104504265
0.0,0.1814706
0.0,0.032337733
0.0,0.060167514
0.0,0.05146798
0.0,0.053364817
0.0,-0.013702217
0.0,-0.0114470115
0.0,-0.017413147
0.0,0.017130494
0.0,0.019910626
0.0,0.07772239
0.0,0.069728054
0.0,0.047524452
0.0,0.022663629
0.0,0.014004604
0.0,-0.016804826
0.0,-0.0061060186
0.0,-0.005879652
0.0,-0.046341654
10.0,1.0937625
0.0,0.17020236
0.0,0.19085594
0.0,0.067546315
0.0,0.6843925
0.0,0.060962256
0.0,0.09851318
0.0,0.0867597
0.0,0.033807695
0.0,0.045956455
0.0,-0.0114470115
0.0,-0.017413147
0.0,0.017130494
0.0,0.019910626
0.0,0.07772239
1.0,0.069728054
0.0,0.019790098
0.0,0.21907929
0.0,0.03555854
0.0,0.044594962
0.0,0.06796082
0.0,0.020515352
0.0,0.08461915
0.0,0.020099426
0.0,-0.029016407
0.0,1.0163609
0.0,0.7495652
7.0,4.592545
0.0,0.012646633
0.0,0.19199614
0.0,0.038188506
0.0,0.5745946
0.0,0.020013094
0.0,0.018380221
0.0,0.022650102
0.0,-0.0114470115
0.0,-0.017413147
0.0,-0.0114470115
0.0,-0.017413147
0.0,-0.0114470115
0.0,-0.017413147
0.0,-0.0114470115
0.0,-0.017413147
0.0,0.013804481
0.0,0.030891303
0.0,0.039853223
0.0,0.043153826
0.0,-0.016992206
0.0,-0.0114470115
0.0,-0.017413147
0.0,-0.0114470115
0.0,-0.017413147
0.0,0.017130494
0.0,0.019910626
0.0,0.04850194
0.0,0.006744359
0.0,-0.0033426553
0.0,-0.017613119
0.0,-0.04703519
0.0,-0.059690107
0.0,-0.054144204
0.0,5.388149
0.0,0.32684204
0.0,6.152828
0.0,2.5614111
0.0,-0.000347656
0.0,-0.04987126
0.0,-0.06029344
0.0,-0.06111688
0.0,-0.008425415
7.0,4.3642282
0.0,0.12486682
1.0,1.5554632
0.0,0.026306393
0.0,1.2666628
0.0,0.017915202
3.0,1.0657837
0.0,0.012565723
0.0,0.58768815
0.0,0.01890596
5.0,1.4023882
0.0,0.030233862
0.0,-0.0114470115
0.0,-0.017413147
0.0,-0.0114470115
0.0,-0.017413147
0.0,-0.0114470115
0.0,-0.017413147
0.0,-0.0114470115
0.0,-0.017413147
0.0,-0.0114470115
0.0,-0.017413147
0.0,0.013804481
0.0,0.031136086
0.0,0.05445252
0.0,0.048075728
0.0,0.036779895
0.0,0.02991896
1.0,0.023672221
0.0,0.058937166
0.0,0.109997
0.0,0.100995585
0.0,0.07880034
0.0,0.67435724
0.0,0.41647714
0.0,0.03766054
0.0,0.3656129
0.0,0.12836298
0.0,0.23088388
0.0,0.4071716
0.0,0.26143813
0.0,0.37698635
0.0,0.4651083
0.0,0.16824329
0.0,0.105978616
0.0,1.1098261
0.0,-0.0114470115
0.0,-0.017413147
0.0,0.017130494
0.0,0.019910626
0.0,0.04850194
0.0,0.006744359
0.0,-0.017141007
0.0,-0.0060348865
0.0,-0.032814
0.0,-0.037823193
0.0,-0.009826526
10.0,6.3007817
0.0,0.3535944
3.0,1.899833
0.0,0.08032315
6.0,0.21489559
0.0,0.027032964
0.0,-0.0114470115
0.0,-0.017413147
0.0,-0.0114470115
0.0,-0.017413147
0.0,0.017130494
0.0,0.019910626
0.0,0.04850194
0.0,0.006744359
0.0,-0.017141007
0.0,-0.0060348865
0.0,-0.032814
0.0,-0.037823193
0.0,-0.009826526
10.0,6.3007817
0.0,0.31185687
0.0,1.8038776
0.0,0.2153678
0.0,0.19727252
0.0,0.051197182
0.0,0.020674335
0.0,0.04537554
0.0,-0.0114470115
0.0,-0.017413147
0.0,0.017130494
0.0,0.019910626
0.0,0.05236139
0.0,0.010256764
0.0,-0.010639986
0.0,-0.026519561
0.0,-0.050732594
0.0,-0.07153288
0.0,-0.07837512
9.0,6.3844056
0.0,0.3427544
0.0,0.11220772
0.0,0.24959147
1.0,0.66162187
0.0,0.055358417
0.0,0.066232495
0.0,0.027569825
0.0,0.0075679016
0.0,0.0027469993
0.0,-0.0114470115
0.0,-0.017413147
0.0,0.013804481
0.0,0.0043555032
0.0,-0.01988423
0.0,-0.0114470115
0.0,-0.017413147
0.0,0.017130494
0.0,0.019910626
0.0,0.04850194
0.0,0.006744359
0.0,-0.017141007
0.0,-0.0060348865
0.0,-0.032814
0.0,-0.037823193
0.0,-0.009826526
3.0,6.3007817
0.0,0.07241542
0.0,-0.00446053
0.0,0.065525554
0.0,1.1740875
0.0,0.100220375
0.0,0.32170966
0.0,0.03487483
0.0,0.26820076
0.0,0.11664791
0.0,0.09892571
0.0,0.066474594
0.0,0.058472272
0.0,0.06589287
0.0,0.06174547
0.0,0.070362516
0.0,0.12968095
0.0,0.14843574
0.0,0.1781754
6.0,0.17185563
0.0,0.32377514
0.0,0.20281102
0.0,0.24646373
0.0,0.15903112
0.0,0.10785822
0.0,0.240055
0.0,-0.04082759
0.0,-0.0114470115
0.0,-0.017413147
0.0,0.013804481
0.0,0.0043555032
0.0,0.008803671
0.0,-0.0007486611
0.0,-0.002651067
0.0,-0.009572826
0.0,-0.011426062
0.0,-0.0037473335
0.0,0.0011586591
0.0,0.20840533
1.0,0.08005288
0.0,0.19469747
0.0,0.7083056
0.0,0.13123697
0.0,0.20573574
0.0,0.087536454
0.0,0.64789075
0.0,0.020426488
0.0,0.62550384
0.0,0.2824858
0.0,0.27708295
0.0,0.13570043
0.0,0.07597928
0.0,0.24410507
0.0,0.35224792
0.0,0.5215272
0.0,0.36751583
0.0,0.53918326
0.0,0.51302344
0.0,2.5447068
9.0,2.1943169
0.0,0.044045817
0.0,-0.0114470115
0.0,-0.017413147
0.0,0.013804481
0.0,0.031136086
0.0,0.05445252
0.0,0.048075728
0.0,0.036779895
0.0,0.02991896
0.0,0.023672221
0.0,0.036013123
1.0,0.04880615
0.0,0.050309602
0.0,0.044095136
0.0,0.46610588
0.0,-0.037372995
0.0,-0.0114470115
0.0,-0.017413147
0.0,0.013804481
0.0,0.031136086
0.0,0.033408694
0.0,0.031093655
0.0,0.017184805
0.0,0.015829671
0.0,0.017571878
0.0,0.008724129
1.0,0.012285019
0.0,0.03950344
0.0,0.013471416
0.0,0.055339824
0.0,-0.021452432
0.0,0.057810374
0.0,0.0008176401
0.0,0.014174658
0.0,0.869688
0.0,0.8019767
6.0,2.3638828
0.0,0.04273752
0.0,0.05533478
0.0,0.037068173
0.0,0.7408381
0.0,0.030633803
0.0,0.032309107
0.0,0.056697667
0.0,-0.0114470115
0.0,-0.017413147
0.0,0.017130494
0.0,0.019910626
0.0,0.050650597
0.0,0.01647518
0.0,0.014595067
0.0,-0.0012782514
0.0,-0.026160887
0.0,-0.0378998
0.0,-0.024035988
9.0,5.1111856
0.0,0.24890725
3.0,1.6729038
0.0,0.042093404
6.0,0.35556495
0.0,0.025047673
0.0,-0.0114470115
0.0,-0.017413147
0.0,0.017130494
0.0,0.019910626
0.0,0.050650597
0.0,0.01647518
0.0,0.014595067
0.0,-0.0012782514
0.0,-0.026160887
0.0,-0.0378998
0.0,-0.024035988
9.0,5.1111856
0.0,0.08152199
0.0,0.107803755
0.0,0.11986363
1.0,0.83450085
0.0,0.08082893
0.0,0.46827126
0.0,0.08696958
0.0,0.089678094
0.0,0.0721125
0.0,0.19547299
0.0,0.16898374
0.0,0.14413019
0.0,0.1502173
0.0,0.14513832
0.0,0.14732514
0.0,0.16160125
0.0,0.08616159
0.0,0.095351726
1.0,0.06310805
0.0,0.10162012
1.0,0.101385266
0.0,0.12084286
0.0,0.11173576
0.0,0.12633875
0.0,0.15915962
0.0,0.10325474
0.0,0.10157371
0.0,0.077178314
0.0,0.14363322
0.0,0.16372643
0.0,0.13867013
0.0,0.08701865
0.0,0.11825355
0.0,0.1107867
0.0,0.10236749
0.0,0.12277503
1.0,0.13852912
0.0,0.14700438
0.0,0.04154046
0.0,0.042710215
0.0,0.053511918
0.0,0.0049723624
0.0,-0.007607141
0.0,0.008792652
0.0,-0.007565875
0.0,-0.0114470115
0.0,-0.017413147
0.0,0.013804481
0.0,0.031136086
0.0,0.05445252
0.0,0.048075728
0.0,0.036779895
0.0,0.034765955
1.0,0.04842247
0.0,0.03577447
0.0,0.15602426
0.0,0.03805734
0.0,0.08761985
0.0,0.024135342
0.0,0.18602692
0.0,0.05846285
0.0,0.58409053
0.0,0.27145576
0.0,0.6093281
0.0,0.12975088
0.0,0.10912558
0.0,0.1197928
1.0,0.11834627
0.0,0.05583086
0.0,-0.0114470115
0.0,-0.017413147
0.0,0.017130494
0.0,0.019910626
0.0,0.05765182
0.0,0.056175828
0.0,0.04420936
0.0,0.071703896
0.0,0.091664046
0.0,-0.021019813
0.0,-0.024617814
0.0,-0.027233189
0.0,-0.04054144
0.0,-0.044145573
0.0,-0.0410131
7.0,5.407881
0.0,0.02369649
1.0,1.3535906
0.0,0.04459861
0.0,0.10802698
0.0,0.03199218
0.0,0.9319114
0.0,0.02764919
0.0,0.01738166
0.0,0.039104003
0.0,0.054418195
0.0,0.04243531
0.0,0.054752376
0.0,0.040835418
0.0,0.06563023
0.0,0.042366967
0.0,0.04471306
0.0,0.058586497
0.0,0.058508348
0.0,0.06851767
0.0,0.0703862
0.0,0.16863286
0.0,0.12004275
0.0,0.11203209
0.0,0.096510716
0.0,0.13256595
0.0,0.12822883
0.0,0.13007158
0.0,0.12470363
0.0,0.10812205
1.0,0.056952633
0.0,0.10927418
0.0,0.07336494
0.0,0.11962685
0.0,0.11094135
0.0,0.14449629
0.0,0.08854016
0.0,0.06991609
0.0,0.08068806
0.0,0.081716135
0.0,0.07193224
0.0,0.07645471
0.0,0.07864934
0.0,0.08734249
0.0,0.07239546
0.0,0.07443005
0.0,0.08239827
0.0,0.0732915
0.0,0.06939078
0.0,0.07300518
0.0,0.07161321
0.0,-0.035161182
0.0,-0.01476963
0.0,-0.013102532
0.0,-0.017650306
0.0,-0.0114470115
0.0,-0.017413147
0.0,0.017130494
0.0,0.019910626
0.0,0.10681855
0.0,0.079424605
0.0,0.06361502
1.0,0.06224299
0.0,0.108181916
0.0,0.42851382
0.0,0.22119144
0.0,0.99109113
0.0,0.19547468
0.0,1.6384147
0.0,0.026401691
0.0,0.5007925
0.0,0.45623308
0.0,-0.0139290895
0.0,-0.0114470115
0.0,-0.017413147
0.0,0.017130494
0.0,0.019910626
0.0,0.03163553
0.0,0.032361344
0.0,0.014240368
0.0,-0.02076857
0.0,-0.067815945
0.0,-0.07232319
0.0,-0.072432674
0.0,-0.07378723
0.0,-0.012342903
5.0,5.5948563
0.0,0.03264729
1.0,2.5500686
0.0,0.028379891
0.0,0.009154063
0.0,0.0067526936
0.0,-0.0114470115
0.0,-0.017413147
0.0,0.017130494
0.0,0.019910626
0.0,0.03163553
0.0,0.032361344
0.0,0.017710267
0.0,-0.017879738
0.0,-0.03982485
0.0,-0.0426519
0.0,-0.045669165
0.0,-0.049583334
0.0,-0.052228045
9.0,4.6026106
0.0,0.07728355
0.0,-0.0114470115
0.0,-0.017413147
0.0,0.017130494
0.0,0.019910626
0.0,0.10681855
0.0,0.079424605
0.0,0.06361502
2.0,0.06224299
0.0,0.059156388
0.0,1.1179196
0.0,0.065823406
0.0,0.6971838
0.0,0.079882756
0.0,-0.03654968
0.0,-0.0114470115
0.0,-0.017413147
0.0,-0.0114470115
0.0,-0.017413147
0.0,0.017130494
0.0,0.019910626
0.0,0.07772239
0.0,0.05558572
0.0,0.026314043
0.0,0.035428993
0.0,0.034562614
0.0,0.0325031
0.0,0.03363577
6.0,0.6611172
0.0,0.17698944
0.0,0.5972526
0.0,0.13113402
0.0,0.35723448
0.0,0.09881967
0.0,0.1367545
0.0,0.05789516
0.0,0.09372617
7.0,0.39873937
0.0,0.031546414
0.0,0.31397563
0.0,0.05065181
10.0,1.1848495
0.0,0.01532521
0.0,0.23719595
0.0,0.051021457
0.0,-0.0114470115
0.0,-0.017413147
0.0,0.017130494
0.0,0.019910626
0.0,0.03163553
0.0,0.032361344
0.0,0.019800128
0.0,0.018739758
0.0,0.0146777
1.0,0.009314921
0.0,0.050498832
0.0,0.6478765
0.0,0.0763702
0.0,-0.043469362
0.0,-0.0114470115
0.0,-0.017413147
0.0,0.013804481
0.0,0.031136086
0.0,0.05445252
0.0,0.048075728
0.0,0.036779895
0.0,0.033835053
0.0,0.0032836318
0.0,0.03827732
0.0,-0.024250856
0.0,-0.029832957
0.0,-0.034586046
0.0,-0.041092943
0.0,-0.04693974
0.0,0.04969292
0.0,2.8161035
0.0,1.3358427
8.0,3.950828
0.0,0.028743988
0.0,0.055633724
0.0,0.04292176
0.0,0.9529526
0.0,0.037079424
0.0,0.017213076
0.0,0.043986414
0.0,-0.0114470115
0.0,-0.017413147
0.0,-0.0114470115
0.0,-0.017413147
0.0,-0.0114470115
0.0,-0.017413147
0.0,0.017130494
0.0,0.019910626
0.0,0.05236139
0.0,0.010256764
0.0,-0.024169058
0.0,-0.039679773
0.0,-0.05817234
0.0,-0.078601465
0.0,-0.08445138
9.0,6.312581
0.0,0.35521302
1.0,1.6007147
0.0,0.31131485
5.0,0.2223285
0.0,0.032512777
8.0,0.7570028
0.0,0.019437805
0.0,0.12494811
0.0,0.05053161
0.0,-0.0114470115
0.0,-0.017413147
0.0,0.017130494
0.0,0.019910626
0.0,0.05765182
0.0,0.022282308
0.0,-0.0046119895
0.0,-0.01717252
0.0,-0.04570316
0.0,-0.057887863
0.0,-0.049087133
0.0,4.6487775
0.0,0.03280972
6.0,6.4555106
0.0,0.16628504
0.0,2.3570924
0.0,0.041350923
1.0,1.2475424
0.0,0.011998388
0.0,0.04513304
0.0,0.03827195
1.0,1.0151417
0.0,0.0025337292
0.0,0.022658639
0.0,0.020725708
0.0,0.035169568
0.0,0.0278007
2.0,0.06924148
0.0,0.008911129
1.0,0.046372328
0.0,0.014373032
3.0,0.06580775
0.0,0.020687357
0.0,0.026980197
0.0,0.003747384
0.0,0.032242864
0.0,0.029249107
0.0,0.034889523
0.0,0.02727534
0.0,0.04267936
0.0,0.036698326
0.0,0.048377838
0.0,-0.0114470115
0.0,-0.017413147
0.0,0.017130494
0.0,0.019910626
0.0,0.03163553
0.0,0.032361344
0.0,0.021505933
0.0,0.004798281
0.0,-0.0012530967
0.0,-0.024652949
0.0,-0.0260323
0.0,-0.029005362
0.0,0.019231679
9.0,2.47087
0.0,0.11328859
0.0,1.0076064
0.0,0.15593675
0.0,-0.0114470115
0.0,-0.017413147
0.0,0.013804481
0.0,0.030891303
0.0,0.070049845
0.0,0.06488972
0.0,0.048540823
0.0,0.042455956
0.0,-0.009215873
0.0,-0.0114470115
0.0,-0.017413147
0.0,0.017130494
0.0,0.019910626
0.0,0.03163553
0.0,0.032361344
0.0,0.019800128
0.0,0.010107635
0.0,0.0026193007
0.0,-0.025514591
0.0,-0.027444255
0.0,-0.030549448
0.0,-0.070594765
9.0,0.88630897
0.0,0.09863095
0.0,1.5317521
0.0,0.029404417
0.0,0.034489278
0.0,0.06809521
0.0,-0.0114470115
0.0,-0.017413147
0.0,0.013804481
0.0,0.031136086
0.0,-0.008588121
0.0,-0.0114470115
0.0,-0.017413147
0.0,-0.0114470115
0.0,-0.017413147
0.0,-0.0114470115
0.0,-0.017413147
0.0,0.017130494
0.0,0.019910626
0.0,0.03163553
1.0,0.032361344
0.0,0.06085629
14.0,0.098102495
0.0,0.48377073
0.0,-0.0114470115
0.0,-0.017413147
0.0,0.017130494
1.0,0.019910626
0.0,0.06352423
0.0,1.0120023
0.0,0.054342378
0.0,0.07317682
0.0,0.03380324
0.0,0.0023387491
0.0,-0.02603643
0.0,-0.041208535
0.0,0.071117766
8.0,5.758259
0.0,0.45605162
8.0,1.5296664
0.0,0.23678765
3.0,0.92113936
0.0,0.18790579
0.0,0.13550453
0.0,0.033870265
1.0,1.5538105
0.0,0.05379561
0.0,0.10634968
0.0,0.052545454
0.0,0.08434285
0.0,-0.0114470115
0.0,-0.017413147
0.0,-0.0114470115
0.0,-0.017413147
0.0,0.017130494
1.0,0.019910626
0.0,0.030987665
0.0,0.33869103
0.0,0.048128773
0.0,0.19386174
0.0,0.0448554
0.0,0.3184233
0.0,0.057073846
0.0,0.04936036
0.0,0.059081685
0.0,0.03502406
0.0,0.02746961
0.0,0.031632036
0.0,0.049670503
3.0,1.5665141
0.0,-0.016583424
0.0,0.043964423
0.0,0.0042850045
3.0,2.5471425
0.0,-0.0060575586
0.0,-0.018123634
0.0,-0.0027216165
0.0,-0.024507366
0.0,-0.024340075
0.0,-0.0114470115
0.0,-0.017413147
0.0,0.017130494
1.0,0.019910626
0.0,0.030987665
0.0,0.017532917
0.0,0.085424736
0.0,0.028060252
0.0,0.03254006
0.0,0.016378058
0.0,0.08179897
0.0,1.3598242
0.0,0.12898654
0.0,-0.06173693
0.0,-0.017828237
0.0,0.0059077456
0.0,-0.015308364
0.0,-0.06268242
8.0,0.054771524
0.0,0.019582376
3.0,1.4024004
0.0,0.065761246
0.0,-0.0114470115
0.0,-0.017413147
0.0,-0.0114470115
0.0,-0.017413147
0.0,0.017130494
1.0,0.019910626
0.0,0.030987665
0.0,0.33869103
0.0,0.040731836
0.0,0.005641481
0.0,0.050059803
0.0,-0.03284493
0.0,0.040908452
0.0,-0.06985725
0.0,-0.076948225
6.0,6.585027
0.0,0.03584753
0.0,0.04156303
0.0,0.022529902
1.0,2.2454436
0.0,0.024649225
0.0,0.0061227884
0.0,0.028011894
0.0,-0.0114470115
0.0,-0.017413147
0.0,0.017130494
1.0,0.019910626
0.0,0.030987665
0.0,0.017532917
0.0,0.085424736
0.0,0.028060252
0.0,0.03254006
0.0,0.016378058
0.0,0.08179897
0.0,1.3598242
0.0,0.12898654
8.0,3.97598
0.0,0.079882555
0.0,0.21392094
0.0,0.26261744
1.0,0.701277
0.0,0.060141854
0.0,0.15606834
0.0,0.064775
0.0,0.13884702
0.0,0.06894841
0.0,0.08246373
0.0,0.05496387
0.0,0.14318784
0.0,0.1607052
0.0,0.17387006
2.0,0.14594924
0.0,0.15016513
0.0,0.10674853
0.0,0.068976834
0.0,0.05205077
0.0,0.039614543
0.0,0.0429113
0.0,0.039363023
0.0,0.09818348
0.0,0.09624179
0.0,0.091775686
0.0,0.07091797
0.0,0.13880162
0.0,0.1202071
0.0,0.15501684
0.0,0.14137293
0.0,0.16852759
0.0,0.06566387
0.0,0.10493324
0.0,0.114563495
0.0,0.15076016
0.0,0.1257758
0.0,0.10088912
0.0,0.10919207
0.0,0.15600915
2.0,0.16116662
0.0,0.12447939
3.0,0.18484378
0.0,0.13749768
0.0,0.7447019
0.0,0.16818586
0.0,0.5244301
0.0,0.038941678
0.0,0.063881
0.0,0.063856885
0.0,0.05008744
0.0,0.01192723
0.0,0.016698051
0.0,0.009352792
0.0,-0.0114470115
0.0,-0.017413147
1.0,0.013804481
0.0,0.0674004
0.0,0.012929565
0.0,-0.0114470115
0.0,-0.017413147
0.0,-0.0114470115
0.0,-0.017413147
0.0,0.017130494
1.0,0.019910626
0.0,0.06352423
0.0,1.0120023
0.0,0.076387905
0.0,0.37213072
0.0,0.10211394
0.0,-0.036798034
0.0,-0.0114470115
0.0,-0.017413147
0.0,0.017130494
1.0,0.019910626
0.0,0.030987665
0.0,0.017532917
0.0,0.069790244
0.0,0.03833361
0.0,0.03841938
0.0,0.0028942032
0.0,0.032108985
0.0,1.552353
0.0,0.18158594
7.0,4.1253533
0.0,0.061522346
0.0,0.096358694
0.0,0.12149559
2.0,0.8246273
0.0,0.024142308
0.0,0.002677083
0.0,0.04179193
0.0,-0.00094913837
0.0,0.021952383
0.0,-0.0114470115
0.0,-0.017413147
1.0,0.013804481
0.0,0.04430281
0.0,0.29470944
0.0,0.0928029
0.0,0.10618444
0.0,0.07994312
0.0,0.07422638
0.0,0.066605434
0.0,-0.032727666
0.0,-0.0114470115
0.0,-0.017413147
1.0,0.013804481
0.0,0.04430281
0.0,0.1179597
0.0,0.075947665
0.0,0.06527388
0.0,0.061677147
0.0,0.06859052
0.0,0.05621474
0.0,0.07551129
0.0,0.10232719
0.0,0.062131528
0.0,0.43438455
0.0,0.40420303
0.0,0.18719451
0.0,0.13364151
0.0,0.12746291
0.0,0.11679248
0.0,0.6899495
0.0,0.21799703
0.0,0.0990106
0.0,0.10046848
0.0,0.124366514
0.0,0.02112256
0.0,0.0235485
0.0,0.017793583
0.0,0.025573919
0.0,0.012183007
0.0,0.020022063
7.0,0.8522904
0.0,0.04743189
4.0,1.1394609
0.0,0.04045126
0.0,0.055395197
0.0,0.03570562
2.0,0.93269485
0.0,0.034289308
0.0,0.043571755
0.0,0.030997824
0.0,0.03468074
0.0,0.038623508
0.0,0.050386384
0.0,0.03276227
0.0,-0.0114470115
0.0,-0.017413147
0.0,0.017130494
1.0,0.019910626
0.0,0.030987665
0.0,0.0007236838
0.0,-0.0114470115
0.0,-0.017413147
0.0,-0.0114470115
0.0,-0.017413147
0.0,-0.0114470115
0.0,-0.017413147
0.0,0.017130494
1.0,0.019910626
0.0,0.030987665
0.0,0.33869103
0.0,0.035174407
0.0,0.09893321
0.0,0.03188905
0.0,0.12291291
0.0,0.032671202
0.0,0.0023072867
0.0,-0.00075400615
0.0,-0.0065402086
0.0,-0.034344304
0.0,-0.035999544
0.0,0.04117578
7.0,5.269246
0.0,0.0067256135
0.0,2.453393
0.0,0.07111766
8.0,0.6365166
0.0,0.04343339
3.0,0.5729657
0.0,0.11403588
0.0,0.118785776
0.0,0.10055425
0.0,-0.0114470115
0.0,-0.017413147
0.0,0.017130494
1.0,0.019910626
0.0,0.030987665
0.0,0.33869103
0.0,0.039807424
0.0,0.14038053
0.0,0.03393846
0.0,0.26727277
0.0,0.03635845
0.0,1.0004072
0.0,0.37688568
0.0,0.008097416
0.0,-0.01899556
0.0,0.012027393
0.0,0.015767075
0.0,-0.019518463
0.0,-0.013930356
0.0,2.9362354
0.0,3.4462032
0.0,0.08221319
0.0,0.046369467
0.0,0.038404793
0.0,0.05367384
0.0,0.71750706
0.0,1.299971
0.0,2.0168486
2.0,2.0431273
0.0,-0.0024446368
0.0,2.1495185
0.0,0.057040256
0.0,0.068031594
0.0,0.080310866
0.0,0.05564986
0.0,0.074993454
0.0,0.5786935
0.0,0.6055047
0.0,0.5614553
5.0,0.82125723
0.0,0.01909856
0.0,1.9370553
0.0,0.037691392
0.0,0.41278273
0.0,-0.0028563826
4.0,3.1523607
0.0,0.009999037
0.0,0.047823448
0.0,0.032165527
0.0,0.08315988
0.0,0.045794964
0.0,0.057425912
0.0,0.052230347
0.0,0.07815866
0.0,0.056216966
0.0,0.059747715
2.0,0.056504562
0.0,0.098152936
0.0,0.08533648
0.0,0.117276646
0.0,0.06717629
0.0,0.023774968
0.0,0.0700138
0.0,0.065417185
0.0,0.07103911
0.0,0.108652204
0.0,0.08801531
0.0,0.08902704
0.0,0.06058643
0.0,0.08015877
0.0,0.07619893
0.0,0.04990049
0.0,0.03568462
0.0,0.048959862
0.0,0.034595165
0.0,-0.0114470115
0.0,-0.017413147
1.0,0.013804481
0.0,0.0674004
0.0,0.05237132
0.0,0.047442935
0.0,0.03946777
0.0,0.07045159
0.0,-0.0040492145
0.0,-0.0114470115
0.0,-0.017413147
0.0,0.017130494
1.0,0.019910626
0.0,0.030987665
0.0,0.33869103
0.0,0.035174407
0.0,0.09893321
0.0,0.037220877
0.0,0.034188285
0.0,0.06379247
0.0,0.019009467
0.0,0.016893107
0.0,0.017832316
0.0,-0.06638912
8.0,1.180704
0.0,0.031654503
3.0,0.45593062
0.0,0.0709086
5.0,0.34171107
0.0,0.016002461
1.0,0.33674502
0.0,0.022279926
0.0,-0.0114470115
0.0,-0.017413147
0.0,-0.0114470115
0.0,-0.017413147
0.0,0.017130494
1.0,0.019910626
0.0,0.06352423
0.0,1.0120023
0.0,0.06558506
0.0,-0.021481715
0.0,-0.0114470115
0.0,-0.017413147
0.0,0.017130494
1.0,0.019910626
0.0,0.030987665
0.0,0.33869103
0.0,0.035174407
0.0,0.09893321
0.0,0.032958645
0.0,0.102242224
0.0,0.090765804
0.0,0.16101739
0.0,0.044373713
0.0,0.030636564
0.0,0.033248976
0.0,0.07614956
0.0,0.10881739
0.0,0.09236286
0.0,0.18423438
0.0,3.0297666
0.0,2.9629383
0.0,0.028159883
0.0,0.08545262
0.0,0.051235486
0.0,0.020735385
0.0,0.5288171
8.0,1.7955929
0.0,0.022958672
3.0,1.8608556
0.0,0.061295267
5.0,1.0133427
0.0,0.030686544
0.0,1.2900544
0.0,0.04018117
0.0,0.08707516
0.0,0.015553274
0.0,0.09611513
0.0,0.013657708
0.0,0.057560954
0.0,0.047709122
0.0,-0.0114470115
0.0,-0.017413147
0.0,0.017130494
1.0,0.019910626
0.0,0.030987665
0.0,0.017532917
0.0,0.085424736
0.0,0.028060252
0.0,0.03254006
0.0,0.016378058
0.0,0.08179897
3.0,1.3598242
0.0,0.033390883
0.0,0.081801906
0.0,0.016251145
3.0,2.44769
0.0,0.016329344
0.0,0.010817158
0.0,-0.0045960303
0.0,0.0049116416
0.0,-0.020090535
0.0,-0.0114470115
0.0,-0.017413147
1.0,0.013804481
0.0,0.0674004
0.0,0.05237132
0.0,0.047442935
0.0,0.03946777
0.0,0.07045159
0.0,0.057758063
0.0,0.063176826
0.0,0.05008164
0.0,0.044401526
0.0,0.04716907
0.0,0.042602047
0.0,0.040611155
0.0,0.08457082
3.0,1.1724237
0.0,0.050813403
0.0,-0.028338473
0.0,0.026540156
3.0,2.2189176
0.0,0.030986475
0.0,0.0533065
0.0,0.045506407
0.0,0.063014954
0.0,0.044552
0.0,0.07156328
0.0,0.0675279
0.0,0.06990738
0.0,0.043724075
0.0,0.048967414
0.0,0.06169521
0.0,-0.013714274
0.0,-0.02237378
0.0,-0.0114470115
0.0,-0.017413147
0.0,-0.0114470115
0.0,-0.017413147
1.0,0.013804481
0.0,0.0674004
0.0,0.012929565
0.0,-0.0114470115
0.0,-0.017413147
1.0,0.013804481
0.0,0.0674004
0.0,0.05237132
0.0,0.047442935
0.0,0.03946777
0.0,0.042213403
0.0,0.030542178
0.0,0.063405775
0.0,0.011856681
0.0,0.004856494
0.0,0.009315327
0.0,0.04552728
0.0,0.814808
0.0,0.29710892
8.0,1.8578885
0.0,0.038329605
8.0,0.1501208
0.0,0.063516475
0.0,0.46278232
0.0,0.0700274
0.0,0.37221026
0.0,0.0487414
0.0,-0.0114470115
0.0,-0.017413147
0.0,0.017130494
1.0,0.019910626
0.0,0.06352423
0.0,1.0120023
0.0,0.076387905
0.0,0.37213072
0.0,0.09653341
0.0,0.16986667
0.0,0.07443785
0.0,0.9310943
0.0,0.39619625
0.0,0.051181857
0.0,0.050444495
0.0,0.06427575
0.0,0.07120936
0.0,0.06928176
0.0,0.103268065
8.0,0.5568776
0.0,0.06210331
4.0,0.79761666
0.0,0.0514447
4.0,0.6271761
0.0,0.110643774
0.0,0.76398855
0.0,0.07851756
0.0,-0.0114470115
0.0,-0.017413147
0.0,0.017130494
0.0,0.019910626
0.0,0.026340894
0.0,0.030394416
0.0,0.023497507
0.0,-0.0215721
0.0,-0.0114470115
0.0,-0.017413147
1.0,0.013804481
0.0,0.0674004
0.0,0.012929565
0.0,-0.0114470115
0.0,-0.017413147
1.0,0.013804481
0.0,0.0674004
0.0,0.012929565
0.0,-0.0114470115
0.0,-0.017413147
0.0,0.017130494
1.0,0.019910626
0.0,0.06352423
0.0,-0.009558361
0.0,-0.0114470115
0.0,-0.017413147
0.0,-0.0114470115
0.0,-0.017413147
0.0,0.017130494
0.0,0.019910626
0.0,0.026340894
0.0,0.0057476726
0.0,-0.021953396
0.0,-0.01846493
0.0,-0.03527538
0.0,-0.038798474
0.0,-0.041734576
0.0,0.18191949
0.0,-0.08109314
0.0,-0.097412735
0.0,-0.07912683
0.0,-0.0114470115
0.0,-0.017413147
0.0,0.017130494
0.0,0.019910626
0.0,0.106409185
0.0,0.090805344
0.0,0.09578599
0.0,0.11014598
0.0,0.1081121
0.0,0.022207325
0.0,0.01708525
0.0,0.012798929
0.0,0.0019871413
0.0,-0.004589039
0.0,0.015758362
3.0,4.4158916
0.0,0.005365844
0.0,-0.039573252
0.0,0.045856494
3.0,2.6069648
0.0,0.011306572
0.0,0.4630321
0.0,0.024078622
0.0,0.020566978
0.0,0.009581996
0.0,0.06598705
0.0,0.04853591
0.0,0.117170915
0.0,0.029527606
0.0,0.041713424
0.0,0.014109757
0.0,-0.026519967
0.0,-0.032671355
0.0,-0.026508948
0.0,-0.038948465
0.0,-0.0114470115
0.0,-0.017413147
0.0,0.017130494
0.0,0.019910626
0.0,0.106409185
0.0,0.090805344
0.0,0.101808645
0.0,0.1130126
0.0,0.18034996
0.0,0.15075015
0.0,0.102292106
0.0,0.108217806
0.0,0.1085109
0.0,0.10326913
0.0,0.09912011
0.0,0.20494936
0.0,0.21674317
0.0,0.028945427
0.0,0.025329465
0.0,0.02363154
0.0,0.00849528
0.0,-0.016049653
0.0,0.030602518
8.0,2.8392088
0.0,0.21256618
3.0,0.40761238
0.0,0.03258401
6.0,0.46185568
0.0,0.025111077
0.0,-0.0114470115
0.0,-0.017413147
1.0,0.013804481
0.0,0.0674004
0.0,0.05237132
0.0,0.047442935
0.0,0.03946777
0.0,0.07045159
0.0,-0.0040492145
0.0,-0.0114470115
0.0,-0.017413147
1.0,0.013804481
0.0,0.0674004
0.0,0.05237132
0.0,0.047442935
0.0,0.03946777
0.0,0.04446896
0.0,0.030198624
0.0,0.06721735
0.0,0.0335334
0.0,0.16751471
0.0,0.10325044
0.0,1.4895381
0.0,-0.04165924
0.0,-0.0114470115
0.0,-0.017413147
0.0,0.017130494
1.0,0.019910626
0.0,0.030987665
0.0,0.33869103
0.0,0.048128773
0.0,0.19386174
0.0,0.044795997
0.0,0.14552511
0.0,0.049606334
0.0,-0.008957588
0.0,-0.017392427
0.0,-0.027485242
0.0,-0.04382867
0.0,-0.032509003
0.0,0.018574417
0.0,4.2429314
0.0,3.933083
0.0,0.00011566579
0.0,0.023526385
0.0,-0.016407773
0.0,-0.001631759
0.0,-0.0061764414
8.0,-0.012349818
0.0,0.012781196
0.0,1.5444679
0.0,0.04832811
5.0,0.8121759
0.0,0.035525963
0.0,0.5626132
0.0,0.052847814
0.0,0.052821193
0.0,0.04668371
0.0,0.039011315
0.0,0.048350427
0.0,0.06718328
0.0,0.065783635
0.0,0.06481132
0.0,-0.0114470115
0.0,-0.017413147
0.0,-0.0114470115
0.0,-0.017413147
0.0,-0.0114470115
0.0,-0.017413147
0.0,-0.0114470115
0.0,-0.017413147
0.0,0.017130494
1.0,0.019910626
0.0,0.030987665
0.0,0.33869103
0.0,0.035174407
0.0,0.09893321
0.0,0.033696514
0.0,0.07675588
0.0,0.035265148
0.0,0.4488242
0.0,0.10456413
0.0,0.5931269
0.0,0.19940098
0.0,0.25999978
0.0,0.18709004
0.0,0.24141046
0.0,0.25007257
0.0,0.26879555
0.0,0.36011297
0.0,-0.048903372
0.0,-0.0114470115
0.0,-0.017413147
0.0,-0.0114470115
0.0,-0.017413147
0.0,0.017130494
1.0,0.019910626
0.0,0.030987665
0.0,0.33869103
0.0,0.030955216
0.0,-0.013559091
0.0,-0.0114470115
0.0,-0.017413147
0.0,0.017130494
0.0,0.019910626
0.0,0.106409185
0.0,0.090805344
0.0,0.064867586
0.0,0.06999855
0.0,0.0655329
0.0,0.028860945
0.0,0.03022573
0.0,0.025474897
0.0,0.017425105
0.0,0.0141549995
0.0,-0.04102604
0.0,2.0167828
0.0,1.5952532
1.0,5.2936454
0.0,0.020613538
6.0,2.2285273
0.0,0.014327688
0.0,0.11208661
0.0,0.022389462
0.0,0.7869723
0.0,0.025708228
0.0,0.028726812
0.0,0.029707083
0.0,-7.832646e-05
0.0,0.0059030084
0.0,-0.0114470115
0.0,-0.017413147
1.0,0.013804481
0.0,0.0674004
0.0,0.032335505
0.0,0.044711616
0.0,0.02863962
0.0,0.03634981
0.0,0.023825606
0.0,0.043655172
0.0,0.033730865
0.0,0.094384044
0.0,-0.015579468
0.0,-0.022035979
0.0,-0.022252923
0.0,-0.024782421
0.0,-0.016578915
0.0,-0.042355083
0.0,0.95316
0.0,1.6482459
8.0,2.2392998
0.0,0.040256407
0.0,0.37783712
0.0,0.04164072
0.0,0.062030733
0.0,0.026777035
0.0,0.82273865
0.0,0.03832026
0.0,0.016165877
0.0,0.037742916
0.0,0.027382242
0.0,0.031748816
0.0,-0.0114470115
0.0,-0.017413147
1.0,0.013804481
0.0,0.0674004
0.0,0.032335505
0.0,0.044711616
0.0,-0.012163628
0.0,-0.0114470115
0.0,-0.017413147
0.0,0.017130494
1.0,0.019910626
0.0,0.030987665
0.0,0.017532917
0.0,0.085424736
0.0,0.028060252
0.0,0.03254006
0.0,0.016378058
0.0,0.08179897
0.0,1.3598242
0.0,0.12898654
3.0,3.97598
0.0,0.029495612
0.0,0.013587133
0.0,0.043200437
0.0,4.0142927
0.0,0.023928024
0.0,0.077728525
0.0,0.037094165
0.0,0.051653437
0.0,-0.003150056
0.0,-0.032123577
0.0,-0.0114470115
0.0,-0.017413147
0.0,-0.0114470115
0.0,-0.017413147
0.0,0.017130494
0.0,0.019910626
0.0,0.06288257
0.0,0.058446992
0.0,0.05670418
0.0,0.07059603
0.0,0.07012242
0.0,0.06874441
0.0,0.10331625
0.0,-0.011767284
0.0,-0.029431295
0.0,-0.053428423
0.0,-0.07037004
0.0,-0.07439889
0.0,-0.025239613
5.0,3.0062554
0.0,0.0021942302
0.0,0.093814455
0.0,0.02914859
0.0,2.5150933
0.0,0.02965599
0.0,0.031141456
0.0,0.019668072
0.0,0.079116315
0.0,0.035709217
0.0,0.074622214
0.0,0.040748354
0.0,0.036058087
0.0,0.02690562
0.0,-0.032968853
0.0,-0.029582424
0.0,-0.032097585
0.0,-0.03200087
0.0,-0.0114470115
0.0,-0.017413147
0.0,0.017130494
1.0,0.019910626
0.0,0.06352423
0.0,1.0120023
0.0,0.06565921
0.0,0.20982182
0.0,0.10656274
0.0,0.33723706
0.0,0.045603428
0.0,1.3261899
0.0,1.1911592
0.0,-0.024490723
0.0,-0.0114470115
0.0,-0.017413147
0.0,0.017130494
0.0,0.019910626
0.0,0.06288257
0.0,0.058446992
0.0,0.037314378
0.0,0.041066572
0.0,0.08536242
0.0,0.095976815
0.0,0.09460362
0.0,-0.0014304965
0.0,-0.014654673
0.0,-0.03460763
0.0,-0.07191636
0.0,-0.07071605
0.0,-0.029138507
0.0,3.561732
0.0,3.6435452
0.0,-0.030042632
0.0,-0.016996589
0.0,-0.036574557
0.0,-0.040889453
0.0,-0.045948297
8.0,-0.05222247
0.0,0.00858455
3.0,2.0311978
0.0,0.035870224
6.0,0.266733
0.0,0.010324907
0.0,-0.0114470115
0.0,-0.017413147
0.0,0.013804481
0.0,0.022335732
0.0,0.03333348
0.0,0.025698982
0.0,0.023513746
0.0,0.07244929
0.0,-0.017899243
0.0,-0.04039092
0.0,-0.043275245
0.0,-0.05161562
0.0,-0.04738632
0.0,-0.03272078
0.0,3.871248
0.0,3.065886
3.0,4.9107738
0.0,0.035140157
4.0,1.9311211
0.0,0.04906043
0.0,0.06371128
0.0,0.029963266
1.0,2.690115
0.0,0.029664576
0.0,0.052936707
0.0,0.044547364
0.0,0.065696925
0.0,0.10302802
0.0,0.12538742
0.0,0.11084552
0.0,0.15870446
0.0,0.05491698
0.0,0.052915476
0.0,0.04992301
0.0,0.049524438
0.0,0.050368953
0.0,0.057278503
0.0,0.061434593
0.0,0.055739105
0.0,0.05686293
0.0,0.096565455
0.0,0.006598422
0.0,0.07002353
0.0,-0.027851593
0.0,-0.0114470115
0.0,-0.017413147
0.0,-0.0114470115
0.0,-0.017413147
0.0,-0.0114470115
0.0,-0.017413147
0.0,-0.0114470115
0.0,-0.017413147
0.0,0.017130494
0.0,0.019910626
0.0,0.106409185
0.0,0.090805344
0.0,0.06555801
0.0,0.059058532
0.0,0.052542083
0.0,0.03198197
0.0,0.033205807
0.0,0.027524557
0.0,0.0013995408
0.0,1.3706704
0.0,0.40441296
0.0,4.115186
0.0,2.6861908
2.0,2.8563192
0.0,-0.013700544
4.0,2.457446
0.0,0.006170666
0.0,0.05442311
0.0,0.0058837053
0.0,1.9421349
0.0,0.01808817
0.0,-0.0034241227
0.0,0.008945555
0.0,-0.013362362
0.0,-0.013062483
0.0,-0.0114470115
0.0,-0.017413147
0.0,0.017130494
0.0,0.019910626
0.0,0.106409185
0.0,0.090805344
0.0,0.064867586
0.0,0.06999855
0.0,0.06696993
0.0,0.028510401
0.0,0.03273329
0.0,0.027311312
0.0,0.019723019
0.0,0.015943741
0.0,-0.031954005
0.0,0.8838852
0.0,0.5556028
0.0,-0.013795083
0.0,-0.014836329
0.0,-0.020878613
0.0,-0.023155754
0.0,0.12183924
0.0,0.12322627
0.0,0.17344716
3.0,3.4694946
0.0,0.005926643
8.0,2.13409
0.0,0.012624188
0.0,0.7602634
0.0,0.036956865
1.0,0.5876716
0.0,0.030481862
0.0,0.05813556
0.0,0.011408431
1.0,0.15315974
0.0,0.025653638
0.0,0.24963248
0.0,0.03722275
0.0,0.06462318
0.0,0.06111749
0.0,0.21410733
0.0,0.028486792
0.0,0.12451088
0.0,0.07867721
0.0,0.08483923
0.0,0.08574209
0.0,0.10015163
0.0,0.11349215
0.0,0.06779119
0.0,0.012477669
0.0,0.00895693
0.0,0.0054665385
0.0,0.0061892597
0.0,-0.0114470115
0.0,-0.017413147
0.0,0.017130494
0.0,0.019910626
0.0,0.106409185
0.0,0.090805344
0.0,0.06981768
0.0,0.03224973
0.0,-0.00019860266
0.0,-0.029622095
0.0,-0.034038268
0.0,-0.04033623
0.0,-0.04368271
5.0,5.47865
0.0,0.041582435
2.0,2.189521
0.0,0.021680444
0.0,0.03351547
0.0,0.012327019
0.0,2.5848227
0.0,0.01977163
0.0,0.013859275
0.0,-7.918775e-05
0.0,0.011262823
0.0,-0.008343136
0.0,-0.0114470115
0.0,-0.017413147
0.0,0.017130494
0.0,0.019910626
0.0,0.06288257
0.0,0.058446992
0.0,0.009738953
0.0,-0.001476702
0.0,-0.01572016
0.0,-0.020767836
0.0,-0.020374455
0.0,-0.022967638
0.0,-0.055963345
8.0,0.026728524
0.0,1.4247296
0.0,2.861617
0.0,1.5465901
2.0,2.3095374
0.0,1.602953
5.0,2.1192284
0.0,0.07449986
0.0,-0.0114470115
0.0,-0.017413147
0.0,-0.0114470115
0.0,-0.017413147
0.0,-0.0114470115
0.0,-0.017413147
0.0,-0.0114470115
0.0,-0.017413147
0.0,0.017130494
0.0,0.019910626
0.0,0.06288257
0.0,0.058446992
0.0,0.032427814
0.0,0.043561723
0.0,0.08977365
0.0,0.0760252
0.0,0.08650851
0.0,0.16190675
0.0,0.06732914
0.0,0.06547818
0.0,0.063745886
0.0,0.16224782
0.0,0.19086508
0.0,0.43899733
0.0,0.24863681
0.0,0.2880319
0.0,0.11367366
0.0,0.018804582
0.0,0.018020684
0.0,0.02124656
0.0,0.019349016
0.0,0.023448896
0.0,0.091880836
0.0,1.3092043
0.0,1.1466055
8.0,1.9856106
0.0,0.040714003
6.0,0.9222888
0.0,0.033039376
0.0,0.3355115
0.0,0.06543689
0.0,0.21719168
0.0,0.063465506
0.0,0.06379219
0.0,0.06429065
0.0,0.06267274
0.0,-0.0114470115
0.0,-0.017413147
0.0,-0.0114470115
0.0,-0.017413147
0.0,0.013804481
0.0,0.022335732
0.0,0.03333348
0.0,0.025698982
0.0,0.023513746
0.0,0.021356475
0.0,-0.01764311
0.0,-0.0114470115
0.0,-0.017413147
0.0,0.013804481
0.0,0.022335732
0.0,0.03333348
0.0,0.025698982
0.0,0.023513746
0.0,0.02176138
1.0,0.11701801
0.0,0.042697802
0.0,0.098312296
0.0,0.09409384
0.0,-0.026386341
0.0,0.0024410395
0.0,-0.028966857
0.0,0.062165674
0.0,-0.005958663
0.0,-0.039618775
0.0,1.5447003
0.0,1.6261876
8.0,2.4290047
0.0,0.04673962
0.0,0.38384625
0.0,0.036594823
7.0,0.51745707
0.0,0.018963313
0.0,0.07186314
0.0,0.10130699
0.0,-0.0114470115
0.0,-0.017413147
0.0,0.013804481
0.0,0.022335732
0.0,0.03333348
0.0,0.025698982
0.0,0.023513746
0.0,0.02176138
0.0,0.11701801
0.0,0.08666415
0.0,0.080624074
0.0,0.04791631
1.0,0.04050846
0.0,0.028677262
0.0,0.31957316
0.0,0.086740576
0.0,0.2555269
0.0,0.09887064
0.0,0.02851871
1.0,0.07651335
0.0,0.03566818
0.0,1.6960737
0.0,0.13826984
0.0,1.3330963
0.0,0.06783806
0.0,0.0946513
0.0,0.09754502
0.0,0.27361727
7.0,1.7309293
0.0,0.039483175
3.0,0.26962748
0.0,0.045753952
0.0,0.06224613
0.0,0.030175928
5.0,0.27146515
0.0,0.030586964
0.0,0.062791124
0.0,0.061630916
0.0,0.07512156
0.0,0.06943509
0.0,0.06510175
0.0,0.075448036
0.0,0.0847203
0.0,0.083501756
0.0,0.11312927
0.0,0.07585079
0.0,0.083621904
0.0,0.0972061
0.0,0.10247705
0.0,0.09375916
0.0,0.10065393
0.0,-0.0114470115
0.0,-0.017413147
0.0,0.013804481
0.0,0.022335732
0.0,-0.012607875
0.0,-0.0114470115
0.0,-0.017413147
0.0,0.013804481
0.0,0.07133296
0.0,0.07467364
0.0,0.0604164
0.0,0.046443842
0.0,0.0442773
0.0,0.03560173
0.0,0.032687973
0.0,0.022778815
0.0,0.019303977
0.0,0.0070261774
0.0,0.004514512
0.0,-0.0028573198
0.0,0.04075575
0.0,0.2528949
0.0,0.146433
8.0,3.4655282
0.0,0.07468091
0.0,0.3945062
0.0,0.049951207
3.0,0.9352723
0.0,0.07002851
1.0,0.27280256
0.0,0.03568857
4.0,0.0891081
0.0,0.069114536
2.0,0.104895264
0.0,0.02112798
0.0,0.1435992
0.0,0.018762734
1.0,0.06701748
0.0,0.024720764
0.0,0.6998333
0.0,0.042939823
0.0,0.12592521
0.0,0.034853652
0.0,-0.0114470115
0.0,-0.017413147
0.0,-0.0114470115
0.0,-0.017413147
0.0,0.017130494
0.0,0.019910626
0.0,0.106409185
0.0,0.090805344
0.0,0.06790312
0.0,0.031698707
0.0,-0.0035613715
0.0,-0.043409273
0.0,-0.046992835
0.0,-0.05040885
0.0,-0.061598442
8.0,6.366935
0.0,0.4210809
0.0,1.9016786
0.0,0.1765768
0.0,0.872939
0.0,0.09079663
0.0,0.6313341
0.0,0.17296873
4.0,0.43599182
0.0,0.09625119
0.0,0.08553437
0.0,0.046957675
1.0,0.39525026
0.0,0.05209282
0.0,0.040860828
0.0,0.03534489
0.0,-0.0114470115
0.0,-0.017413147
0.0,-0.0114470115
0.0,-0.017413147
0.0,0.017130494
0.0,0.019910626
0.0,0.06288257
0.0,0.030916205
0.0,0.0142089315
0.0,0.02088535
0.0,0.0040282905
0.0,0.00282031
0.0,0.011270094
0.0,0.98161626
0.0,0.055467345
8.0,4.8762846
0.0,0.2513954
0.0,-0.0114470115
0.0,-0.017413147
0.0,0.017130494
0.0,0.019910626
0.0,0.106409185
0.0,0.090805344
0.0,0.4927761
0.0,-0.025173394
0.0,-0.0114470115
0.0,-0.017413147
0.0,-0.0114470115
0.0,-0.017413147
0.0,0.013804481
0.0,0.022335732
0.0,-0.012607875
0.0,-0.0114470115
0.0,-0.017413147
0.0,0.017130494
0.0,0.019910626
0.0,0.05765182
0.0,0.056175828
0.0,0.04602384
0.0,0.032921635
0.0,0.028820945
0.0,0.010550412
0.0,0.00047469584
0.0,-0.0015917599
0.0,-0.031096365
1.0,1.3252655
0.0,0.06361172
0.0,1.892243
0.0,0.07638097
0.0,0.0066612954
0.0,0.060407814
0.0,0.051290583
0.0,0.0753587
0.0,0.24351089
0.0,0.24190488
0.0,0.43833604
7.0,1.4804517
0.0,0.1485593
0.0,1.0845997
0.0,0.05683484
1.0,0.42267174
0.0,0.053955834
0.0,0.061908785
0.0,0.016804472
4.0,0.40805098
0.0,0.027318252
0.0,0.100347035
0.0,0.008887216
0.0,0.156048
0.0,0.115605325
0.0,0.1395469
0.0,0.06607017
0.0,0.1540634
0.0,0.17227036
0.0,0.17384787
0.0,0.16403264
0.0,0.16431831
0.0,0.17049219
0.0,0.017570611
0.0,0.0125566535
0.0,-0.0114470115
0.0,-0.017413147
0.0,-0.0114470115
0.0,-0.017413147
0.0,-0.0114470115
0.0,-0.017413147
0.0,-0.0114470115
0.0,-0.017413147
0.0,-0.0114470115
0.0,-0.017413147
0.0,-0.0114470115
0.0,-0.017413147
0.0,-0.0114470115
0.0,-0.017413147
0.0,0.017130494
0.0,0.019910626
0.0,0.06288257
0.0,0.058446992
0.0,0.08908407
0.0,0.08449829
0.0,0.08354525
0.0,0.07181273
0.0,0.06323666
0.0,0.20428392
0.0,0.48234102
0.0,0.013424755
0.0,0.0011893362
0.0,0.048461076
0.0,0.048708547
0.0,0.045828477
0.0,0.053047583
0.0,1.2105803
0.0,1.2409196
8.0,3.6509137
0.0,0.017987702
2.0,1.026956
0.0,0.04063598
4.0,0.40383014
0.0,0.01928437
0.0,-0.0114470115
0.0,-0.017413147
0.0,0.013804481
0.0,0.022335732
0.0,0.03333348
0.0,0.025698982
0.0,0.023513746
0.0,0.014847069
0.0,0.013363173
0.0,-0.0034296198
0.0,-0.01399551
0.0,-0.017511385
0.0,-0.015600088
0.0,-0.013643395
7.0,0.1837499
0.0,0.056163315
0.0,0.10470733
0.0,0.07430658
2.0,3.2345672
0.0,0.059483677
0.0,0.05089244
0.0,0.029926458
0.0,0.014120244
0.0,0.022078943
0.0,-0.0114470115
0.0,-0.017413147
0.0,0.013804481
0.0,0.022335732
0.0,0.03333348
0.0,0.025698982
0.0,0.023513746
0.0,0.042618994
0.0,0.03686623
0.0,0.026438802
0.0,0.03796913
0.0,0.049730234
0.0,0.044897374
0.0,1.1650776
0.0,-0.040138613
0.0,-0.0114470115
0.0,-0.017413147
0.0,0.013804481
0.0,0.022335732
0.0,-0.012607875
0.0,-0.0114470115
0.0,-0.017413147
0.0,0.017130494
0.0,0.019910626
0.0,0.106409185
2.0,0.090805344
0.0,0.032954946
0.0,0.5412029
0.0,0.0518433
0.0,0.17010722
0.0,0.050579995
0.0,1.1119123
0.0,0.05631718
0.0,1.2727553
0.0,1.2446969
0.0,0.5072794
0.0,0.20962185
0.0,0.03452616
0.0,0.03063811
0.0,0.051244024
0.0,0.058089938
0.0,0.048549384
0.0,-0.0030580251
5.0,0.7776613
0.0,0.0286687
0.0,0.09210295
0.0,0.04619853
0.0,1.7933927
0.0,0.025576478
0.0,0.055697992
0.0,0.03904546
0.0,0.046409138
0.0,0.049533684
0.0,0.07119467
0.0,0.06956208
0.0,0.07179069
0.0,0.07245091
0.0,0.073176496
0.0,0.065445505
0.0,0.06966977
0.0,0.072977945
0.0,0.05135576
0.0,0.06280394
0.0,-0.027445521
0.0,-0.02080287
0.0,-0.02183003
0.0,-0.019180255
0.0,-0.0114470115
0.0,-0.017413147
0.0,0.017130494
0.0,0.019910626
0.0,0.06288257
0.0,0.058446992
0.0,0.08908407
0.0,0.08449829
0.0,0.08354525
0.0,0.07181273
0.0,0.07607503
0.0,1.7433668
0.0,1.1165452
0.0,1.5634463
0.0,0.48451492
0.0,0.40773878
0.0,0.15809125
0.0,0.15578173
0.0,0.1988651
0.0,0.41292766
0.0,0.27969173
0.0,-0.053879637
0.0,-0.0114470115
0.0,-0.017413147
0.0,0.013804481
0.0,0.022335732
0.0,-0.012607875
0.0,-0.0114470115
0.0,-0.017413147
0.0,0.013804481
0.0,0.022335732
0.0,0.03333348
0.0,0.025698982
0.0,0.023513746
0.0,0.042618994
0.0,0.03686623
0.0,0.09825452
0.0,-0.032422315
0.0,-0.0114470115
0.0,-0.017413147
0.0,-0.0114470115
0.0,-0.017413147
0.0,-0.0114470115
0.0,-0.017413147
0.0,0.013804481
0.0,0.07133296
0.0,0.07467364
0.0,0.0604164
0.0,0.046443842
0.0,0.041767966
0.0,0.03169952
0.0,0.011010289
0.0,-0.030238168
0.0,-0.0114470115
0.0,-0.017413147
0.0,0.013804481
0.0,0.022335732
0.0,0.03333348
0.0,0.025698982
0.0,0.023513746
0.0,0.014847069
0.0,-0.039616928
0.0,-0.0114470115
0.0,-0.017413147
0.0,0.013804481
0.0,0.022335732
0.0,0.03333348
0.0,0.025698982
0.0,0.023513746
0.0,0.020760743
0.0,-0.022742664
0.0,-0.0114470115
0.0,-0.017413147
0.0,-0.0114470115
0.0,-0.017413147
0.0,0.017130494
0.0,0.019910626
0.0,0.106409185
0.0,0.090805344
0.0,0.064867586
0.0,0.062065892
0.0,0.04749831
0.0,0.020087749
0.0,0.014446622
0.0,0.009769756
0.0,-0.025126126
8.0,2.4043891
0.0,0.42045403
0.0,0.26956487
0.0,0.09097051
0.0,0.077759914
0.0,0.074249536
0.0,0.07904125
0.0,0.06564049
0.0,0.37753913
8.0,0.1609821
0.0,0.076771125
0.0,0.07877205
0.0,0.052904963
4.0,0.700835
0.0,0.031818654
0.0,0.056845758
0.0,0.051346693
0.0,0.098003045
0.0,0.05906836
0.0,0.11022942
0.0,0.04460398
0.0,0.06851078
0.0,0.06910402
0.0,0.109169
0.0,0.10049857
0.0,0.12560107
0.0,0.09355607
0.0,0.11084486
0.0,0.10110976
0.0,0.13854177
0.0,0.10995697
0.0,0.10876255
0.0,-0.0114470115
0.0,-0.017413147
0.0,0.013804481
0.0,0.022335732
0.0,0.03333348
0.0,0.025698982
0.0,0.023513746
0.0,0.014847069
0.0,0.013632047
0.0,0.011371624
0.0,0.0152638815
0.0,0.014313401
0.0,0.014480947
0.0,0.16260093
0.0,0.1035641
0.0,0.21262513
0.0,-0.039416194
0.0,-0.0114470115
0.0,-0.017413147
0.0,0.2969093
0.0,0.08016523
3.0,0.07298314
0.0,0.015491008
0.0,0.15304013
0.0,0.022915758
0.0,0.02913942
0.0,-0.0114470115
0.0,-0.017413147
0.0,0.017130494
0.0,0.019910626
0.0,0.106409185
0.0,0.090805344
0.0,0.16112708
0.0,0.01928784
0.0,-0.008099417
0.0,-0.041628134
0.0,-0.03960968
0.0,-0.045048404
0.0,0.05188021
8.0,6.6220145
0.0,0.41373977
1.0,2.429175
0.0,0.09688375
0.0,0.07853231
0.0,0.03088773
4.0,1.2786789
0.0,0.022559894
0.0,0.019600336
0.0,0.0454717
0.0,-0.0114470115
0.0,-0.017413147
0.0,0.013804481
0.0,0.022335732
0.0,0.03333348
0.0,0.025698982
0.0,0.023513746
0.0,0.020760743
0.0,0.017374896
0.0,0.0039858595
0.0,0.0021268725
0.0,-0.00047532914
0.0,0.00043657122
0.0,0.0010565206
8.0,0.7532309
0.0,0.028873205
1.0,0.1801576
0.0,0.052745704
0.0,0.06629289
0.0,0.02660108
4.0,0.18331432
0.0,0.041706003
0.0,0.054930333
0.0,0.04544419
0.0,0.02461832
0.0,0.03371726
0.0,-0.0114470115
0.0,-0.017413147
0.0,0.017130494
0.0,0.019910626
0.0,0.106409185
0.0,0.090805344
0.0,0.16112708
0.0,0.12452707
0.0,0.18706591
0.0,0.094584875
0.0,0.07229925
0.0,-0.021903139
0.0,-0.02528668
0.0,-0.028997308
0.0,-0.046833575
0.0,-0.0489473
0.0,-0.017784767
7.0,2.018204
0.0,0.024055267
4.0,2.2852042
0.0,0.016820278
4.0,0.7191713
0.0,0.005971278
0.0,-0.0114470115
0.0,-0.017413147
0.0,0.013804481
0.0,0.022335732
0.0,-0.012607875
0.0,-0.0114470115
0.0,-0.017413147
0.0,-0.0114470115
0.0,-0.017413147
0.0,-0.0114470115
0.0,-0.017413147
0.0,0.017130494
0.0,0.019910626
0.0,0.07772239
1.0,0.069728054
0.0,0.017672978
0.0,0.18019351
0.0,0.02773689
0.0,0.2839701
0.0,0.04404027
0.0,1.0865397
0.0,0.066036955
0.0,0.13467182
0.0,0.085539915
0.0,0.203105
0.0,0.11250428
0.0,0.12496186
0.0,0.2192991
0.0,0.7693762
0.0,0.96737474
14.0,2.0614202
0.0,0.06149904
0.0,0.3035424
0.0,0.08721799
0.0,0.0936595
0.0,0.07808383
0.0,0.07490117
0.0,0.072604045
0.0,-0.0114470115
0.0,-0.017413147
0.0,0.017130494
0.0,0.019910626
0.0,0.04850194
0.0,0.020187303
0.0,0.017609166
0.0,-0.0050435704
0.0,-0.043629915
0.0,-0.07038408
0.0,-0.07303071
0.0,-0.07562004
0.0,-0.0035590916
3.0,6.6514773
0.0,0.027049936
0.0,2.692079
0.0,0.01553045
0.0,1.8668693
0.0,0.008535609
6.0,1.6841774
0.0,0.009586657
0.0,0.05150831
0.0,0.008779631
4.0,1.4483365
0.0,0.014522035
0.0,0.022170544
0.0,0.015270038
0.0,0.021516116
0.0,0.009678029
0.0,0.046524677
0.0,0.027973084
0.0,0.0386344
0.0,0.045820218
0.0,0.06930539
0.0,0.049121432
0.0,0.06428753
1.0,0.08274261
0.0,0.07086875
1.0,0.108723104
0.0,0.103472576
0.0,0.16235578
0.0,0.084918395
0.0,0.09499713
0.0,0.07346361
0.0,0.12387913
0.0,0.07518458
0.0,0.08978832
0.0,0.08324831
0.0,0.08485806
0.0,0.0998464
1.0,0.12717451
0.0,0.08553913
0.0,0.05622386
0.0,0.044157986
0.0,0.050943207
0.0,-0.0114790825
0.0,-0.016624665
0.0,-0.014482695
0.0,-0.023587309
0.0,-0.0114470115
0.0,-0.017413147
0.0,-0.0114470115
0.0,-0.017413147
0.0,-0.0114470115
0.0,-0.017413147
0.0,0.013804481
0.0,0.022335732
0.0,0.02008215
0.0,0.020272696
0.0,-0.015329188
0.0,-0.0114470115
0.0,-0.017413147
0.0,-0.0114470115
0.0,-0.017413147
0.0,0.017130494
0.0,0.019910626
0.0,0.07772239
0.0,0.069728054
0.0,0.047524452
0.0,0.050272565
0.0,0.20278092
0.0,-0.0044269394
0.0,-0.016623802
0.0,-0.021828966
0.0,-0.03199912
0.0,-0.037669174
0.0,-0.04613854
8.0,4.290913
0.0,0.029850436
1.0,2.0233347
0.0,0.06966429
0.0,0.09730016
0.0,0.03153362
4.0,0.37889397
0.0,0.014953565
0.0,0.041548792
0.0,0.05040799
0.0,0.018135717
0.0,0.024277328
0.0,-0.0114470115
0.0,-0.017413147
0.0,-0.0114470115
0.0,-0.017413147
0.0,0.013804481
0.0,0.03389935
0.0,0.03106465
0.0,0.02462744
0.0,0.021556444
0.0,0.022230731
0.0,0.0052649467
0.0,-0.0049907025
0.0,-0.0068882955
0.0,-0.013492037
0.0,-0.013059038
0.0,-0.037123702
0.0,0.0229819
0.0,-0.0046864655
0.0,-0.03708302
0.0,0.03614903
0.0,0.026423883
0.0,0.033267237
0.0,0.055659615
0.0,0.046380512
0.0,0.04766867
0.0,0.06631247
0.0,0.055942774
0.0,0.09033992
0.0,0.13220033
0.0,0.09284363
0.0,-0.034616318
0.0,-0.03421934
0.0,-0.034202114
0.0,-0.034261644
0.0,-0.0114470115
0.0,-0.017413147
0.0,0.017130494
0.0,0.019910626
0.0,0.07772239
0.0,0.05558572
0.0,0.026314043
0.0,0.035428993
0.0,0.034562614
0.0,0.0325031
0.0,0.03363577
3.0,0.6611172
0.0,0.027572332
0.0,0.06707625
0.0,0.03032298
2.0,2.5246592
0.0,0.038929492
0.0,0.17950852
0.0,0.05190681
0.0,-0.004063527
0.0,-0.022035321
0.0,-0.028113373
0.0,-0.039814565
0.0,-0.0114470115
0.0,-0.017413147
0.0,0.013804481
0.0,0.022335732
0.0,0.03333348
0.0,0.025698982
0.0,0.023513746
0.0,0.022280738
0.0,-0.023176324
0.0,-0.0114470115
0.0,-0.017413147
0.0,-0.0114470115
0.0,-0.017413147
0.0,0.017130494
0.0,0.019910626
0.0,0.06288257
0.0,0.0023861958
0.0,-0.0114470115
0.0,-0.017413147
0.0,0.013804481
0.0,0.022335732
0.0,0.03333348
0.0,0.025698982
0.0,0.023513746
0.0,0.020785619
0.0,-0.022656562
0.0,-0.0114470115
0.0,-0.017413147
0.0,0.017130494
0.0,0.019910626
0.0,0.106409185
0.0,0.090805344
0.0,0.06691897
0.0,0.069240235
0.0,0.06550643
0.0,0.06518064
0.0,0.10118345
0.0,-0.020601682
0.0,-0.0114470115
0.0,-0.017413147
0.0,0.017130494
0.0,0.019910626
0.0,0.07772239
0.0,0.069728054
0.0,0.044790726
0.0,0.037262928
0.0,0.037086517
0.0,0.018839464
0.0,0.01779295
0.0,0.013397751
0.0,-0.020440724
6.0,1.386198
0.0,0.04029238
0.0,0.0700922
0.0,0.04250348
0.0,2.027771
0.0,0.044748574
0.0,0.06489993
0.0,0.043442156
0.0,0.0794627
0.0,0.07481368
0.0,0.102587014
0.0,0.073649876
0.0,0.0867846
0.0,0.050952274
0.0,-0.038342856
0.0,-0.034253184
0.0,-0.024955845
0.0,-0.047913805
0.0,-0.0114470115
0.0,-0.017413147
0.0,0.013804481
0.0,0.031136086
0.0,0.05445252
0.0,0.048075728
0.0,0.036779895
0.0,0.03609127
0.0,0.03020131
0.0,0.01224958
0.0,0.0108782835
0.0,0.008589236
0.0,0.00796802
0.0,-0.011179126
0.0,0.31636938
0.0,0.1527143
8.0,0.98506135
0.0,0.053572513
9.0,0.28518668
0.0,0.048189368
4.0,0.5907477
0.0,0.059793692
0.0,-0.0114470115
0.0,-0.017413147
0.0,0.017130494
0.0,0.019910626
0.0,0.06288257
0.0,0.030916205
0.0,0.00052558776
0.0,0.008785306
0.0,-0.011831247
0.0,-0.018714502
0.0,-0.013272865
8.0,1.143253
0.0,0.40707135
6.0,1.8863031
0.0,0.03867022
0.0,0.36452132
0.0,0.029280214
2.0,1.2932293
0.0,0.032966398
0.0,0.03866946
0.0,0.036149915
0.0,0.05461077
0.0,0.042539325
0.0,0.20096242
0.0,0.03260777
0.0,0.03008952
0.0,0.011041751
0.0,-0.004406522
0.0,0.0020447462
0.0,-0.0114470115
0.0,-0.017413147
0.0,0.017130494
0.0,0.019910626
0.0,0.07772239
0.0,0.05558572
0.0,0.026314043
0.0,0.035428993
0.0,0.034562614
0.0,0.0325031
0.0,0.03363577
0.0,0.6611172
0.0,0.24468198
3.0,3.3523874
0.0,0.023479141
0.0,0.03818349
0.0,0.0802314
0.0,0.029377844
0.0,0.07050412
0.0,0.05862515
4.0,0.042038206
0.0,0.02149428
0.0,0.13489237
0.0,0.019370398
1.0,2.1899693
0.0,0.00852127
0.0,2.1891987
0.0,0.022349361
0.0,0.07494393
0.0,0.033955738
0.0,0.05812781
0.0,0.024336958
0.0,0.051369186
0.0,0.04221391
0.0,0.035894796
0.0,0.05292047
0.0,0.024755646
0.0,-0.02218336
0.0,-0.008559218
0.0,-0.021450786
0.0,-0.0114470115
0.0,-0.017413147
0.0,-0.0114470115
0.0,-0.017413147
0.0,0.017130494
0.0,0.019910626
0.0,0.06288257
0.0,0.058446992
0.0,0.024337618
0.0,0.013963414
0.0,0.014893326
0.0,0.03697151
0.0,0.022978684
0.0,0.005160224
0.0,-0.035388134
0.0,-0.041013908
0.0,0.10332861
0.0,5.405954
0.0,4.507817
0.0,0.66945493
0.0,-0.07423651
0.0,-0.076608345
0.0,-0.076188795
0.0,0.14958292
8.0,0.16973487
0.0,0.028883997
3.0,2.480561
0.0,0.009512815
1.0,0.24305755
0.0,0.031904608
0.0,0.084354684
0.0,0.018405326
2.0,0.58820575
0.0,0.010114626
0.0,0.05468332
0.0,0.022455199
0.0,0.084599085
0.0,0.04990685
0.0,0.11600815
0.0,0.08433784
0.0,0.13969117
0.0,0.06755819
0.0,0.061671905
0.0,0.06850465
0.0,0.054253943
0.0,0.05969548
0.0,0.06164566
1.0,0.061924618
0.0,0.052729744
1.0,0.07758555
0.0,0.09572755
1.0,0.124192
0.0,0.14308622
0.0,0.12337937
0.0,0.12101828
0.0,0.14030522
0.0,0.12590036
0.0,0.049016126
0.0,0.045759473
0.0,0.0573965
0.0,-0.0114470115
0.0,-0.017413147
0.0,0.013804481
0.0,0.022335732
0.0,-0.012607875
0.0,-0.0114470115
0.0,-0.017413147
0.0,0.2969093
0.0,0.08016523
0.0,0.07298314
0.0,0.10138841
0.0,0.09289113
0.0,0.1062523
0.0,0.10867895
0.0,0.10599979
0.0,0.10709294
0.0,0.19787592
0.0,0.13278265
0.0,0.32350314
0.0,0.36530772
0.0,0.4236244
0.0,0.27749455
0.0,0.25977364
0.0,0.24876948
0.0,0.37361366
0.0,0.18986887
0.0,0.21793468
0.0,0.2358171
0.0,0.16363537
0.0,0.21486154
0.0,0.0784078
0.0,0.06841976
0.0,0.06289387
0.0,0.05544794
0.0,0.0548384
0.0,0.088387355
0.0,1.9508617
0.0,2.1788006
1.0,3.0472968
0.0,0.09293513
0.0,2.5114179
0.0,0.082690276
10.0,1.3777395
0.0,0.04058329
0.0,0.13014552
0.0,0.046477456
0.0,0.076993264
0.0,0.05792822
0.0,0.09891811
0.0,0.05035234
1.0,0.104589
0.0,0.037005834
0.0,0.9098884
0.0,0.04985094
0.0,0.058998924
0.0,0.053909075
0.0,0.05624382
0.0,0.059112158
0.0,0.07119204
0.0,0.06361965
0.0,0.0815896
0.0,0.08073545
0.0,0.06900837
0.0,0.074870065
0.0,0.07624181
0.0,0.079337254
0.0,0.12748078
0.0,0.20778905
0.0,0.15446378
0.0,0.16805187
0.0,0.13630612
0.0,0.17326215
0.0,0.1640973
0.0,0.15820898
0.0,0.1438168
0.0,0.1839403
0.0,0.19431022
2.0,0.17913125
0.0,0.2011109
0.0,0.1869819
0.0,0.16723908
0.0,0.16834734
0.0,0.1834596
0.0,0.16865234
0.0,0.18551794
0.0,0.16146635
0.0,0.10175258
0.0,0.12153855
0.0,0.09360615
0.0,0.060516715
0.0,0.0744339
0.0,0.064884074
0.0,0.10700988
0.0,0.092133395
0.0,0.0765017
0.0,0.09168434
0.0,0.07932728
0.0,0.06482525
0.0,0.070756786
0.0,-0.0114470115
0.0,-0.017413147
0.0,0.013804481
0.0,0.031136086
0.0,0.033408694
0.0,0.02859658
0.0,0.022297278
0.0,0.02711162
0.0,0.027841054
0.0,0.025784807
0.0,0.024748197
0.0,0.028090904
0.0,0.019771352
0.0,0.1588247
0.0,0.10258527
0.0,0.17249298
0.0,0.06715693
0.0,0.067096315
0.0,0.14407222
0.0,0.14600345
0.0,0.118410915
0.0,0.14285178
0.0,0.14279349
0.0,0.13103668
0.0,0.091713294
0.0,0.93668526
2.0,1.0507567
0.0,0.036270954
0.0,0.6922353
0.0,0.04885978
0.0,0.17187406
0.0,0.044302024
0.0,2.2813325
0.0,0.051575087
0.0,0.9667684
0.0,0.84985894
2.0,0.748699
0.0,0.033376522
0.0,1.6633763
0.0,0.032785147
0.0,2.3389223
0.0,0.0300345
1.0,2.1707373
0.0,0.043687798
1.0,1.851068
0.0,0.037739597
3.0,1.6957991
0.0,0.03992248
0.0,3.1274316
0.0,0.039865483
0.0,1.3578515
0.0,0.04897666
1.0,1.169255
0.0,0.033190027
0.0,-0.0114470115
0.0,-0.017413147
0.0,0.017130494
0.0,0.019910626
0.0,0.106409185
0.0,0.090805344
0.0,0.06691897
1.0,0.069240235
0.0,0.039606437
0.0,0.16184701
0.0,0.045384154
0.0,1.0028214
0.0,0.067371525
0.0,1.3648691
0.0,0.033881336
0.0,-0.042570584
0.0,-0.0114470115
0.0,-0.017413147
0.0,0.013804481
0.0,0.022335732
0.0,0.03333348
0.0,0.025698982
0.0,0.023513746
0.0,0.022098169
0.0,0.01870984
0.0,0.0021720647
0.0,0.0072867675
0.0,0.036875855
0.0,0.035301093
0.0,0.12716655
0.0,0.061727002
0.0,0.25596508
0.0,0.13113974
0.0,0.11175643
0.0,0.1477262
0.0,0.20909956
0.0,-0.006227511
0.0,-0.008575532
0.0,-0.008561396
0.0,-0.008363958
0.0,-0.007935646
0.0,0.028545992
7.0,0.66296035
0.0,0.030479683
3.0,0.93277764
0.0,0.031557407
6.0,0.80656147
0.0,0.018738642
0.0,0.14982101
0.0,0.10851817
0.0,-0.0114470115
0.0,-0.017413147
0.0,-0.0114470115
0.0,-0.017413147
0.0,-0.0114470115
0.0,-0.017413147
0.0,0.013804481
0.0,0.017326714
0.0,0.013939273
0.0,0.014804511
0.0,0.0020464181
0.0,-0.0027663528
0.0,0.0059115705
0.0,0.009438744
0.0,0.049343213
0.0,0.15524219
0.0,0.058949172
0.0,0.2427725
0.0,0.11382813
0.0,0.3040546
1.0,0.11527466
0.0,0.042853188
0.0,0.36529794
0.0,0.06023865
0.0,0.15107255
0.0,0.05852714
0.0,0.7514504
0.0,0.05424325
0.0,-0.034150742
0.0,-0.0114470115
0.0,-0.017413147
0.0,0.017130494
0.0,0.019910626
0.0,0.04850194
1.0,0.020187303
0.0,0.026871422
0.0,0.085244216
0.0,0.015377521
0.0,0.36667442
0.0,0.028555086
0.0,1.610584
0.0,0.043787505
0.0,0.2702069
0.0,0.11961102
0.0,0.28618205
0.0,0.20382856
0.0,0.28864178
0.0,1.2950954
0.0,1.455627
0.0,1.357242
0.0,-0.0114470115
0.0,-0.017413147
0.0,0.013804481
0.0,0.031136086
0.0,0.05445252
0.0,0.048075728
0.0,0.036779895
0.0,0.03609127
0.0,0.029844409
0.0,0.044084802
0.0,-3.901124e-06
0.0,-0.005216056
0.0,-0.009152923
0.0,-0.026987266
0.0,-0.03461171
0.0,0.6905448
1.0,1.9266951
0.0,0.055907995
0.0,-0.07058113
0.0,0.06388516
0.0,-0.05403467
0.0,0.06184553
0.0,0.072305605
2.0,0.10360825
0.0,0.042946458
0.0,-0.04660688
0.0,0.01820743
0.0,2.3991294
0.0,0.018169433
0.0,0.27162835
0.0,0.018962907
0.0,0.074300475
0.0,0.048473135
0.0,0.08665508
0.0,0.08226396
0.0,0.08051347
0.0,0.08181526
0.0,0.050414298
1.0,0.10081218
0.0,0.15540254
0.0,0.09755064
0.0,0.06111663
0.0,0.065753646
0.0,-0.034626324
0.0,-0.028242085
0.0,-0.025798386
0.0,-0.027943041
0.0,-0.0114470115
0.0,-0.017413147
0.0,0.017130494
0.0,0.019910626
0.0,0.07772239
0.0,0.069728054
0.0,0.044790726
0.0,0.0021155237
0.0,-0.0114470115
0.0,-0.017413147
0.0,0.013804481
0.0,0.026970774
0.0,-0.01299971
0.0,-0.0114470115
0.0,-0.017413147
0.0,0.017130494
0.0,0.019910626
0.0,0.106409185
0.0,0.090805344
0.0,0.06790312
0.0,0.031698707
0.0,-0.01603306
0.0,-0.035965372
0.0,-0.038520835
0.0,-0.042385634
0.0,0.0049463212
8.0,6.336814
0.0,0.36048844
8.0,1.7396485
0.0,0.023736387
0.0,0.12763715
0.0,0.05585001
4.0,1.0816323
0.0,0.011778709
1.0,0.36717626
0.0,0.022130873
0.0,0.042961102
0.0,0.0461203
0.0,0.039824877
0.0,0.047829323
0.0,-0.0114470115
0.0,-0.017413147
0.0,0.013804481
0.0,0.022335732
0.0,0.03333348
0.0,0.025698982
0.0,0.023513746
0.0,0.014847069
0.0,0.013363173
0.0,-0.0034296198
0.0,-0.01399551
0.0,-0.017511385
0.0,-0.015600088
0.0,-0.013643395
0.0,0.1837499
0.0,0.05499987
8.0,1.8859091
0.0,0.055001896
0.0,0.41714993
0.0,0.03610419
0.0,0.041621573
0.0,0.08046266
0.0,-0.0114470115
0.0,-0.017413147
0.0,-0.0114470115
0.0,-0.017413147
0.0,0.013804481
0.0,0.017326714
0.0,-0.015021404
0.0,-0.0114470115
0.0,-0.017413147
0.0,0.017130494
0.0,0.019910626
0.0,0.06288257
0.0,0.030916205
0.0,0.00052558776
0.0,0.008785306
0.0,-0.011831247
0.0,-0.018714502
0.0,-0.013272865
0.0,1.143253
0.0,0.037981417
8.0,4.406239
0.0,0.34987155
1.0,1.7681397
0.0,0.111225344
0.0,0.080472335
0.0,0.04385836
4.0,1.1005648
0.0,0.014513954
0.0,0.004811555
0.0,0.03614979
0.0,-0.004358062
0.0,3.939122e-05
0.0,-0.0114470115
0.0,-0.017413147
0.0,0.017130494
0.0,0.019910626
0.0,0.06288257
0.0,0.030916205
0.0,0.0142089315
0.0,0.02088535
0.0,0.0040282905
0.0,0.00282031
0.0,0.011270094
0.0,0.98161626
0.0,0.055467345
3.0,4.8762846
0.0,0.02654963
3.0,2.5801027
0.0,0.010387046
0.0,2.110668
0.0,0.0050383266
0.0,0.021971611
0.0,-0.0041927453
1.0,2.0447304
0.0,-0.0031599102
0.0,0.04638786
0.0,0.004372197
0.0,0.046215247
0.0,0.027386218
0.0,0.16222931
0.0,0.12750064
0.0,0.1579636
0.0,0.15876193
0.0,0.15426192
0.0,0.13899325
0.0,0.15249513
0.0,0.14020726
0.0,0.15713722
0.0,0.095325276
0.0,0.15703511
0.0,0.09517524
0.0,0.098828085
0.0,0.07694372
0.0,0.059858844
0.0,0.08122064
0.0,0.08183236
0.0,0.06807225
0.0,0.04365203
0.0,-0.029901557
0.0,-0.011569416
0.0,-0.027238382
0.0,-0.0114470115
0.0,-0.017413147
0.0,0.017130494
0.0,0.019910626
0.0,0.106409185
1.0,0.090805344
0.0,0.03462987
0.0,0.13600202
0.0,0.03621793
0.0,0.022636143
0.0,0.052396297
0.0,0.013586095
0.0,0.08003239
0.0,-0.00012797712
0.0,-0.016712034
8.0,1.4073439
0.0,0.035943586
4.0,1.4184399
0.0,0.04438428
0.0,0.27429247
0.0,0.05198278
5.0,0.45559162
0.0,0.055455893
0.0,0.040408093
0.0,0.020657185
0.0,0.04668095
0.0,0.025279282
0.0,0.057966646
0.0,0.029761218
0.0,0.05702445
0.0,0.06688705
0.0,0.3468925
0.0,0.40772164
0.0,0.37782812
0.0,0.340546
0.0,0.2361335
0.0,0.19532202
0.0,0.09803549
0.0,0.082442425
0.0,0.096511625
0.0,-0.0114470115
0.0,-0.017413147
0.0,0.017130494
0.0,0.019910626
0.0,0.06288257
0.0,0.058446992
0.0,0.029068438
0.0,0.036405794
0.0,0.07514124
0.0,-0.016361212
0.0,-0.013095566
0.0,-0.016612759
0.0,-0.025088025
0.0,-0.028153297
0.0,-0.015779337
8.0,0.84687495
0.0,0.029295186
0.0,1.5881788
0.0,0.06792127
7.0,0.29492193
0.0,0.014352742
0.0,0.42189825
0.0,0.04833315
6.0,0.5184096
0.0,0.029062815
0.0,-0.0114470115
0.0,-0.017413147
0.0,0.013804481
0.0,0.022335732
0.0,-0.012607875
0.0,-0.0114470115
0.0,-0.017413147
0.0,0.017130494
0.0,0.019910626
0.0,0.06288257
0.0,0.058446992
0.0,0.037314378
0.0,0.041066572
0.0,0.020463549
0.0,0.020764314
0.0,0.020128988
0.0,-0.008643623
0.0,-0.014594737
0.0,-0.017287374
0.0,-0.02569037
0.0,-0.024433853
0.0,-0.02218483
2.0,0.039526187
0.0,0.054145243
3.0,0.77592117
0.0,0.49149996
0.0,0.06443195
0.0,0.69444126
0.0,2.2563493
0.0,0.017843537
0.0,0.02698562
0.0,0.025099374
0.0,-0.028211813
0.0,-0.030847276
0.0,-0.033841997
0.0,-0.028447248
0.0,-0.0114470115
0.0,-0.017413147
0.0,0.013804481
0.0,0.017326714
0.0,0.023195196
0.0,0.010890621
0.0,0.011761888
0.0,0.014962634
0.0,0.012449778
0.0,-0.0020125746
0.0,0.015697211
0.0,0.06395837
0.0,-0.025003543
0.0,-0.03084264
0.0,-0.049705435
0.0,-0.0547009
0.0,-0.04467937
0.0,-0.06814349
6.0,3.9129264
0.0,0.026326658
0.0,0.08087298
0.0,0.051655337
2.0,1.901471
0.0,0.021392446
0.0,0.0981673
0.0,0.02361948
0.0,0.09803524
0.0,0.05887599
0.0,0.3192521
0.0,0.021988861
0.0,0.036874615
0.0,0.017810961
0.0,-0.0091592055
0.0,-0.014506887
0.0,-0.0114470115
0.0,-0.017413147
0.0,0.017130494
0.0,0.019910626
0.0,0.019230058
0.0,-0.005753651
0.0,-0.0061171143
0.0,-0.0077348645
0.0,-0.023655478
0.0,-0.029204067
0.0,-0.038118996
0.0,0.028959714
0.0,-0.06819261
0.0,-0.078535095
0.0,0.063959636
0.0,0.0605593
0.0,0.066324174
0.0,0.04738006
0.0,0.04830868
0.0,0.06371569
0.0,0.06534666
0.0,0.070277505
0.0,0.107956335
0.0,0.110178985
0.0,0.096238546
0.0,-0.03760909
0.0,-0.03571641
0.0,-0.03500605
0.0,-0.03517266
0.0,-0.0114470115
0.0,-0.017413147
0.0,0.013804481
0.0,0.022335732
0.0,0.03333348
0.0,0.025698982
0.0,0.023513746
0.0,0.014847069
0.0,0.013632047
0.0,-0.0021917224
0.0,-0.003548528
0.0,0.0775474
0.0,0.06733968
0.0,0.09007345
0.0,0.10185728
0.0,0.6272771
0.0,-0.045919977
0.0,-0.0114470115
0.0,-0.017413147
0.0,0.017130494
0.0,0.019910626
0.0,0.106409185
0.0,0.090805344
0.0,0.064867586
0.0,0.06999855
0.0,0.14379874
0.0,0.09294579
0.0,0.086888894
0.0,0.004506938
0.0,-0.0005130231
0.0,-0.006648731
0.0,-0.029209917
0.0,-0.03145826
0.0,0.008728689
8.0,1.1886805
0.0,0.042107567
0.0,0.052648604
0.0,0.10387011
0.0,-0.0114470115
0.0,-0.017413147
0.0,0.017130494
0.0,0.019910626
0.0,0.04850194
0.0,0.006744359
0.0,-0.0033426553
0.0,-0.017613119
0.0,-0.04703519
0.0,-0.059690107
0.0,-0.054144204
3.0,5.388149
0.0,0.105996065
0.0,-0.044638433
0.0,0.35324925
3.0,4.287948
0.0,0.016146801
0.0,-0.026337551
0.0,-0.044015873
0.0,-0.044318542
0.0,-0.046315257
0.0,-0.0114470115
0.0,-0.017413147
0.0,-0.0114470115
0.0,-0.017413147
0.0,0.017130494
0.0,0.019910626
0.0,0.07772239
0.0,0.069728054
0.0,0.04739678
0.0,0.09749744
0.0,0.10283403
0.0,-0.048743073
0.0,-0.0114470115
0.0,-0.017413147
0.0,0.017130494
0.0,0.019910626
0.0,0.106409185
0.0,0.090805344
0.0,0.06691897
0.0,0.069240235
0.0,0.07581647
0.0,0.023944262
0.0,0.02653666
0.0,0.010927757
0.0,0.002692206
0.0,-0.001284635
0.0,-0.024107425
0.0,1.5758096
0.0,0.8011514
6.0,5.467634
0.0,0.011713251
0.0,0.10599921
0.0,0.0304371
0.0,1.1089159
0.0,0.015400877
0.0,0.031046258
0.0,0.027375985
0.0,0.07035236
0.0,0.027949627
0.0,0.07213687
0.0,0.038651247
0.0,0.040715422
0.0,0.036797605
0.0,0.03941098
0.0,0.06275923
0.0,0.08342634
0.0,0.0804966
0.0,0.07320429
0.0,0.11075194
0.0,0.114317976
0.0,0.112280294
0.0,0.10571833
0.0,0.08285734
0.0,-0.0025332225
0.0,-0.014214226
0.0,-0.023688536
0.0,-0.010453289
0.0,-0.0114470115
0.0,-0.017413147
0.0,0.017130494
0.0,0.019910626
0.0,0.106409185
0.0,0.090805344
0.0,0.066416934
0.0,-0.025932822
0.0,-0.0114470115
0.0,-0.017413147
0.0,0.017130494
0.0,0.019910626
0.0,0.07772239
0.0,0.069728054
0.0,0.039281886
0.0,0.05122743
0.0,0.07078083
0.0,0.07192284
0.0,0.05553465
0.0,-0.014778851
0.0,-0.020541292
0.0,-0.018147927
0.0,-0.027984736
0.0,-0.02045035
0.0,-0.003879389
0.0,0.19692823
0.0,0.19328947
8.0,2.7997258
0.0,0.0155176325
9.0,0.962806
0.0,0.012709405
1.0,0.4940734
0.0,0.06398383
0.0,-0.0114470115
0.0,-0.017413147
0.0,0.017130494
0.0,0.019910626
0.0,0.06288257
0.0,-0.009385167
0.0,-0.0114470115
0.0,-0.017413147
0.0,0.017130494
0.0,0.019910626
0.0,0.026340894
0.0,-0.017859422
0.0,-0.0114470115
0.0,-0.017413147
0.0,0.017130494
0.0,0.019910626
0.0,0.07772239
0.0,0.069728054
0.0,0.051658403
0.0,-0.013901123
0.0,-0.0114470115
0.0,-0.017413147
0.0,0.013804481
0.0,0.031136086
0.0,0.05445252
0.0,0.048075728
0.0,0.036779895
0.0,0.03609127
0.0,0.029844409
0.0,0.021196477
0.0,-0.02232304
0.0,-0.0114470115
0.0,-0.017413147
0.0,0.013804481
0.0,0.017326714
0.0,0.023195196
0.0,0.010890621
0.0,0.011761888
0.0,0.014962634
0.0,0.012430045
0.0,0.009917822
0.0,0.000353685
0.0,-0.0018972381
0.0,7.2652096e-05
0.0,-0.013065573
0.0,0.4312771
0.0,0.06034689
8.0,2.3152192
0.0,0.050862674
1.0,1.0395864
0.0,0.034764435
0.0,0.14825666
0.0,0.06065984
0.0,-0.0114470115
0.0,-0.017413147
0.0,0.013804481
0.0,0.017326714
0.0,0.023195196
0.0,0.010890621
0.0,0.011761888
0.0,0.014962634
0.0,0.012449778
0.0,-0.0020125746
0.0,0.015697211
0.0,0.0745218
0.0,0.068374544
0.0,0.9894084
0.0,0.36574587
0.0,0.75049514
0.0,-0.011102649
0.0,-0.03534337
0.0,-0.0366695
0.0,-0.037261914
0.0,-0.038395315
0.0,-0.08492655
7.0,3.0740366
0.0,0.032788567
0.0,1.7476512
0.0,0.026161697
0.0,1.0655886
0.0,0.033138223
4.0,1.0776019
0.0,0.033670448
0.0,0.061022114
0.0,0.029241305
0.0,0.05243688
0.0,0.00455479
2.0,0.28924218
0.0,0.010538886
0.0,0.10216248
0.0,0.090152286
0.0,0.26072338
0.0,0.09361299
0.0,0.10080744
0.0,0.07631688
0.0,0.112881
0.0,0.16139251
0.0,0.108283974
0.0,0.16331923
0.0,0.13700704
0.0,0.20397608
0.0,0.12589388
0.0,0.15074117
0.0,0.14181405
0.0,0.13531429
0.0,0.15560219
0.0,0.15573448
0.0,0.14369054
0.0,0.15213466
0.0,0.15228873
0.0,0.08699684
0.0,0.1218356
0.0,0.08493332
0.0,0.10460841
0.0,0.11552986
0.0,0.116154365
1.0,0.08845077
0.0,0.1351665
0.0,0.079294115
0.0,0.0759163
0.0,0.12236417
0.0,0.059656367
0.0,0.042941723
0.0,-0.0114470115
0.0,-0.017413147
0.0,0.017130494
0.0,0.019910626
0.0,0.06288257
0.0,0.058446992
0.0,0.037314378
0.0,-0.015704354
0.0,-0.0114470115
0.0,-0.017413147
0.0,0.017130494
0.0,0.019910626
0.0,0.07772239
0.0,0.05558572
0.0,0.026314043
0.0,0.035428993
0.0,0.034562614
0.0,0.0325031
0.0,0.03363577
0.0,0.6611172
0.0,0.24468198
7.0,3.3523874
0.0,0.12849998
0.0,0.19720444
0.0,0.16283722
0.0,1.6783506
0.0,0.06659791
0.0,0.07609877
0.0,0.06264189
0.0,0.07545199
0.0,0.062746964
0.0,0.06263525
0.0,0.06621013
0.0,0.07298218
0.0,0.063442156
0.0,0.03775072
0.0,0.041979995
0.0,0.054011136
0.0,0.06854845
0.0,0.06704393
0.0,0.08053478
0.0,0.12001273
0.0,0.13122758
5.0,0.13836764
0.0,0.098500766
0.0,0.091718204
0.0,0.11694754
0.0,0.39237705
0.0,0.120126195
0.0,0.14948748
0.0,0.106818244
0.0,0.045391325
0.0,0.031724393
0.0,0.02959015
0.0,0.019642463
0.0,-0.0114470115
0.0,-0.017413147
0.0,-0.0114470115
0.0,-0.017413147
0.0,-0.0114470115
0.0,-0.017413147
0.0,-0.0114470115
0.0,-0.017413147
0.0,0.013804481
0.0,0.022335732
0.0,0.03333348
0.0,0.025698982
0.0,0.023513746
0.0,0.022098169
0.0,0.01870984
0.0,0.0021720647
0.0,0.0072867675
0.0,0.021343656
0.0,-0.043616313
0.0,-0.04716355
0.0,-0.047823068
0.0,-0.043103516
0.0,-0.036651034
0.0,-0.06750953
7.0,0.41530463
0.0,0.040531434
4.0,1.4498427
0.0,0.06286372
4.0,1.1927178
0.0,0.057468873
0.0,0.050182234
0.0,0.1132401
0.0,-0.0114470115
0.0,-0.017413147
0.0,0.017130494
0.0,0.019910626
0.0,0.058194634
1.0,0.057614177
0.0,0.018170726
0.0,0.092470415
0.0,0.022151189
0.0,0.09063826
0.0,0.034286067
0.0,1.6195472
0.0,0.04175094
0.0,0.7773756
0.0,0.12473899
0.0,-0.03394953
0.0,-0.0114470115
0.0,-0.017413147
0.0,0.013804481
0.0,0.031136086
0.0,0.05445252
0.0,0.048075728
0.0,0.036779895
0.0,0.03609127
0.0,0.029844409
0.0,0.021090135
0.0,0.022842979
0.0,0.098992765
0.0,0.085428685
0.0,0.08737986
0.0,0.088969484
0.0,0.097708866
1.0,0.06405156
0.0,0.058462925
0.0,0.10315392
0.0,0.04053483
0.0,0.0990546
0.0,0.04763252
0.0,0.20780696
0.0,0.04491108
0.0,0.08272817
0.0,0.09915096
0.0,0.117669016
0.0,0.10223128
0.0,0.0948176
0.0,0.09739257
0.0,0.10648518
0.0,0.100510985
0.0,0.09663565
0.0,0.100420296
0.0,0.095155984
0.0,0.09489742
0.0,0.15865923
0.0,0.27261668
0.0,0.47796908
0.0,0.40432757
0.0,0.42025122
0.0,0.315315
0.0,0.42124677
0.0,0.38476783
0.0,0.32851672
0.0,0.47437236
2.0,0.5228171
0.0,0.046784
0.0,0.8236187
0.0,0.044190995
1.0,1.1099108
0.0,0.03067859
0.0,0.15065457
0.0,0.031618938
11.0,0.17477468
0.0,0.07681936
0.0,0.52788043
0.0,0.07804968
0.0,0.7002104
0.0,0.07839258
0.0,-0.0114470115
0.0,-0.017413147
0.0,-0.0114470115
0.0,-0.017413147
0.0,0.013804481
0.0,0.031136086
0.0,0.05445252
0.0,0.048075728
0.0,0.036779895
0.0,0.03609127
0.0,-0.006732808
0.0,-0.0114470115
0.0,-0.017413147
0.0,0.017130494
0.0,0.019910626
0.0,0.03163553
0.0,-0.011394524
0.0,-0.0114470115
0.0,-0.017413147
0.0,0.013804481
0.0,0.022335732
0.0,0.03333348
0.0,0.025698982
0.0,0.023513746
0.0,0.020785619
1.0,0.021119874
0.0,0.04402226
0.0,-0.03714954
0.0,-0.0114470115
0.0,-0.017413147
0.0,0.017130494
0.0,0.019910626
0.0,0.07772239
0.0,0.05558572
1.0,0.037102424
0.0,0.036386542
0.0,0.12554805
0.0,0.03252995
0.0,0.087794185
0.0,0.054360997
0.0,0.08198531
0.0,0.018823937
0.0,0.6491302
0.0,0.20412233
0.0,0.089058906
0.0,0.11858748
0.0,0.20936516
0.0,0.3488669
0.0,0.19504474
0.0,0.28688088
0.0,0.2779862
0.0,0.2814894
0.0,0.160182
0.0,0.92269343
2.0,0.9719648
0.0,0.02158583
0.0,1.7552638
0.0,0.025950758
0.0,1.4507828
0.0,0.028429465
1.0,1.6810405
0.0,0.025049293
0.0,1.0828428
0.0,0.033736996
0.0,-0.0114470115
0.0,-0.017413147
0.0,-0.0114470115
0.0,-0.017413147
0.0,-0.0114470115
0.0,-0.017413147
0.0,-0.0114470115
0.0,-0.017413147
0.0,-0.0114470115
0.0,-0.017413147
0.0,0.013804481
0.0,0.012934911
0.0,0.027001122
0.0,0.012216547
0.0,0.012998291
0.0,0.0112304995
0.0,0.018180149
0.0,0.014120801
0.0,-0.041097075
0.0,-0.060615256
0.0,-0.060792074
0.0,-0.0712173
0.0,-0.08054853
0.0,1.1967196
0.0,5.2320786
0.0,3.1769729
0.0,5.454737
0.0,5.61052
3.0,4.2066445
0.0,0.03990556
2.0,1.0675694
0.0,0.028270304
0.0,-0.059966937
0.0,0.008259084
0.0,2.091452
0.0,-0.0060257926
0.0,1.0393698
0.0,-0.017981976
0.0,1.388213
0.0,0.0739765
0.0,0.068278454
0.0,0.06388891
0.0,0.06818253
0.0,0.0937573
0.0,0.16303402
0.0,0.15934417
0.0,0.1412391
0.0,0.12893522
0.0,-0.039619587
0.0,-0.03828986
0.0,-0.03457576
0.0,-0.037637234
0.0,-0.0114470115
0.0,-0.017413147
0.0,-0.0114470115
0.0,-0.017413147
0.0,-0.0114470115
0.0,-0.017413147
0.0,0.017130494
0.0,0.019910626
0.0,0.03163553
0.0,0.032361344
0.0,0.011406937
0.0,0.033944488
0.0,0.02748286
0.0,0.021641282
0.0,0.08763201
0.0,-0.06552378
0.0,-0.0114470115
0.0,-0.017413147
0.0,0.017130494
0.0,0.019910626
0.0,0.03163553
0.0,0.032361344
0.0,0.019800128
0.0,0.010107635
0.0,0.0045065074
0.0,-0.023450162
0.0,-0.025534173
0.0,-0.02865611
0.0,-0.07100164
3.0,0.98667824
0.0,0.017658563
0.0,-0.06384237
0.0,0.013127636
3.0,4.049337
0.0,0.00024777203
0.0,-0.0422512
0.0,-0.03334012
0.0,-0.043486513
0.0,-0.041643
0.0,-0.0114470115
0.0,-0.017413147
0.0,0.017130494
0.0,0.019910626
0.0,0.058194634
0.0,0.057614177
0.0,0.038954977
0.0,0.0752482
0.0,0.09324471
0.0,-0.021176744
0.0,-0.028372645
0.0,-0.030639654
0.0,-0.04379133
0.0,-0.04716332
0.0,-0.042540386
2.0,5.3088603
0.0,0.035351403
5.0,1.4559879
0.0,-0.00042709705
0.0,2.393337
0.0,0.024416324
2.0,1.3084525
0.0,0.00025159714
0.0,0.047652278
0.0,0.019885346
0.0,-0.0114470115
0.0,-0.017413147
0.0,-0.0114470115
0.0,-0.017413147
0.0,0.017130494
0.0,0.019910626
0.0,0.03163553
0.0,0.032361344
0.0,0.019800128
0.0,0.018739758
0.0,0.09874013
0.0,-0.024604388
0.0,-0.02332325
0.0,-0.037030935
0.0,-0.04353753
0.0,-0.04867113
0.0,-0.059291255
8.0,3.2559407
0.0,0.03621079
0.0,1.8597738
0.0,0.04776612
2.0,0.16370061
0.0,0.033970706
1.0,0.3542518
0.0,0.029225623
0.0,0.09965517
0.0,0.018343642
2.0,1.1261684
0.0,0.018137997
0.0,0.06123503
0.0,0.04811312
0.0,0.090125255
0.0,0.048654992
0.0,0.13737111
0.0,0.08941713
0.0,0.12084787
1.0,0.12323118
0.0,0.16147417
2.0,0.16870832
0.0,0.12208529
0.0,0.18492372
0.0,0.11940248
0.0,-0.0114470115
0.0,-0.017413147
0.0,-0.0114470115
0.0,-0.017413147
0.0,0.017130494
0.0,0.019910626
0.0,0.03163553
0.0,-0.011394524
0.0,-0.0114470115
0.0,-0.017413147
0.0,0.017130494
0.0,0.019910626
0.0,0.03163553
0.0,0.017509688
0.0,-0.006213325
0.0,-0.005874054
0.0,-0.018352862
0.0,-0.023239678
0.0,-0.020765556
8.0,0.08126393
0.0,0.16203928
10.0,1.7849026
0.0,0.041072756
1.0,0.41883934
0.0,0.020249441
0.0,-0.0114470115
0.0,-0.017413147
0.0,0.013804481
0.0,0.01909547
0.0,0.04418195
0.0,0.03765988
0.0,0.030388057
0.0,0.029565884
0.0,0.026113413
0.0,0.08914347
0.0,0.08507887
0.0,0.0960386
0.0,-0.013382831
0.0,-0.01665762
0.0,-0.01859268
0.0,-0.016542159
0.0,-0.009405863
0.0,-0.033647195
0.0,1.1890565
0.0,1.1337459
0.0,2.3558626
0.0,1.9166584
6.0,2.4343734
0.0,0.02989872
0.0,0.007994213
0.0,0.01576743
1.0,1.741978
0.0,0.0328045
0.0,0.02202301
0.0,0.02927991
0.0,-0.0114470115
0.0,-0.017413147
0.0,0.017130494
0.0,0.019910626
0.0,0.03163553
0.0,0.017509688
0.0,-0.0036174564
0.0,-0.004257545
0.0,-0.015521913
0.0,-0.019712226
0.0,-0.015838208
7.0,0.07188639
0.0,0.2512481
0.0,0.1024979
0.0,0.19515316
1.0,1.4034439
0.0,0.050344054
0.0,0.0074187214
0.0,0.022571726
0.0,-0.0114470115
0.0,-0.017413147
0.0,-0.0114470115
0.0,-0.017413147
0.0,0.017130494
0.0,0.019910626
0.0,0.03163553
0.0,0.017509688
0.0,-0.006213325
0.0,-0.005874054
0.0,-0.018352862
0.0,-0.023239678
0.0,-0.020765556
0.0,0.08126393
0.0,-0.0830928
0.0,-0.09726768
0.0,-0.08014104
0.0,-0.058168568
0.0,-0.04916024
0.0,-0.06705231
0.0,0.0022067695
0.0,0.22388296
7.0,3.567147
0.0,0.04899072
0.0,0.1538584
0.0,0.074462876
0.0,0.84453446
0.0,0.026340844
0.0,0.11074736
0.0,0.040904067
0.0,0.0891669
0.0,0.048289277
0.0,0.07724068
0.0,0.05326607
0.0,0.18447903
0.0,0.05552211
0.0,0.087554544
0.0,0.054254904
0.0,0.021027565
0.0,0.0027671887
0.0,0.006473079
0.0,0.004097548
0.0,-0.0114470115
0.0,-0.017413147
0.0,0.017130494
0.0,0.019910626
0.0,0.03163553
0.0,0.032361344
0.0,0.019800128
0.0,0.010107635
0.0,0.0045065074
0.0,-0.023450162
0.0,-0.025534173
0.0,-0.02865611
0.0,-0.07100164
0.0,0.98667824
0.0,0.025369566
7.0,5.922691
0.0,0.024282444
0.0,0.010049776
0.0,0.02984223
1.0,0.5695587
0.0,0.017998215
0.0,0.18397926
0.0,0.023466349
0.0,0.035753064
0.0,0.029613785
0.0,0.040158372
0.0,0.036424994
0.0,0.11483265
0.0,0.10759196
0.0,0.13773586
0.0,0.123839885
0.0,0.18933754
0.0,0.107937865
0.0,0.1223777
0.0,0.16343479
0.0,0.10006722
0.0,0.09622099
0.0,0.105316006
0.0,0.046729635
0.0,0.061401766
0.0,0.0833948
0.0,0.10440299
0.0,0.0872041
0.0,0.08987163
0.0,0.083180875
0.0,0.08626363
0.0,0.08338685
0.0,0.063275896
0.0,0.08535132
2.0,0.08680895
0.0,0.06028232
0.0,0.079241045
0.0,0.065064766
0.0,0.07739805
0.0,0.084405854
0.0,-0.0044492064
0.0,0.054464374
0.0,-0.027247678
0.0,-0.019130604
0.0,-0.0114470115
0.0,-0.017413147
0.0,0.017130494
0.0,0.019910626
0.0,0.058194634
0.0,0.057614177
0.0,0.086669646
0.0,0.08131989
0.0,0.084866315
0.0,-0.039296273
0.0,-0.037658613
0.0,-0.049749818
0.0,-0.061769154
0.0,-0.066195026
0.0,-0.0045843776
7.0,5.8360424
0.0,0.02361036
0.0,2.2321029
0.0,0.030817537
11.0,1.5356044
0.0,0.028201858
0.0,0.33305705
0.0,0.03462055
0.0,-0.0114470115
0.0,-0.017413147
0.0,0.017130494
0.0,0.019910626
0.0,0.03163553
0.0,0.032361344
0.0,0.015357661
0.0,-0.00020640492
0.0,-0.03799953
0.0,-0.06012721
0.0,-0.06028199
0.0,-0.065542884
0.0,0.00042512116
7.0,5.4626245
0.0,0.06170613
2.0,2.7572587
0.0,0.03466612
3.0,0.50875014
0.0,0.023178553
0.0,0.096742295
0.0,0.022189997
6.0,1.7366734
0.0,0.00018011032
0.0,0.06665693
0.0,0.016503982
0.0,0.047259632
0.0,0.046622254
0.0,0.008042572
0.0,0.03154783
0.0,-0.0114470115
0.0,-0.017413147
0.0,-0.0114470115
0.0,-0.017413147
0.0,0.017130494
0.0,0.019910626
0.0,0.10681855
0.0,0.065242395
0.0,0.056836866
0.0,0.03695879
0.0,0.004576221
0.0,-0.020113334
0.0,-0.0063078133
0.0,4.5769944
0.0,0.34500763
7.0,5.861261
0.0,0.062757686
0.0,0.07535459
0.0,0.14807165
0.0,1.5169834
0.0,0.050450955
0.0,0.046804164
0.0,0.048303057
0.0,0.06818199
0.0,0.06443968
0.0,0.032563515
0.0,0.025950022
0.0,0.026137581
0.0,0.009318924
0.0,-0.0114470115
0.0,-0.017413147
0.0,0.013804481
0.0,0.01909547
0.0,-0.012141361
0.0,-0.0114470115
0.0,-0.017413147
0.0,0.013804481
0.0,0.01909547
0.0,0.04418195
0.0,0.03765988
0.0,0.030388057
0.0,0.02810405
0.0,0.011035975
0.0,-0.0029815226
0.0,-0.0067610024
0.0,-0.012555285
0.0,-0.013773551
0.0,-0.055081613
0.0,0.811742
0.0,0.35924375
8.0,1.6078615
0.0,0.030685378
0.0,0.49695054
0.0,0.03169192
4.0,0.2780792
0.0,0.03490589
0.0,0.055739965
0.0,0.029610189
1.0,0.08146104
0.0,0.026171753
0.0,0.049804408
0.0,0.039113376
0.0,0.046420358
0.0,0.05564834
0.0,0.05585933
0.0,0.051945135
0.0,0.087714136
0.0,0.055928487
0.0,0.14081217
0.0,0.1098445
0.0,0.16834453
0.0,0.15232164
0.0,0.006829956
0.0,0.01018971
0.0,-0.0114470115
0.0,-0.017413147
0.0,0.017130494
0.0,0.019910626
0.0,0.03163553
0.0,0.032361344
0.0,0.062446456
0.0,0.081008255
0.0,0.12814422
0.0,-0.009325408
0.0,-0.018324314
0.0,-0.020945437
0.0,-0.024757925
0.0,-0.025602797
0.0,-0.07133975
8.0,0.7917052
0.0,0.0298935
0.0,1.7420472
0.0,0.038177233
7.0,0.54763645
0.0,0.02429929
0.0,-0.0114470115
0.0,-0.017413147
0.0,0.017130494
0.0,0.019910626
0.0,0.03163553
0.0,0.032361344
0.0,0.2001657
0.0,-0.018718353
0.0,-0.043727748
0.0,-0.06733281
0.0,-0.066691406
0.0,-0.069875054
0.0,0.026282657
6.0,5.5523233
0.0,0.039695986
0.0,0.04207377
0.0,0.023233091
1.0,1.7472306
0.0,0.01964872
0.0,0.017673813
0.0,0.025240347
0.0,-0.02505636
0.0,-0.013069804
0.0,-0.02218511
0.0,-0.02612228
0.0,-0.0114470115
0.0,-0.017413147
0.0,0.013804481
0.0,0.07133296
0.0,-0.004098865
0.0,-0.0114470115
0.0,-0.017413147
0.0,0.017130494
0.0,0.019910626
0.0,0.03163553
0.0,0.017509688
0.0,-0.006213325
0.0,-0.005874054
0.0,-0.018352862
0.0,-0.023239678
0.0,-0.020765556
0.0,0.08126393
0.0,-0.0830928
0.0,3.9190025
0.0,0.14287113
2.0,5.36333
0.0,0.0032032786
4.0,1.7276535
0.0,0.023933193
0.0,0.009104387
0.0,0.010471782
1.0,1.7014003
0.0,0.005172029
0.0,-0.0070529534
0.0,-0.0062338947
0.0,-0.017030483
0.0,-0.015961878
0.0,-0.0114470115
0.0,-0.017413147
0.0,-0.0114470115
0.0,-0.017413147
0.0,-0.0114470115
0.0,-0.017413147
0.0,-0.0114470115
0.0,-0.017413147
0.0,0.013804481
0.0,0.07133296
0.0,0.051704988
0.0,0.04759984
0.0,0.031091223
0.0,0.03290864
0.0,0.028929772
0.0,0.02685721
0.0,0.028891241
0.0,0.09921277
0.0,0.07449991
0.0,0.30335012
0.0,0.1890685
0.0,0.11290329
0.0,0.07830285
0.0,0.07081883
0.0,0.10698893
0.0,0.11487262
0.0,0.09656624
0.0,0.12630896
0.0,0.124444485
0.0,0.08604519
0.0,0.06348522
0.0,0.34598127
0.0,-0.0114470115
0.0,-0.017413147
0.0,-0.0114470115
0.0,-0.017413147
0.0,-0.0114470115
0.0,-0.017413147
0.0,-0.0114470115
0.0,-0.017413147
0.0,-0.0114470115
0.0,-0.017413147
0.0,0.017130494
0.0,0.019910626
0.0,0.03163553
0.0,0.032361344
0.0,0.010294559
0.0,-0.01429463
0.0,-0.05242652
0.0,-0.06335645
0.0,-0.063168414
0.0,-0.065079436
0.0,-0.01358047
8.0,5.306169
0.0,0.08806301
3.0,2.125797
0.0,0.037247576
0.0,0.0671238
0.0,0.025067432
0.0,-0.0114470115
0.0,-0.017413147
0.0,0.017130494
0.0,0.019910626
0.0,0.05765182
0.0,0.056175828
0.0,0.04420936
0.0,0.071703896
0.0,0.20127372
0.0,-0.022660716
0.0,-0.032115772
0.0,-0.033979952
0.0,-0.050486673
0.0,-0.054378223
0.0,-0.051861893
0.0,5.606253
0.0,4.8931127
7.0,6.883596
0.0,0.024727197
4.0,1.671524
0.0,0.016581777
0.0,0.02828036
0.0,0.0658511
0.0,-0.0114470115
0.0,-0.017413147
0.0,-0.0114470115
0.0,-0.017413147
0.0,0.017130494
0.0,0.019910626
0.0,0.058194634
0.0,0.023656162
0.0,0.008742318
0.0,0.011286863
0.0,-0.011096823
0.0,-0.02431302
0.0,-0.015315559
0.0,1.1404996
0.0,0.05380772
6.0,4.636115
0.0,0.05590351
0.0,0.0691786
0.0,0.0707407
0.0,1.7599412
0.0,0.039503314
1.0,0.055920687
0.0,0.030120045
0.0,0.03725467
0.0,0.03588198
0.0,0.05012098
0.0,0.043034792
0.0,0.054228965
0.0,0.036013708
0.0,0.0715057
0.0,0.043450743
0.0,0.039616548
0.0,0.028577177
0.0,0.03382948
0.0,0.00791994
0.0,-0.002040009
0.0,-0.008284872
0.0,-0.0114470115
0.0,-0.017413147
0.0,-0.0114470115
0.0,-0.017413147
0.0,0.017130494
0.0,0.019910626
0.0,0.03163553
0.0,0.032361344
0.0,0.2001657
0.0,0.14542817
0.0,0.13812621
0.0,0.11456169
0.0,0.14782058
0.0,0.5166614
0.0,0.08826825
2.0,1.6414531
0.0,0.030436568
2.0,2.0648677
0.0,0.023198059
0.0,-0.0038450388
0.0,0.11386464
0.0,-0.017487649
0.0,0.11260617
0.0,-0.013752424
0.0,0.0882893
9.0,1.7897052
0.0,0.036253497
0.0,0.93338645
0.0,0.027746135
2.0,0.09330297
0.0,0.026982782
1.0,0.2888287
0.0,0.028509844
0.0,0.058185846
0.0,0.015233813
0.0,-0.0114470115
0.0,-0.017413147
0.0,0.017130494
0.0,0.019910626
0.0,0.04850194
0.0,0.020187303
0.0,0.016716138
0.0,0.013990823
0.0,0.0041318983
0.0,-0.02030502
0.0,-0.023327656
0.0,-0.022331173
0.0,-0.06312631
7.0,1.5849496
0.0,0.20146462
5.0,2.788296
0.0,0.03848565
4.0,0.8778481
0.0,0.031096263
0.0,-0.0114470115
0.0,-0.017413147
0.0,0.013804481
0.0,0.022335732
0.0,0.03333348
0.0,0.025698982
0.0,0.023513746
0.0,0.020785619
0.0,0.021119874
0.0,0.019193757
0.0,0.022224575
0.0,0.074702874
0.0,-0.021392953
0.0,-0.02362503
0.0,-0.026242962
0.0,-0.028102404
0.0,-0.02223486
0.0,-0.060989335
0.0,0.768544
0.0,0.7082917
2.0,3.5058677
0.0,0.032841764
0.0,1.5653038
0.0,0.04727597
8.0,1.9046948
0.0,0.019877087
4.0,0.062553555
0.0,0.054480966
0.0,0.08396062
0.0,0.06630332
4.0,0.526848
0.0,0.05748557
1.0,0.050211087
0.0,0.058130268
0.0,0.06921987
0.0,0.062104475
0.0,0.07040092
0.0,0.044699304
0.0,-0.0114470115
0.0,-0.017413147
0.0,0.017130494
0.0,0.019910626
0.0,0.04769985
0.0,0.0084474785
0.0,8.273422e-05
0.0,-0.01696994
0.0,-0.04702739
0.0,-0.06317782
0.0,-0.053006824
8.0,4.8957505
0.0,0.727336
0.0,0.011517637
0.0,0.0750708
0.0,-0.0114470115
0.0,-0.017413147
0.0,0.013804481
0.0,0.022335732
0.0,-0.012607875
0.0,-0.0114470115
0.0,-0.017413147
0.0,0.017130494
0.0,0.019910626
0.0,0.03163553
0.0,-0.011394524
0.0,-0.0114470115
0.0,-0.017413147
0.0,0.017130494
0.0,0.019910626
0.0,0.058194634
0.0,0.023656162
0.0,0.00017076283
0.0,0.009185069
0.0,-0.012325018
0.0,-0.025080832
0.0,-0.016345734
0.0,0.97836334
0.0,0.050121944
6.0,3.8485172
0.0,0.04920044
0.0,0.091879345
0.0,0.069047965
0.0,1.5787238
0.0,0.040400747
0.0,0.050215214
0.0,0.045250352
0.0,-0.0114470115
0.0,-0.017413147
0.0,0.017130494
0.0,0.019910626
0.0,0.03163553
0.0,0.032361344
0.0,0.019800128
0.0,0.010107635
0.0,0.0026193007
0.0,-0.025514591
0.0,-0.027444255
0.0,-0.030549448
0.0,-0.070594765
6.0,0.88630897
0.0,0.03895779
0.0,0.01659913
0.0,0.022837102
1.0,1.1330588
0.0,0.043673437
0.0,0.361067
0.0,0.027103944
0.0,0.1007524
0.0,0.08078425
0.0,0.1053081
0.0,0.06601066
0.0,0.19470811
0.0,0.14530961
0.0,0.20790547
0.0,0.15024027
0.0,0.18750916
0.0,0.19284914
0.0,0.14366472
0.0,0.0501893
2.0,0.06914937
0.0,0.04362784
0.0,0.059979778
0.0,0.0621504
0.0,-0.0114470115
0.0,-0.017413147
0.0,0.013804481
0.0,0.022335732
0.0,0.03333348
0.0,0.025698982
0.0,0.023513746
0.0,0.020785619
0.0,0.021119874
0.0,0.021942757
0.0,0.021679407
0.0,0.10399581
0.0,-0.035116043
0.0,-0.0114470115
0.0,-0.017413147
0.0,0.013804481
0.0,0.022335732
0.0,-0.012607875
0.0,-0.0114470115
0.0,-0.017413147
0.0,-0.0114470115
0.0,-0.017413147
0.0,0.013804481
0.0,0.022335732
0.0,0.03333348
0.0,0.025698982
0.0,0.023513746
0.0,0.020785619
0.0,-0.036590792
0.0,-0.0114470115
0.0,-0.017413147
0.0,0.013804481
0.0,0.022335732
0.0,-0.012607875
0.0,-0.0114470115
0.0,-0.017413147
0.0,0.013804481
0.0,0.012934911
0.0,0.027001122
0.0,0.012216547
0.0,0.012998291
0.0,0.0112304995
0.0,-0.026415674
0.0,-0.0114470115
0.0,-0.017413147
0.0,0.017130494
0.0,0.019910626
0.0,0.03163553
0.0,0.032361344
0.0,0.014240368
0.0,-0.02076857
0.0,-0.067815945
0.0,-0.07232319
0.0,-0.072432674
0.0,-0.07378723
0.0,-0.012342903
6.0,5.5948563
0.0,0.040849376
0.0,0.016283063
0.0,0.028931266
2.0,2.1298196
0.0,0.026154831
0.0,-0.018302832
0.0,0.0022837787
0.0,-0.029549342
0.0,-0.025900727
0.0,-0.0114470115
0.0,-0.017413147
0.0,0.013804481
0.0,0.022335732
0.0,0.03333348
0.0,0.025698982
0.0,0.023513746
0.0,0.020785619
0.0,0.021119874
0.0,0.10482793
0.0,-0.015853154
0.0,-0.016707044
0.0,-0.024145829
0.0,-0.043042164
0.0,-0.04829011
0.0,0.058977116
7.0,2.1807725
0.0,0.047666058
1.0,0.5331909
0.0,0.04186129
0.0,-0.0114470115
0.0,-0.017413147
0.0,0.013804481
0.0,0.022335732
0.0,-0.012607875
0.0,-0.0114470115
0.0,-0.017413147
0.0,0.013804481
0.0,0.022335732
0.0,0.03333348
0.0,0.025698982
0.0,0.023513746
0.0,0.020785619
0.0,0.021119874
0.0,0.021942757
0.0,0.021679407
0.0,0.077558346
0.0,0.06800249
0.0,0.07045034
0.0,0.074449405
0.0,0.17461433
0.0,0.083156176
0.0,0.07180893
0.0,0.1784255
0.0,0.18828042
6.0,0.13716146
0.0,0.049660698
1.0,1.9232332
0.0,0.05432938
6.0,0.94900095
0.0,0.029129287
7.0,0.48915228
0.0,0.039145447
0.0,-0.0114470115
0.0,-0.017413147
0.0,0.017130494
0.0,0.019910626
0.0,0.058194634
0.0,0.057614177
0.0,0.029407052
0.0,-0.017566508
0.0,-0.048912596
0.0,-0.07499632
0.0,-0.07123574
0.0,-0.07380288
0.0,-0.0039192364
2.0,6.5519524
0.0,0.033646382
0.0,-0.050749037
0.0,0.010929885
0.0,2.2187173
0.0,0.022131177
0.0,0.04650758
0.0,0.0314767
0.0,0.050910603
0.0,0.048796497
0.0,0.068230554
0.0,0.05391115
0.0,0.08090302
0.0,0.07109464
0.0,0.19629787
1.0,0.18185882
0.0,0.19749448
0.0,0.07153531
0.0,0.045932997
0.0,0.035977684
0.0,-0.041121595
0.0,-0.046527084
0.0,-0.043526385
0.0,-0.0387811
0.0,-0.0114470115
0.0,-0.017413147
0.0,0.2969093
0.0,0.15062498
0.0,0.4287978
0.0,0.48917726
1.0,0.30614516
0.0,0.04518451
0.0,-0.012648355
0.0,-0.0114470115
0.0,-0.017413147
0.0,0.017130494
0.0,0.019910626
0.0,0.04769985
0.0,0.026870536
0.0,0.016831474
0.0,-0.011289498
0.0,-0.05541848
0.0,-0.06668241
0.0,-0.06797711
0.0,-0.069386095
0.0,-0.016277261
8.0,6.424378
0.0,0.27971327
0.0,2.5553932
0.0,0.038745303
0.0,0.078172974
0.0,0.014416198
0.0,1.1116332
0.0,0.025074169
0.0,0.014818545
0.0,0.019493815
0.0,-0.0114470115
0.0,-0.017413147
0.0,0.017130494
0.0,0.019910626
0.0,0.04850194
0.0,0.006744359
0.0,-0.017141007
0.0,-0.0060348865
0.0,-0.032814
0.0,-0.037823193
0.0,-0.009826526
8.0,6.3007817
0.0,0.48439455
6.0,2.3258586
0.0,0.058706317
0.0,0.14261194
0.0,0.04234756
5.0,1.3510185
0.0,0.033677567
0.0,0.02893651
0.0,0.033193726
0.0,0.028177615
0.0,0.026551632
0.0,-0.002053207
0.0,0.008188889
0.0,-0.0114470115
0.0,-0.017413147
0.0,0.013804481
0.0,0.02380719
0.0,-0.018835133
0.0,-0.0114470115
0.0,-0.017413147
0.0,0.017130494
0.0,0.019910626
0.0,0.05236139
0.0,0.01939773
0.0,0.012828035
0.0,-0.01986432
0.0,-0.06495718
0.0,-0.07278915
0.0,-0.07422425
0.0,-0.07511371
0.0,-0.0034262
8.0,6.4007397
0.0,0.28798097
0.0,2.5637863
0.0,0.047505632
0.0,0.06423114
0.0,0.019926637
0.0,1.0949848
0.0,0.02711243
4.0,0.4088203
0.0,0.018224683
0.0,0.025607433
0.0,0.021016113
0.0,0.015308998
0.0,0.014215011
0.0,0.053294875
0.0,0.04907606
0.0,0.055340584
0.0,0.05400741
0.0,0.10834835
0.0,0.0314616
0.0,0.036631502
0.0,0.049442768
0.0,0.04510036
0.0,0.04223002
0.0,0.04337358
0.0,0.059019394
0.0,0.06482561
0.0,0.05410841
0.0,0.05376255
0.0,0.06573348
0.0,0.068757966
0.0,0.07346287
0.0,0.062988505
0.0,0.07104306
0.0,0.061209876
0.0,0.06180581
0.0,0.06783877
0.0,0.051214714
0.0,0.0679248
0.0,0.06662912
0.0,-0.008766535
0.0,0.017985903
0.0,0.015124125
0.0,0.03142183
0.0,-0.0114470115
0.0,-0.017413147
0.0,0.017130494
0.0,0.019910626
0.0,0.10681855
0.0,0.065242395
0.0,0.056836866
0.0,0.03695879
0.0,0.004576221
0.0,-0.020113334
0.0,-0.0063078133
0.0,4.5769944
0.0,0.34500763
2.0,5.861261
0.0,0.026565336
0.0,-0.0025383143
0.0,0.2261
3.0,5.0969634
0.0,0.013897526
0.0,-0.008684738
0.0,-0.001395893
0.0,-0.03095134
0.0,-0.05794342
0.0,-0.0114470115
0.0,-0.017413147
0.0,-0.0114470115
0.0,-0.017413147
0.0,0.013804481
0.0,0.022335732
0.0,0.03333348
0.0,0.025698982
0.0,0.023513746
0.0,0.014847069
0.0,0.013632047
0.0,0.011371624
0.0,0.0152638815
0.0,0.078773774
0.0,-0.025842108
0.0,-0.027853467
0.0,-0.03224056
0.0,-0.03290451
0.0,-0.026754515
0.0,-0.062290613
0.0,0.69659716
0.0,0.64304346
7.0,3.119221
0.0,0.039615557
0.0,1.1065263
0.0,0.045211542
4.0,1.1845278
0.0,0.031088132
0.0,0.056362778
0.0,0.02448705
1.0,0.17883825
0.0,0.024909308
0.0,0.048974153
0.0,0.025458228
0.0,0.028496468
0.0,0.02696938
0.0,-0.0114470115
0.0,-0.017413147
0.0,0.013804481
0.0,0.022335732
0.0,0.02008215
0.0,0.020272696
0.0,-0.015329188
0.0,-0.0114470115
0.0,-0.017413147
0.0,0.017130494
0.0,0.019910626
0.0,0.058194634
0.0,0.057614177
0.0,0.038303718
0.0,0.038083658
0.0,0.06488612
0.0,0.07562359
0.0,0.061481964
0.0,0.07512678
0.0,0.058081225
0.0,0.007549561
0.0,-0.02505697
0.0,-0.0118658
0.0,-0.018795716
0.0,-0.029861785
0.0,-0.01841176
7.0,2.8403304
0.0,0.021303834
0.0,0.05062947
0.0,0.10196575
0.0,-0.0114470115
0.0,-0.017413147
0.0,-0.0114470115
0.0,-0.017413147
0.0,-0.0114470115
0.0,-0.017413147
0.0,0.017130494
0.0,0.019910626
0.0,0.058194634
0.0,0.057614177
0.0,0.038303718
0.0,0.038083658
0.0,0.08707952
0.0,-0.019383444
0.0,-0.02680371
0.0,-0.032164536
0.0,-0.04469077
0.0,-0.050280523
0.0,0.014391271
8.0,5.444506
0.0,0.031313915
3.0,0.9695576
0.0,0.038786646
4.0,0.9585169
0.0,0.020295572
0.0,-0.0114470115
0.0,-0.017413147
0.0,0.017130494
0.0,0.019910626
0.0,0.05765182
0.0,0.056175828
0.0,0.04420936
0.0,0.071703896
0.0,0.091664046
0.0,-0.021019813
0.0,-0.016994765
0.0,-0.033909783
0.0,-0.047009226
0.0,-0.051669117
0.0,-0.038456645
8.0,4.911766
0.0,0.033859044
0.0,0.44503707
0.0,0.05813741
4.0,0.21585268
0.0,0.03541392
1.0,0.26244354
0.0,0.03383014
0.0,0.07569882
0.0,0.027155217
6.0,0.12786265
0.0,0.012417556
0.0,0.033237778
0.0,0.021408051
0.0,0.12683982
0.0,0.03352798
0.0,0.0990868
0.0,0.03284075
0.0,0.07320776
0.0,0.033376317
0.0,0.05956327
0.0,0.036658935
0.0,0.048453934
0.0,0.030885857
0.0,0.03455347
0.0,0.024530748
0.0,-0.0114470115
0.0,-0.017413147
0.0,0.013804481
0.0,0.01909547
0.0,-0.012141361
0.0,-0.0114470115
0.0,-0.017413147
0.0,0.017130494
0.0,0.019910626
0.0,0.058194634
0.0,0.057614177
0.0,0.038303718
0.0,0.038083658
0.0,0.032902814
0.0,-0.0048345565
0.0,-0.006615318
0.0,-0.01050023
0.0,-0.016919933
0.0,-0.019328346
0.0,-0.08192621
7.0,1.2706891
0.0,0.019824117
0.0,0.030887427
0.0,0.03516544
1.0,0.6398664
0.0,0.02523495
0.0,0.005598442
0.0,0.04325194
0.0,-0.0114470115
0.0,-0.017413147
0.0,0.017130494
0.0,0.019910626
0.0,0.058194634
0.0,0.057614177
0.0,0.024548557
0.0,0.002391009
0.0,-0.049627867
0.0,-0.068537526
0.0,-0.06655528
0.0,-0.07060581
0.0,-0.0014999061
0.0,6.1526175
0.0,1.1668118
8.0,5.601528
0.0,0.02822458
0.0,1.7089837
0.0,0.03863007
0.0,0.6303544
0.0,0.030598542
0.0,0.051246937
0.0,0.021376284
1.0,0.6857307
0.0,0.03374001
0.0,0.04549521
0.0,0.026555609
0.0,0.018667385
0.0,0.008764153
0.0,0.0018658264
0.0,-0.0028329506
0.0,-0.0114470115
0.0,-0.017413147
0.0,0.2969093
0.0,0.15062498
1.0,0.4287978
0.0,0.06568634
0.0,0.44696304
0.0,0.048623633
0.0,0.236263
0.0,0.04091329
0.0,0.10514552
0.0,0.03484243
0.0,0.13051014
0.0,0.19184
0.0,0.17447017
0.0,0.11732828
0.0,0.087235436
0.0,0.00055862067
0.0,-0.0114470115
0.0,-0.017413147
0.0,-0.0114470115
0.0,-0.017413147
0.0,0.013804481
0.0,0.01909547
0.0,-0.012141361
0.0,-0.0114470115
0.0,-0.017413147
0.0,0.017130494
0.0,0.019910626
0.0,0.058194634
0.0,0.057614177
0.0,0.029407052
0.0,0.036193892
0.0,0.13187742
0.0,-0.014526772
0.0,-0.013400613
0.0,-0.016748918
0.0,-0.025567586
0.0,-0.02673111
0.0,-0.061482776
0.0,1.3454715
0.0,0.77742255
8.0,4.99812
0.0,0.005301298
6.0,1.3955277
0.0,0.012903043
5.0,0.5314815
0.0,0.02541914
0.0,0.0784304
0.0,0.026035264
0.0,-0.0114470115
0.0,-0.017413147
0.0,0.013804481
0.0,0.01909547
0.0,0.04418195
0.0,0.03765988
0.0,0.030388057
0.0,0.02810405
0.0,0.026588008
0.0,0.027177813
0.0,0.03398583
0.0,0.079367
0.0,0.065628305
0.0,0.18907972
0.0,0.08981481
0.0,0.10668317
0.0,-0.002460748
0.0,-0.042015813
0.0,-0.04374396
0.0,-0.049286265
0.0,-0.043976203
0.0,-0.09678009
0.0,3.5705428
0.0,4.1666894
7.0,4.089375
0.0,0.025902601
0.0,1.0762761
0.0,0.035608117
2.0,0.6337711
0.0,0.03420622
1.0,0.6933157
0.0,0.03799872
0.0,0.050939556
0.0,0.04155077
1.0,0.354992
0.0,0.026007248
0.0,0.030879727
0.0,0.03453176
0.0,0.0420511
0.0,0.049066156
0.0,0.080705844
0.0,0.03143804
0.0,0.036817133
0.0,0.054678556
0.0,0.06974087
0.0,0.12906763
0.0,0.08269169
0.0,0.13216607
0.0,0.08823831
0.0,0.09976818
0.0,0.07493517
0.0,0.0855235
0.0,0.08471769
0.0,0.11094893
0.0,0.09989998
0.0,0.10501577
0.0,0.09452309
0.0,0.078304216
0.0,0.09307352
0.0,0.07618494
0.0,0.07117719
2.0,0.06379201
0.0,0.0963548
0.0,0.15940177
0.0,0.14468847
0.0,0.1385051
0.0,0.14551385
0.0,0.13044079
0.0,0.11469861
0.0,0.116322726
0.0,0.11675319
0.0,0.11214401
0.0,0.08544973
0.0,0.1087054
0.0,0.10904004
0.0,0.11271811
0.0,0.09406331
0.0,0.10952023
0.0,0.092616074
0.0,0.08819443
0.0,0.103363946
0.0,0.11870157
0.0,0.12610923
0.0,0.123240225
0.0,0.13575403
0.0,0.12674543
0.0,0.138271
0.0,0.14374448
0.0,0.14979517
0.0,0.15080513
0.0,0.14565627
0.0,0.110563524
0.0,0.092727154
0.0,-0.0114470115
0.0,-0.017413147
0.0,0.017130494
0.0,0.019910626
0.0,0.058194634
0.0,0.057614177
0.0,0.038303718
0.0,0.038083658
0.0,0.06488612
0.0,0.07562359
0.0,0.03835319
0.0,-0.028523194
0.0,-0.0114470115
0.0,-0.017413147
0.0,0.017130494
0.0,0.019910626
0.0,0.058194634
0.0,0.057614177
0.0,0.038303718
0.0,0.038083658
0.0,0.06532313
0.0,0.064593844
0.0,0.08896885
0.0,0.54868484
0.0,0.04473178
0.0,0.2634777
0.0,0.09802139
0.0,-0.03283414
0.0,-0.0114470115
0.0,-0.017413147
0.0,-0.0114470115
0.0,-0.017413147
0.0,-0.0114470115
0.0,-0.017413147
0.0,-0.0114470115
0.0,-0.017413147
0.0,-0.0114470115
0.0,-0.017413147
0.0,-0.0114470115
0.0,-0.017413147
0.0,0.017130494
0.0,0.019910626
0.0,0.058194634
0.0,0.057614177
0.0,0.029407052
0.0,0.036193892
0.0,0.08572851
0.0,0.08985317
0.0,0.08666395
0.0,0.11468833
0.0,0.0460055
0.0,0.10187808
0.0,0.113839656
0.0,0.40960097
0.0,0.17797005
1.0,0.23003736
0.0,0.023714779
0.0,0.39741087
0.0,0.022911098
0.0,0.036820326
0.0,-0.04812814
0.0,-0.0114470115
0.0,-0.017413147
0.0,-0.0114470115
0.0,-0.017413147
0.0,0.017130494
0.0,0.019910626
0.0,0.058194634
0.0,0.023656162
0.0,0.00017076283
0.0,0.009185069
0.0,-0.012325018
0.0,-0.025080832
0.0,-0.016345734
7.0,0.97836334
0.0,0.10351794
4.0,2.1996717
0.0,0.10375424
0.0,1.5131513
0.0,0.05607597
0.0,-0.0114470115
0.0,-0.017413147
0.0,0.017130494
0.0,0.019910626
0.0,0.035942726
0.0,0.025723023
0.0,0.014758762
0.0,-0.028042216
0.0,-0.0114470115
0.0,-0.017413147
0.0,0.013804481
0.0,0.01909547
0.0,-0.012141361
0.0,-0.0114470115
0.0,-0.017413147
0.0,0.017130494
0.0,0.019910626
0.0,0.04850194
0.0,0.020187303
0.0,0.018565044
0.0,-0.026490252
0.0,-0.0114470115
0.0,-0.017413147
0.0,0.017130494
0.0,0.019910626
0.0,0.058194634
0.0,0.023656162
0.0,-0.025260536
0.0,-0.0114470115
0.0,-0.017413147
0.0,-0.0114470115
0.0,-0.017413147
0.0,0.017130494
0.0,0.019910626
0.0,0.04850194
0.0,0.020187303
0.0,0.021815946
0.0,0.033370465
0.0,0.056539115
0.0,0.064409025
0.0,0.07354629
0.0,-0.0071386765
0.0,-0.0039577913
0.0,-0.008562359
0.0,-0.017670749
0.0,0.0139142955
0.0,0.013585943
0.0,0.4685549
0.0,0.40371782
0.0,4.2324905
0.0,3.1306973
2.0,2.2641876
0.0,0.017906234
3.0,1.5362706
0.0,0.022483064
0.0,0.078486785
0.0,0.014359125
2.0,1.9466677
0.0,0.015943715
0.0,0.056093853
0.0,0.012821246
0.0,0.058652587
0.0,0.012918926
0.0,0.050413642
0.0,0.014056256
0.0,-0.024096532
0.0,-0.021118404
0.0,-0.024696926
0.0,-0.0114470115
0.0,-0.017413147
0.0,0.013804481
0.0,0.01909547
0.0,0.02492466
0.0,0.026518954
0.0,-0.0147979
0.0,-0.0114470115
0.0,-0.017413147
0.0,0.017130494
0.0,0.019910626
0.0,0.04850194
0.0,0.020187303
0.0,0.0176499
0.0,-0.024512002
0.0,-0.0114470115
0.0,-0.017413147
0.0,-0.0114470115
0.0,-0.017413147
0.0,-0.0114470115
0.0,-0.017413147
0.0,-0.0114470115
0.0,-0.017413147
0.0,0.017130494
0.0,0.019910626
0.0,0.05236139
0.0,0.01939773
0.0,0.011335804
0.0,0.017516704
0.0,0.098039776
0.0,-0.0017686024
0.0,0.0050373133
0.0,0.0019039258
0.0,-0.0020236953
0.0,-0.0044392254
0.0,-0.04659125
0.0,1.3558893
0.0,0.85546213
8.0,5.0510035
0.0,0.018635467
3.0,1.1827022
0.0,0.021086842
7.0,0.082272194
0.0,0.008066561
0.0,-0.0114470115
0.0,-0.017413147
0.0,0.017130494
0.0,0.019910626
0.0,0.035942726
0.0,0.025723023
0.0,0.016340693
0.0,0.0034139394
0.0,-0.0191188
0.0,-0.07393962
0.0,-0.07727886
0.0,-0.08097307
0.0,-0.086452655
8.0,5.910032
0.0,0.12318523
6.0,1.8426639
0.0,0.052014064
0.0,0.19707698
0.0,0.042634573
0.0,0.01921273
0.0,0.089379735
0.0,-0.0114470115
0.0,-0.017413147
0.0,-0.0114470115
0.0,-0.017413147
0.0,0.013804481
0.0,0.01909547
0.0,-0.012141361
0.0,-0.0114470115
0.0,-0.017413147
0.0,-0.0114470115
0.0,-0.017413147
0.0,0.013804481
0.0,0.01909547
0.0,0.04418195
0.0,0.03765988
0.0,0.030388057
0.0,0.026406808
0.0,-0.02362708
0.0,-0.0114470115
0.0,-0.017413147
0.0,0.013804481
0.0,0.012498517
0.0,0.008281883
0.0,0.004250933
0.0,0.0056200502
0.0,0.0042346194
0.0,-2.8473138e-05
0.0,1.7225742e-06
0.0,-0.019639626
0.0,-0.022751303
0.0,-0.0279743
0.0,-0.035859358
0.0,-0.038838625
0.0,0.01968801
0.0,0.2912755
0.0,0.0156888
6.0,1.139389
0.0,0.023306757
0.0,0.04306651
0.0,0.052396804
0.0,1.0241493
0.0,0.05346252
0.0,0.07893194
0.0,0.04717563
0.0,0.07050129
0.0,0.13304988
0.0,0.17122985
0.0,0.17273636
0.0,0.16647252
0.0,0.16520339
0.0,0.17935917
0.0,0.07332952
0.0,0.07837112
0.0,0.065802485
0.0,0.058116257
0.0,0.060060285
0.0,0.061062925
0.0,0.05339539
0.0,0.0634914
0.0,0.050615665
0.0,0.045828957
0.0,0.057357263
0.0,0.058109317
0.0,0.054443832
0.0,0.051741313
0.0,0.056496125
0.0,0.056711398
0.0,0.054812867
0.0,0.054449253
0.0,0.06147259
0.0,0.061771967
0.0,0.061416406
0.0,0.031184165
0.0,-0.009085768
0.0,-0.0114470115
0.0,-0.017413147
0.0,-0.0114470115
0.0,-0.017413147
0.0,0.017130494
0.0,0.019910626
0.0,0.035942726
0.0,0.025723023
0.0,0.02152511
0.0,0.0036308316
0.0,0.0016819417
0.0,-0.023039784
0.0,-0.022168718
0.0,-0.019607631
0.0,-0.046693236
0.0,1.2639731
0.0,0.10530142
5.0,3.8012526
0.0,0.015403334
0.0,0.06637332
0.0,0.030976975
1.0,1.1947926
0.0,0.014630329
0.0,0.0647587
0.0,0.03268764
0.0,0.042269386
0.0,0.041122634
0.0,0.05649975
0.0,0.04919013
0.0,0.052556902
0.0,0.056962844
0.0,0.08829634
0.0,0.13540278
0.0,0.19510108
0.0,0.15043253
0.0,0.15232103
0.0,0.09273387
0.0,0.044916905
0.0,0.04211628
0.0,0.05337999
0.0,0.059393067
0.0,0.050164424
0.0,0.04722346
0.0,0.054826573
0.0,0.05249456
0.0,0.039611608
0.0,0.014301571
0.0,-0.010796386
0.0,-0.011166106
0.0,-0.0114470115
0.0,-0.017413147
0.0,0.017130494
0.0,0.019910626
0.0,0.035942726
0.0,0.025723023
0.0,0.019787513
14.0,0.023304781
0.0,0.67632186
0.0,-0.0114470115
0.0,-0.017413147
0.0,0.017130494
0.0,0.019910626
0.0,0.058194634
0.0,0.057614177
0.0,0.038303718
0.0,0.038083658
0.0,0.06488612
0.0,0.07562359
0.0,0.07019756
0.0,0.08305417
0.0,0.06763538
0.0,0.107046485
0.0,0.04060695
0.0,0.021368355
0.0,0.029046906
0.0,0.010469857
0.0,0.008124571
0.0,0.015122276
0.0,0.028186126
6.0,0.10004645
0.0,0.01667472
0.0,0.122222185
0.0,0.014805728
0.0,0.95137763
0.0,0.018928051
0.0,0.06871708
0.0,0.032312047
0.0,0.043906692
0.0,0.039947357
0.0,0.04932001
0.0,0.043704897
0.0,0.043928303
0.0,0.046613134
0.0,0.05525947
0.0,0.0629997
0.0,0.17974147
0.0,0.05103569
0.0,0.056446094
0.0,0.04872529
0.0,0.04550648
0.0,0.03994386
0.0,-0.033590373
0.0,-0.011847485
0.0,-0.00042263864
0.0,-0.021629756
0.0,-0.0114470115
0.0,-0.017413147
0.0,0.013804481
0.0,0.01909547
0.0,0.02492466
0.0,0.016296286
0.0,0.010104468
0.0,0.014644971
0.0,0.0076332833
0.0,0.009953135
0.0,0.017999785
0.0,0.26974642
0.0,0.09767654
0.0,0.116022795
0.0,0.079973646
0.0,0.09606069
0.0,-0.047369953
0.0,-0.0114470115
0.0,-0.017413147
0.0,-0.0114470115
0.0,-0.017413147
0.0,0.017130494
0.0,0.019910626
0.0,0.035942726
0.0,0.025723023
0.0,0.016340693
0.0,0.0034139394
0.0,-0.0191188
0.0,-0.07393962
0.0,-0.07727886
0.0,-0.08097307
0.0,-0.086452655
7.0,5.910032
0.0,0.08124724
0.0,0.04230024
0.0,0.04855782
1.0,0.75163066
0.0,0.037253555
0.0,0.059712503
0.0,0.052226372
0.0,0.069256045
0.0,0.063530385
0.0,0.072569266
0.0,0.057067465
0.0,0.069071375
3.0,0.06970571
0.0,0.15104595
0.0,0.05587197
0.0,0.043807924
0.0,0.08872169
0.0,0.062398728
0.0,0.066029005
0.0,-0.0114470115
0.0,-0.017413147
0.0,0.013804481
0.0,0.017326714
0.0,0.013939273
0.0,0.015456101
0.0,0.0049979985
0.0,0.005012843
0.0,0.0071364474
0.0,0.015545168
0.0,0.024700193
0.0,0.057124563
0.0,0.047692124
0.0,0.297986
0.0,0.0053809164
0.0,0.02156435
0.0,0.00070283556
0.0,-0.015487893
0.0,-0.014486595
0.0,-0.026103964
8.0,0.5666032
0.0,0.07571114
3.0,0.4550044
0.0,0.042682223
4.0,0.6587007
2.0,0.030482395
0.0,0.04028318
0.0,0.02784384
0.0,-0.0114470115
0.0,-0.017413147
0.0,0.017130494
0.0,0.019910626
0.0,0.035942726
0.0,0.025723023
0.0,0.014758762
0.0,-0.0077669094
0.0,-0.0067193056
0.0,-0.045631066
0.0,-0.049245965
0.0,-0.053904284
0.0,-0.07476955
0.0,3.2233238
0.0,0.6883484
0.0,-0.07520903
0.0,-0.058890756
0.0,-0.075084224
0.0,-0.07773668
0.0,-0.07217322
0.0,2.7211795
0.0,2.1735415
0.0,-0.03829708
0.0,-0.09091534
0.0,-0.0963228
0.0,-0.08940282
0.0,-0.09725324
0.0,1.6479977
0.0,1.902421
5.0,1.7984678
0.0,0.030492198
5.0,2.046944
0.0,0.02660427
1.0,1.3874072
0.0,0.043607015
4.0,1.2264838
0.0,0.007812836
0.0,-0.0114470115
0.0,-0.017413147
0.0,0.017130494
0.0,0.019910626
0.0,0.035942726
0.0,0.025723023
0.0,0.014758762
0.0,-0.0077669094
0.0,-0.022920901
0.0,-0.05006221
0.0,-0.052608326
0.0,-0.05699937
0.0,-0.09412986
0.0,3.115632
0.0,0.21831322
0.0,-0.031037696
0.0,-0.057720166
0.0,-0.07597034
0.0,-0.07903408
0.0,-0.07336114
0.0,3.3142107
0.0,2.2886934
0.0,3.3195844
0.0,3.3032446
5.0,4.523333
0.0,0.0032106503
0.0,-0.035252176
0.0,0.051417064
0.0,-0.0114470115
0.0,-0.017413147
0.0,0.017130494
0.0,0.019910626
0.0,0.04992562
0.0,0.02844583
0.0,-0.0007812634
0.0,0.0044306633
0.0,-0.009006834
0.0,-0.017382875
0.0,-0.0255516
0.0,0.14721519
0.0,-0.022360228
8.0,4.3897715
0.0,0.23173307
0.0,0.5765275
0.0,0.10213603
0.0,-0.0114470115
0.0,-0.017413147
0.0,0.013804481
0.0,0.017326714
0.0,0.013939273
0.0,0.015456101
0.0,-0.021304848
0.0,-0.0114470115
0.0,-0.017413147
0.0,0.017130494
0.0,0.019910626
0.0,0.06014778
0.0,-0.012176826
0.0,-0.0114470115
0.0,-0.017413147
0.0,-0.0114470115
0.0,-0.017413147
0.0,0.013804481
0.0,0.017326714
0.0,0.023195196
0.0,0.010890621
0.0,0.011761888
0.0,0.008082166
0.0,0.0071549653
0.0,-0.004060259
0.0,-0.0074805315
0.0,-0.008603372
0.0,-0.0069396687
0.0,-0.0033162592
6.0,0.9801642
0.0,0.040978268
0.0,0.103345074
0.0,0.05508288
1.0,1.9199648
0.0,0.027735166
0.0,0.033762857
0.0,0.010863059
0.0,0.0042122006
0.0,0.0025664074
0.0,-0.0114470115
0.0,-0.017413147
0.0,0.017130494
0.0,0.019910626
0.0,0.06288257
0.0,0.0023861958
0.0,-0.0114470115
0.0,-0.017413147
0.0,0.013804481
0.0,0.017326714
0.0,0.023195196
0.0,0.010890621
0.0,0.011761888
0.0,0.014081335
0.0,0.017184122
0.0,0.013193398
0.0,0.011102928
0.0,0.03897063
0.0,0.024347318
0.0,0.3790399
0.0,0.14003009
0.0,0.2519189
0.0,0.10185292
0.0,0.08581451
0.0,0.21027428
0.0,0.13530235
0.0,0.098819725
0.0,0.9881656
0.0,-0.0114470115
0.0,-0.017413147
0.0,0.013804481
0.0,0.018229242
0.0,-0.015205568
0.0,-0.0114470115
0.0,-0.017413147
0.0,0.013804481
0.0,0.022335732
0.0,-0.012607875
0.0,-0.0114470115
0.0,-0.017413147
0.0,0.017130494
0.0,0.019910626
0.0,0.04992562
0.0,0.0535695
0.0,0.02940657
0.0,0.021098088
0.0,0.012962928
0.0,-0.014013647
0.0,-0.014473524
0.0,-0.01870062
0.0,-0.05904166
0.0,1.3179133
0.0,0.10578997
8.0,5.680919
0.0,0.032792922
0.0,-0.0114470115
0.0,-0.017413147
0.0,0.017130494
0.0,0.019910626
0.0,0.06014778
0.0,0.030344183
0.0,0.017774154
0.0,0.020848162
0.0,0.006212312
0.0,0.015317383
0.0,0.023275929
5.0,0.3889089
0.0,0.055460807
0.0,0.15751372
0.0,0.049561422
0.0,2.6940188
0.0,0.030250277
0.0,0.08345388
0.0,0.054410648
0.0,0.05143865
0.0,0.04557625
0.0,0.08069439
0.0,0.04617854
0.0,0.059544172
0.0,0.050176002
0.0,0.0704849
0.0,0.056063253
0.0,0.06365998
0.0,0.05076996
0.0,0.0688868
0.0,0.048507005
0.0,0.052925635
0.0,0.05849411
0.0,0.061871774
0.0,0.05597905
0.0,0.04219605
0.0,0.1346608
0.0,0.12546678
0.0,0.1375104
0.0,0.13427417
0.0,0.17526074
0.0,0.16793595
0.0,0.15916392
4.0,0.19880645
0.0,0.1827671
0.0,0.20707653
0.0,0.049398385
0.0,0.12212189
0.0,0.045530498
0.0,0.056235816
0.0,0.060348436
0.0,-0.004797952
0.0,-0.0047829044
0.0,0.008788345
0.0,0.005320905
0.0,-0.0114470115
0.0,-0.017413147
0.0,-0.0114470115
0.0,-0.017413147
0.0,0.013804481
0.0,0.017326714
0.0,-0.015021404
0.0,-0.0114470115
0.0,-0.017413147
0.0,0.017130494
0.0,0.019910626
0.0,0.05765182
0.0,0.056175828
0.0,0.048242766
0.0,0.05382862
0.0,0.08071542
0.0,0.08695461
0.0,0.057086665
0.0,0.2519153
0.0,0.14247236
0.0,0.19040102
0.0,0.13894707
0.0,0.32442197
0.0,0.07037607
0.0,0.06552591
0.0,0.06755014
0.0,-0.023041278
0.0,-0.0114470115
0.0,-0.017413147
0.0,-0.0114470115
0.0,-0.017413147
0.0,0.013804481
0.0,0.017326714
0.0,-0.015021404
0.0,-0.0114470115
0.0,-0.017413147
0.0,0.013804481
0.0,0.017326714
0.0,0.023195196
0.0,0.010890621
0.0,0.011761888
0.0,0.014081335
0.0,0.017184122
0.0,0.015764594
0.0,0.040895734
0.0,0.051690094
0.0,-0.022277215
0.0,-0.024769628
0.0,-0.026649058
0.0,-0.028399397
0.0,-0.022213303
0.0,-0.04501983
0.0,1.5842288
0.0,1.4807583
8.0,4.3133187
0.0,0.045635346
6.0,0.4317703
0.0,0.036629654
0.0,0.64111966
0.0,0.028287226
0.0,0.10494829
0.0,0.027961357
5.0,0.6000797
0.0,0.01858508
0.0,0.06555428
0.0,0.02305017
0.0,0.046725154
0.0,0.028629335
0.0,0.050651938
0.0,-0.0114470115
0.0,-0.017413147
0.0,0.013804481
0.0,0.018229242
0.0,0.02921539
0.0,0.024853554
0.0,0.012325474
0.0,0.011082739
0.0,0.0061189886
0.0,0.01149727
0.0,-0.025188442
0.0,-0.0114470115
0.0,-0.017413147
0.0,-0.0114470115
0.0,-0.017413147
0.0,0.017130494
0.0,0.019910626
0.0,0.06288257
0.0,0.058446992
0.0,0.031761736
0.0,0.0018567323
0.0,-0.029845346
0.0,-0.06324996
0.0,-0.06502847
0.0,-0.06694278
0.0,-0.077018395
0.0,6.287695
0.0,0.52892065
0.0,-0.0289605
0.0,-0.05020736
0.0,-0.055075612
0.0,-0.05050937
0.0,0.017533423
8.0,2.0311515
0.0,0.050590254
3.0,1.51822
0.0,0.055459946
1.0,0.39845672
0.0,0.02397423
0.0,-0.0114470115
0.0,-0.017413147
0.0,-0.0114470115
0.0,-0.017413147
0.0,-0.0114470115
0.0,-0.017413147
0.0,0.017130494
0.0,0.019910626
0.0,0.035942726
0.0,0.025723023
0.0,0.02152511
0.0,0.026625423
0.0,0.043659806
0.0,-0.025614196
0.0,-0.0114470115
0.0,-0.017413147
0.0,-0.0114470115
0.0,-0.017413147
0.0,0.017130494
0.0,0.019910626
0.0,0.05765182
0.0,0.056175828
0.0,0.039304405
0.0,-0.008778947
0.0,-0.040333163
0.0,-0.06942962
0.0,-0.07100654
0.0,-0.07376017
0.0,-0.007995252
3.0,6.579764
0.0,0.04543031
0.0,0.008965163
0.0,0.07229826
0.0,-0.030228542
0.0,0.07987349
0.0,-0.0021748766
6.0,0.04782636
0.0,0.03339205
5.0,1.6653397
0.0,0.016697468
0.0,-0.0114470115
0.0,-0.017413147
0.0,0.013804481
0.0,0.022335732
0.0,0.03333348
0.0,0.025698982
0.0,0.023513746
0.0,0.022280738
0.0,-0.010081846
0.0,-0.016384061
0.0,0.0054845493
0.0,0.0034212857
0.0,-0.01870399
0.0,-0.034342557
0.0,-0.039629795
0.0,-0.00093447114
8.0,2.3581977
0.0,0.058813646
0.0,0.06791094
0.0,0.0595367
0.0,0.06435104
0.0,0.06120719
0.0,0.050058916
0.0,0.054284215
0.0,0.083056495
3.0,0.03956388
0.0,0.039248448
0.0,0.093024656
0.0,0.09091174
0.0,0.0901856
0.0,0.09084851
0.0,0.07610614
3.0,0.072657116
0.0,0.026498662
0.0,0.06665156
0.0,0.008858971
0.0,1.3537966
0.0,0.023389643
0.0,0.26888597
0.0,0.013608437
0.0,0.13857038
0.0,0.39512685
0.0,0.12600859
0.0,0.1383613
0.0,0.10652211
0.0,0.18049629
0.0,0.1728219
0.0,0.14940716
0.0,0.1074312
0.0,0.20920525
0.0,0.1740484
0.0,0.09412976
0.0,0.19863664
0.0,0.068584315
0.0,0.0422362
0.0,0.03393456
0.0,0.032198634
0.0,0.048526585
0.0,-0.0114470115
0.0,-0.017413147
0.0,0.013804481
0.0,0.019744247
0.0,0.034952246
0.0,0.032778535
0.0,0.02420432
0.0,0.02250695
0.0,0.032916542
0.0,0.046153158
0.0,-0.021704333
0.0,-0.0114470115
0.0,-0.017413147
0.0,-0.0114470115
0.0,-0.017413147
0.0,0.013804481
0.0,0.026970774
0.0,0.042454258
0.0,0.037040055
0.0,0.027924346
0.0,0.02693417
0.0,0.020497164
0.0,0.04480998
0.0,0.052526604
0.0,0.06695572
0.0,0.055066388
0.0,0.21052186
0.0,0.121669695
0.0,0.110692464
0.0,0.08685194
0.0,0.08901276
0.0,0.11677994
0.0,0.12429619
0.0,0.110115096
0.0,0.10885372
0.0,0.11209568
0.0,0.13092443
0.0,-0.023265896
0.0,-0.0114470115
0.0,-0.017413147
0.0,0.017130494
0.0,0.019910626
0.0,0.06014778
0.0,0.06335648
0.0,0.040904194
0.0,0.03904782
0.0,0.07576441
0.0,0.062078305
0.0,0.03663191
0.0,0.043973874
0.0,0.031969078
0.0,0.059366744
0.0,0.05004549
0.0,-0.03971387
0.0,-0.0114470115
0.0,-0.017413147
0.0,-0.0114470115
0.0,-0.017413147
0.0,0.017130494
0.0,0.019910626
0.0,0.06014778
0.0,0.06335648
0.0,0.044260427
0.0,0.043285504
0.0,0.067753755
0.0,0.010736298
0.0,0.011559258
0.0,0.0003112793
0.0,-0.007034841
0.0,-0.012445218
0.0,-0.04094445
0.0,0.40969318
0.0,0.31436908
7.0,3.93312
0.0,0.019577663
0.0,0.17866409
0.0,0.034268256
0.0,0.6398615
0.0,0.015088889
0.0,0.029331384
0.0,0.022918088
0.0,0.029158419
0.0,0.035876457
0.0,0.07478265
0.0,0.05349287
0.0,0.038820792
0.0,0.0337124
0.0,0.015437786
0.0,0.004038322
0.0,-0.009083893
0.0,-0.0057734097
0.0,-0.0114470115
0.0,-0.017413147
0.0,0.017130494
0.0,0.019910626
0.0,0.05765182
0.0,-0.0005424335
0.0,-0.0114470115
0.0,-0.017413147
0.0,0.013804481
0.0,0.019744247
0.0,0.012818738
0.0,0.01305349
0.0,-0.0015251874
0.0,-0.0114470115
0.0,-0.017413147
0.0,-0.0114470115
0.0,-0.017413147
0.0,-0.0114470115
0.0,-0.017413147
0.0,-0.0114470115
0.0,-0.017413147
0.0,0.013804481
0.0,0.018229242
0.0,-0.015205568
0.0,-0.0114470115
0.0,-0.017413147
0.0,0.017130494
0.0,0.019910626
0.0,0.06014778
0.0,0.06335648
0.0,0.040904194
0.0,0.03904782
0.0,0.110008046
0.0,-0.0014815151
0.0,-0.00039094835
0.0,-0.017163526
0.0,-0.024626376
0.0,-0.032209046
0.0,-0.026391534
8.0,3.1967733
0.0,0.032682955
1.0,1.3571416
0.0,0.06527259
1.0,0.38722748
0.0,0.02384453
0.0,0.5177952
0.0,0.038043987
0.0,-0.0114470115
0.0,-0.017413147
0.0,-0.0114470115
0.0,-0.017413147
0.0,0.013804481
0.0,0.019744247
0.0,-0.013745433
0.0,-0.0114470115
0.0,-0.017413147
0.0,-0.0114470115
0.0,-0.017413147
0.0,-0.0114470115
0.0,-0.017413147
0.0,0.017130494
0.0,0.019910626
0.0,0.06014778
0.0,0.030344183
0.0,0.016216971
0.0,0.01925919
0.0,0.0049387217
0.0,0.014633647
0.0,0.021310017
0.0,0.43354177
0.0,0.02263303
8.0,4.9643927
0.0,0.21186021
0.0,0.705512
0.0,0.080320366
0.0,0.1621389
0.0,0.04435474
0.0,0.40720195
0.0,0.050608847
0.0,0.43274707
5.0,0.12716843
0.0,0.050446954
0.0,0.15962058
0.0,0.06396212
6.0,1.6036459
0.0,0.029348863
0.0,0.049827483
0.0,0.065571025
0.0,0.0585144
0.0,0.062632926
0.0,-0.0114470115
0.0,-0.017413147
0.0,0.017130494
0.0,0.019910626
0.0,0.04769985
0.0,0.0084474785
0.0,-0.01711271
0.0,-0.0042756316
0.0,-0.031985644
0.0,-0.049531076
0.0,-0.004773
0.0,5.963162
0.0,0.009278392
8.0,5.8311105
0.0,0.20600118
1.0,1.9859684
0.0,0.05060672
10.0,0.836082
0.0,0.020548232
0.0,0.7970497
0.0,0.06423585
0.0,0.11615594
0.0,0.06433204
0.0,0.18720388
0.0,-0.0114470115
0.0,-0.017413147
0.0,0.017130494
0.0,0.019910626
0.0,0.04992562
0.0,0.0535695
0.0,0.03981877
0.0,0.041408606
0.0,0.060201284
0.0,0.06433607
0.0,0.05563697
0.0,0.085145324
0.0,0.07765671
0.0,0.5763521
0.0,0.20655331
0.0,0.18312904
0.0,0.10315154
0.0,0.08882129
0.0,0.0939627
0.0,0.100690335
0.0,0.120156944
0.0,0.15580805
0.0,0.11269713
0.0,0.011985646
0.0,0.01041362
0.0,0.020563534
0.0,0.008632959
0.0,0.011986989
0.0,0.059762076
0.0,0.5658568
0.0,1.5579842
7.0,2.8544853
2.0,0.021903392
0.0,0.027467256
0.0,0.03709771
4.0,0.056611285
0.0,0.025141299
0.0,0.017768227
0.0,0.031924035
0.0,-0.0114470115
0.0,-0.017413147
0.0,0.017130494
0.0,0.019910626
0.0,0.050650597
0.0,0.0418202
0.0,0.030184388
0.0,0.007896483
0.0,-0.0011235743
0.0,-0.022463532
0.0,-0.021660078
0.0,-0.019642057
0.0,-0.045057017
0.0,0.7844091
0.0,0.07362016
8.0,3.8020735
0.0,0.0883848
0.0,0.94478756
0.0,0.08316887
10.0,0.6449455
0.0,0.056584258
0.0,-0.0114470115
0.0,-0.017413147
0.0,0.013804481
0.0,0.019744247
0.0,0.034952246
0.0,0.032778535
0.0,0.02420432
0.0,0.022323927
0.0,-0.0038862033
0.0,-0.0114470115
0.0,-0.017413147
0.0,0.017130494
0.0,0.019910626
0.0,0.050650597
0.0,0.01647518
0.0,0.011308269
0.0,0.019895883
0.0,-0.00490503
0.0,-0.019202244
0.0,-0.013332065
0.0,4.7363443
0.0,0.04175626
0.0,-0.07671472
0.0,-0.075511366
0.0,-0.0114470115
0.0,-0.017413147
0.0,0.017130494
0.0,0.019910626
0.0,0.04992562
0.0,0.02844583
0.0,0.0071509625
0.0,0.010668358
0.0,0.000900197
0.0,-0.002921587
0.0,-0.0074189245
0.0,0.12710026
0.0,-0.022074409
8.0,4.685689
0.0,0.13833936
0.0,0.09113142
0.0,0.16532013
2.0,0.23620367
0.0,0.057416335
0.0,0.09667912
0.0,0.043075096
0.0,0.08901559
0.0,0.07876627
0.0,0.10555588
0.0,0.120859526
0.0,0.15512778
0.0,0.13568108
0.0,0.1541529
0.0,0.0036462082
0.0,0.00992071
0.0,-0.0114470115
0.0,-0.017413147
0.0,0.013804481
0.0,0.019744247
0.0,0.034952246
0.0,0.032778535
0.0,0.02420432
0.0,0.021959933
0.0,0.020403333
0.0,0.027165046
0.0,-0.013579533
0.0,-0.0114470115
0.0,-0.017413147
0.0,-0.0114470115
0.0,-0.017413147
0.0,-0.0114470115
0.0,-0.017413147
0.0,0.013804481
0.0,0.022335732
0.0,0.03333348
0.0,0.025698982
0.0,0.023513746
0.0,0.020226795
0.0,0.020105278
0.0,0.022104628
0.0,-0.0139814755
0.0,-0.0114470115
0.0,-0.017413147
0.0,0.013804481
0.0,0.019744247
0.0,-0.013745433
0.0,-0.0114470115
0.0,-0.017413147
0.0,0.013804481
0.0,0.017326714
0.0,0.023195196
0.0,0.010890621
0.0,0.011761888
0.0,0.0083491905
0.0,0.0030058413
0.0,0.0004836887
0.0,-0.030910833
0.0,-0.04094032
0.0,-0.042264014
0.0,-0.050445735
0.0,-0.062323112
0.0,0.36682737
8.0,3.71418
0.0,0.056312952
7.0,0.8240908
0.0,0.036164075
4.0,1.0173916
0.0,0.05106827
0.0,0.07559299
0.0,0.032108225
0.0,-0.0114470115
0.0,-0.017413147
0.0,0.013804481
0.0,0.019744247
0.0,-0.013745433
0.0,-0.0114470115
0.0,-0.017413147
0.0,0.017130494
0.0,0.019910626
0.0,0.04992562
0.0,0.0535695
0.0,0.02971096
0.0,-0.00063365395
0.0,-0.030805048
0.0,-0.063067496
0.0,-0.06428474
0.0,-0.06745433
0.0,0.002756144
8.0,6.2640176
0.0,0.27061537
6.0,2.191509
0.0,0.29452485
0.0,-0.0114470115
0.0,-0.017413147
0.0,0.017130494
0.0,0.019910626
0.0,0.06288257
0.0,0.058446992
0.0,0.032401316
0.0,-0.00061333773
0.0,-0.010161212
0.0,-0.037533294
0.0,-0.02952226
0.0,-0.03455524
0.0,-0.07186698
8.0,5.088427
0.0,0.135801
6.0,2.0230143
0.0,0.024645882
3.0,0.5044498
0.0,0.024550077
0.0,-0.0114470115
0.0,-0.017413147
0.0,-0.0114470115
0.0,-0.017413147
0.0,0.017130494
0.0,0.019910626
0.0,0.035942726
0.0,0.025723023
0.0,0.014758762
0.0,0.017957557
0.0,0.035904374
0.0,0.038287807
0.0,0.06315899
0.0,0.11401759
0.0,0.06066364
0.0,0.18547
0.0,0.1791413
0.0,0.15711781
0.0,0.08332304
0.0,0.078948915
0.0,0.11660196
0.0,0.13053583
0.0,0.08452831
0.0,0.075932816
0.0,0.10043357
0.0,-0.031692073
0.0,-0.0114470115
0.0,-0.017413147
0.0,0.017130494
0.0,0.019910626
0.0,0.035942726
0.0,0.025723023
0.0,0.016598446
0.0,0.019563654
0.0,0.070750326
0.0,-0.031028373
0.0,-0.0114470115
0.0,-0.017413147
0.0,0.017130494
0.0,0.019910626
0.0,0.058194634
0.0,0.057614177
0.0,0.03857112
0.0,0.012369628
0.0,-0.0013244569
0.0,-0.019281633
0.0,-0.014120219
0.0,-0.011116784
0.0,-0.039994422
5.0,1.3084966
0.0,0.026488073
0.0,0.04829903
0.0,0.032146677
0.0,1.9814124
0.0,0.022094902
0.0,0.044727143
0.0,0.04235506
0.0,-0.0023079454
0.0,-0.013597342
0.0,-0.0114470115
0.0,-0.017413147
0.0,0.013804481
0.0,0.019744247
0.0,-0.013745433
0.0,-0.0114470115
0.0,-0.017413147
0.0,0.017130494
0.0,0.019910626
0.0,0.06288257
1.0,0.058446992
0.0,0.02572847
0.0,0.099623226
0.0,0.045774218
0.0,0.08903411
0.0,0.04661108
0.0,0.15429036
0.0,0.027810302
0.0,-0.027122512
0.0,-0.0114470115
0.0,-0.017413147
0.0,-0.0114470115
0.0,-0.017413147
0.0,-0.0114470115
0.0,-0.017413147
0.0,0.017130494
0.0,0.019910626
0.0,0.04992562
0.0,0.02844583
0.0,-0.0007812634
0.0,0.0044306633
0.0,-0.009006834
0.0,-0.017382875
0.0,-0.0255516
0.0,0.14721519
0.0,-0.022360228
8.0,4.3897715
0.0,0.26714462
0.0,1.8265167
0.0,0.10022879
0.0,-0.0114470115
0.0,-0.017413147
0.0,0.013804481
0.0,0.017326714
0.0,-0.015021404
0.0,-0.0114470115
0.0,-0.017413147
0.0,0.017130494
0.0,0.019910626
0.0,0.050650597
0.0,0.01647518
0.0,0.011308269
0.0,0.019895883
0.0,-0.00490503
0.0,-0.019202244
0.0,-0.013332065
8.0,4.7363443
0.0,0.50711757
5.0,1.9735861
0.0,0.0390122
0.0,0.18732189
0.0,0.051412962
4.0,1.3643833
0.0,0.0250593
1.0,0.19419134
0.0,0.027518578
0.0,0.083464265
0.0,0.045474056
0.0,0.09133569
0.0,0.053255863
0.0,0.027621072
0.0,-0.0114470115
0.0,-0.017413147
0.0,-0.0114470115
0.0,-0.017413147
0.0,0.017130494
0.0,0.019910626
0.0,0.10681855
0.0,0.079424605
0.0,0.055796433
0.0,0.058229744
0.0,0.06434364
0.0,0.058279548
0.0,0.073536515
0.0,0.006722042
0.0,0.0010126203
0.0,-0.0030365689
0.0,-0.030581417
0.0,-0.029540982
0.0,0.00020924209
0.0,3.1930797
0.0,3.1045623
0.0,0.06594221
0.0,0.026356373
0.0,0.03299895
0.0,0.036910307
0.0,0.03584935
5.0,0.034935806
0.0,0.0010857284
0.0,1.8202668
0.0,0.037477262
0.0,0.041970875
0.0,0.056562394
0.0,0.08622725
0.0,0.056543548
0.0,0.13805264
0.0,0.12478634
0.0,0.1798391
8.0,0.18595551
0.0,0.06433475
4.0,0.4320532
0.0,0.058338013
0.0,-0.0114470115
0.0,-0.017413147
0.0,0.017130494
0.0,0.019910626
0.0,0.06288257
0.0,-0.009385167
0.0,-0.0114470115
0.0,-0.017413147
0.0,-0.0114470115
0.0,-0.017413147
0.0,0.013804481
0.0,0.022335732
0.0,0.02008215
0.0,0.024450472
0.0,-0.026277438
0.0,-0.0114470115
0.0,-0.017413147
0.0,-0.0114470115
0.0,-0.017413147
0.0,-0.0114470115
0.0,-0.017413147
0.0,-0.0114470115
0.0,-0.017413147
0.0,0.017130494
0.0,0.019910626
0.0,0.06014778
0.0,0.06335648
0.0,0.037816606
0.0,0.03505712
0.0,0.057141308
0.0,0.04328976
0.0,0.033067673
0.0,0.046898957
0.0,0.04712474
0.0,0.095954955
0.0,0.07353064
0.0,0.13695541
0.0,0.1169069
0.0,0.12538713
0.0,0.38877553
0.0,-0.0114470115
0.0,-0.017413147
0.0,0.017130494
0.0,0.019910626
0.0,0.06014778
0.0,-0.012176826
0.0,-0.0114470115
0.0,-0.017413147
0.0,0.017130494
0.0,0.019910626
0.0,0.050650597
0.0,0.01647518
0.0,0.011308269
0.0,0.019895883
0.0,-0.00490503
0.0,-0.019202244
0.0,-0.013332065
0.0,4.7363443
0.0,0.04175626
8.0,4.4773254
0.0,0.3465035
3.0,2.103163
0.0,0.025930567
0.0,0.1311018
0.0,0.07051573
0.0,-0.0114470115
0.0,-0.017413147
0.0,-0.0114470115
0.0,-0.017413147
0.0,0.013804481
0.0,0.01909547
0.0,-0.012141361
0.0,-0.0114470115
0.0,-0.017413147
0.0,0.017130494
0.0,0.019910626
0.0,0.06288257
0.0,0.0023861958
0.0,-0.0114470115
0.0,-0.017413147
0.0,0.017130494
0.0,0.019910626
0.0,0.06014778
0.0,0.06335648
0.0,0.041020215
0.0,0.039869055
0.0,0.06569439
0.0,0.056645963
0.0,0.054202545
0.0,0.044968
0.0,0.05851957
0.0,0.14190707
0.0,0.06832135
0.0,0.12415907
0.0,0.090678535
0.0,0.08606467
0.0,0.3932956
3.0,0.51227885
0.0,0.030713243
0.0,3.548868
0.0,0.030390693
0.0,-0.0114470115
0.0,-0.017413147
0.0,-0.0114470115
0.0,-0.017413147
0.0,-0.0114470115
0.0,-0.017413147
0.0,-0.0114470115
0.0,-0.017413147
0.0,0.013804481
0.0,0.025485156
0.0,0.028142884
0.0,0.01932637
0.0,0.02274492
0.0,0.05172723
0.0,0.059454672
0.0,0.05412313
0.0,0.07044171
0.0,0.070930384
0.0,0.052949194
0.0,0.06462513
0.0,0.054077152
0.0,0.07892559
0.0,0.06861748
0.0,0.19648215
0.0,0.27007508
0.0,0.39785993
6.0,0.32555893
0.0,0.50160813
6.0,3.3331149
0.0,0.02542489
0.0,-0.0114470115
0.0,-0.017413147
0.0,-0.0114470115
0.0,-0.017413147
0.0,0.017130494
0.0,0.019910626
0.0,0.050650597
0.0,0.0418202
0.0,0.030713776
0.0,0.040125743
0.0,0.05754046
0.0,0.0600767
0.0,0.060270082
0.0,0.036565892
0.0,0.031499118
0.0,0.13899341
0.0,0.049052957
0.0,0.111504965
0.0,0.08903672
0.0,0.0007400229
0.0,-0.001861292
0.0,-0.0020752458
0.0,-0.008996144
0.0,-0.011968648
0.0,0.03625431
1.0,2.811705
0.0,0.08650276
0.0,2.4503815
0.0,-0.023102202
0.0,0.010864782
0.0,0.060721677
0.0,-0.0106598465
0.0,0.11759758
0.0,0.0066426764
0.0,0.48909828
0.0,0.506913
0.0,1.1609783
0.0,1.0939857
7.0,1.627044
0.0,0.01834435
0.0,1.7474242
0.0,0.038192764
1.0,0.49360606
0.0,0.04125218
0.0,0.075643726
0.0,0.028746951
2.0,0.2780483
0.0,0.017504191
0.0,0.028981373
0.0,0.022281498
0.0,0.035913922
0.0,0.030610751
0.0,0.06378383
1.0,0.05499285
0.0,0.068809085
0.0,0.06044462
0.0,0.06984565
0.0,0.067086
0.0,0.07317239
0.0,0.076231405
0.0,0.090747334
1.0,0.08513377
0.0,0.12662221
0.0,0.0688543
0.0,0.13832714
0.0,0.11158235
0.0,-0.0010705545
0.0,-0.0149886245
0.0,-0.013060684
0.0,-0.01383683
0.0,-0.0114470115
0.0,-0.017413147
0.0,0.017130494
0.0,0.019910626
0.0,0.06288257
0.0,0.058446992
0.0,0.03672361
0.0,-0.0006352752
0.0,-0.020621948
0.0,-0.04683755
0.0,-0.050158978
0.0,-0.053685367
0.0,-0.0011457652
3.0,5.9891596
0.0,0.023471745
0.0,-0.034414347
0.0,0.082304135
0.0,-0.019588303
0.0,0.0834305
0.0,0.007183945
0.0,0.039959844
0.0,1.3825648
2.0,1.1471444
0.0,0.023583306
1.0,1.5880029
0.0,0.0017453476
0.0,0.027903067
0.0,-0.01678912
4.0,1.7419378
0.0,0.0074368594
0.0,0.1366156
0.0,0.0152308745
0.0,0.06174253
0.0,0.024857657
0.0,0.014181143
0.0,0.0026256843
0.0,-0.006968927
0.0,-0.0114470115
0.0,-0.017413147
0.0,0.013804481
0.0,0.019744247
0.0,0.034952246
0.0,0.032778535
0.0,0.02420432
0.0,0.020695463
0.0,0.016267838
0.0,0.010862198
0.0,-0.029422073
0.0,-0.0114470115
0.0,-0.017413147
0.0,-0.0114470115
0.0,-0.017413147
0.0,0.017130494
0.0,0.019910626
0.0,0.050650597
0.0,0.01647518
0.0,0.014595067
0.0,-0.0012782514
0.0,-0.026160887
0.0,-0.0378998
0.0,-0.024035988
8.0,5.1111856
0.0,0.34686092
0.0,0.19777656
0.0,0.17913425
0.0,-0.0114470115
0.0,-0.017413147
0.0,-0.0114470115
0.0,-0.017413147
0.0,-0.0114470115
0.0,-0.017413147
0.0,-0.0114470115
0.0,-0.017413147
0.0,0.017130494
0.0,0.019910626
0.0,0.050650597
0.0,0.0418202
0.0,0.033451505
0.0,0.012433591
0.0,0.00083590444
0.0,-0.025378939
0.0,-0.021448126
0.0,-0.020681277
0.0,-0.065770164
6.0,0.61143064
0.0,0.051666815
0.0,0.01500922
0.0,0.02828905
1.0,1.5269434
0.0,0.077814505
0.0,0.063757636
0.0,0.043882627
0.0,0.04119113
0.0,0.0594509
0.0,0.08705097
0.0,0.058518756
0.0,0.14613202
0.0,0.13464415
0.0,0.18051708
0.0,0.1631956
0.0,0.18088011
0.0,0.1900665
0.0,0.1466495
0.0,0.075161204
0.0,0.09804938
0.0,0.10688355
0.0,0.113043904
0.0,0.04699066
2.0,0.045320723
0.0,0.05346328
0.0,0.05303365
0.0,0.048561823
0.0,0.046237033
0.0,0.057383455
0.0,0.061214916
0.0,-0.009075483
0.0,0.0068909046
0.0,0.02306243
0.0,0.012877356
0.0,-0.0114470115
0.0,-0.017413147
0.0,0.017130494
0.0,0.019910626
0.0,0.050650597
0.0,0.01647518
0.0,0.011308269
0.0,0.019895883
0.0,-0.00490503
0.0,-0.019202244
0.0,-0.013332065
0.0,4.7363443
0.0,0.04175626
8.0,4.4773254
0.0,0.3465035
0.0,2.103163
0.0,0.04862082
0.0,0.9292607
0.0,0.041944176
4.0,0.93393105
0.0,0.02586369
0.0,0.114533424
0.0,0.032165527
6.0,1.4954828
0.0,0.02318686
0.0,0.020279765
0.0,0.017779853
0.0,0.0737146
0.0,0.040069
0.0,0.0476083
0.0,0.042859547
0.0,0.09067711
0.0,0.030157207
0.0,-0.0114470115
0.0,-0.017413147
0.0,-0.0114470115
0.0,-0.017413147
0.0,0.017130494
0.0,0.019910626
0.0,0.035942726
0.0,0.025723023
0.0,0.014758762
0.0,-0.0077669094
0.0,-0.0067193056
0.0,-0.045631066
0.0,-0.049245965
0.0,-0.053904284
0.0,-0.07476955
0.0,3.2233238
0.0,0.6883484
5.0,6.521607
0.0,0.020524547
0.0,-0.031994812
0.0,0.021371648
1.0,1.6017345
0.0,0.0069302707
0.0,-0.020110141
0.0,-0.010674969
0.0,-0.023973344
0.0,-0.023611045
0.0,-0.0114470115
0.0,-0.017413147
0.0,0.017130494
0.0,0.019910626
0.0,0.06493808
0.0,0.0570587
0.0,0.02797349
0.0,0.007522684
0.0,7.9137084e-05
0.0,-0.03824401
0.0,-0.040722135
0.0,-0.046413746
0.0,-0.0696114
0.0,3.3166983
0.0,0.9641822
0.0,6.8842387
0.0,5.5229697
7.0,5.4312983
0.0,0.0116827
0.0,0.050929982
0.0,0.030346109
3.0,0.48168173
0.0,0.046612907
0.0,0.018986948
0.0,0.028817248
0.0,0.027134672
0.0,0.040698625
0.0,0.111368954
0.0,0.106461085
0.0,0.1331392
0.0,0.11441733
0.0,0.1205255
0.0,0.115283
0.0,0.15288033
0.0,0.1438569
0.0,0.12413508
0.0,0.052974958
0.0,0.043748494
0.0,0.061667446
0.0,0.03929278
0.0,0.043244846
0.0,0.04062937
0.0,0.026247976
0.0,-0.0114470115
0.0,-0.017413147
0.0,-0.0114470115
0.0,-0.017413147
0.0,-0.0114470115
0.0,-0.017413147
0.0,0.013804481
0.0,0.019744247
0.0,0.034952246
0.0,0.032778535
0.0,0.02420432
0.0,0.02267394
0.0,-0.005679352
0.0,-0.0114470115
0.0,-0.017413147
0.0,-0.0114470115
0.0,-0.017413147
0.0,0.017130494
0.0,0.019910626
0.0,0.03955129
0.0,0.0356739
0.0,0.02402079
0.0,0.030794432
0.0,0.041911192
0.0,0.033411175
0.0,0.04723273
0.0,0.055631798
0.0,0.036815006
0.0,0.087951854
0.0,0.041858856
0.0,0.024473801
0.0,0.033704214
0.0,-0.007853849
0.0,-0.011244154
0.0,-0.009808768
0.0,0.07583699
4.0,2.3217134
0.0,0.024647022
0.0,0.089241
0.0,0.002774459
0.0,3.1090674
0.0,0.029929575
0.0,0.0671809
0.0,0.017273746
0.0,0.023270609
0.0,0.022301154
0.0,0.024013748
0.0,0.017866515
0.0,-0.022173101
0.0,-0.024552507
0.0,-0.028531527
0.0,-0.034542553
0.0,-0.0114470115
0.0,-0.017413147
0.0,0.017130494
0.0,0.019910626
0.0,0.03955129
0.0,0.010893432
0.0,-0.0074851927
0.0,-0.0013403147
0.0,-0.022489928
0.0,-0.041896068
0.0,-0.032303434
0.0,2.0653834
0.0,-0.027891314
0.0,-0.09179846
0.0,-0.08730989
0.0,-0.055428486
0.0,-0.041991975
0.0,-0.070774846
4.0,-0.062779896
0.0,0.0059779654
0.0,-0.018849116
0.0,0.023963615
2.0,1.9004077
0.0,0.009062184
0.0,0.11456871
0.0,0.011839759
0.0,0.03259427
0.0,0.029922785
0.0,0.044798706
0.0,0.03218331
0.0,0.04906119
0.0,0.024160674
0.0,0.0490924
0.0,-0.032076105
0.0,-0.030004278
0.0,-0.03888924
0.0,-0.031089803
0.0,-0.0114470115
0.0,-0.017413147
0.0,0.013804481
0.0,0.01909547
0.0,0.04418195
0.0,0.03765988
0.0,0.030388057
0.0,0.02810405
0.0,0.011035975
0.0,-0.0053924173
0.0,-0.0074108182
0.0,-0.013690462
0.0,-0.015232926
0.0,-0.05444246
0.0,0.8182645
0.0,0.36304164
8.0,1.4924788
0.0,0.033881564
2.0,0.2852738
0.0,0.029902013
0.0,-0.0114470115
0.0,-0.017413147
0.0,0.017130494
0.0,0.019910626
0.0,0.03955129
0.0,0.0356739
0.0,0.026652934
0.0,0.02940733
0.0,0.019793542
0.0,-0.008789916
0.0,-0.013265594
0.0,-0.017389588
0.0,-0.025103884
0.0,-0.027764577
0.0,-0.10579275
6.0,0.7664472
0.0,0.019692544
0.0,0.004917012
0.0,0.028291153
1.0,1.8393145
0.0,0.017421938
0.0,0.07451243
0.0,0.030235788
0.0,0.057022803
0.0,0.04415006
0.0,0.150699
0.0,0.063943066
0.0,0.100922406
0.0,0.05028939
0.0,-0.007413934
0.0,-0.008116516
0.0,-0.0114470115
0.0,-0.017413147
0.0,-0.0114470115
0.0,-0.017413147
0.0,0.017130494
0.0,0.019910626
0.0,0.03955129
0.0,0.0356739
0.0,0.027939698
0.0,0.030591829
0.0,0.043798223
0.0,0.042299204
0.0,0.041861236
0.0,0.044752095
0.0,0.03248367
0.0,0.06581386
0.0,0.048875358
0.0,0.09450685
0.0,0.055845704
0.0,0.05486424
0.0,0.11820608
0.0,0.13631646
0.0,0.11026446
0.0,0.124929085
0.0,0.13024144
1.0,0.1259374
0.0,0.046274193
0.0,0.12147768
0.0,0.038285986
2.0,0.6460007
0.0,0.030182995
0.0,1.4105862
0.0,0.02690904
0.0,2.128117
0.0,0.02571973
0.0,1.364796
0.0,0.022907475
1.0,0.8221067
0.0,0.048259992
1.0,0.43759054
0.0,0.028821174
0.0,2.8964906
0.0,0.02305174
3.0,3.1357741
0.0,0.04260876
0.0,-0.0114470115
0.0,-0.017413147
0.0,0.017130494
0.0,0.019910626
0.0,0.039557952
0.0,0.04592897
0.0,0.027578337
0.0,0.02478954
0.0,0.045854367
0.0,0.034378402
0.0,0.02523941
0.0,0.018091816
0.0,0.107654095
0.0,0.874283
0.0,0.6199667
0.0,0.059969343
0.0,0.058568534
0.0,0.014373944
0.0,0.015975077
0.0,0.04231696
0.0,0.033690766
7.0,1.757851
0.0,0.034990825
0.0,0.8972561
0.0,0.036729943
3.0,0.41134596
0.0,0.020206504
0.0,0.064362384
0.0,0.01986817
2.0,0.1447867
0.0,0.032086514
0.0,0.11197061
0.0,0.0045348285
0.0,0.049496118
0.0,0.043308225
0.0,-0.0114470115
0.0,-0.017413147
0.0,0.013804481
0.0,0.016121775
0.0,0.013068689
0.0,0.016380489
0.0,-0.020563837
0.0,-0.0114470115
0.0,-0.017413147
0.0,-0.0114470115
0.0,-0.017413147
0.0,0.013804481
0.0,0.016121775
0.0,0.022384193
0.0,0.014541085
0.0,0.013645548
0.0,0.012271112
0.0,-0.010672614
0.0,-0.027466064
0.0,-0.035256483
0.0,-0.04273595
0.0,-0.043382525
0.0,-0.03394816
6.0,4.2792177
0.0,0.01432062
0.0,-0.0019845068
0.0,0.049276058
0.0,0.02454615
0.0,0.047791705
0.0,1.4304084
0.0,0.03777595
0.0,1.1884067
0.0,0.31054282
0.0,1.318695
0.0,0.5496431
0.0,0.5137024
8.0,1.1314638
0.0,0.049323987
5.0,0.51264876
0.0,0.068415605
0.0,0.084630854
0.0,0.03130434
0.0,-0.0114470115
0.0,-0.017413147
0.0,0.017130494
0.0,0.019910626
0.0,0.03955129
0.0,0.0356739
0.0,0.026652934
0.0,0.011135403
0.0,-0.0047571925
0.0,-0.031065157
0.0,-0.032221485
0.0,-0.032987904
0.0,-0.07505142
8.0,0.7141386
0.0,0.122029334
6.0,1.7908846
0.0,0.0358721
0.0,0.026439106
0.0,0.08547081
0.0,-0.0114470115
0.0,-0.017413147
0.0,0.013804481
0.0,0.01909547
0.0,0.04418195
0.0,0.03765988
0.0,0.030388057
0.0,0.02810405
0.0,0.011035975
0.0,-0.019436564
0.0,-0.0114470115
0.0,-0.017413147
0.0,-0.0114470115
0.0,-0.017413147
0.0,0.017130494
0.0,0.019910626
0.0,0.03955129
0.0,0.0356739
0.0,0.020034552
0.0,0.02188571
0.0,0.038448084
0.0,0.039555725
0.0,0.15664724
0.0,-0.014688187
0.0,-0.0114470115
0.0,-0.017413147
0.0,0.017130494
0.0,0.019910626
0.0,0.03955129
0.0,0.0356739
0.0,0.027939698
0.0,0.030591829
0.0,0.025288047
0.0,0.02209019
0.0,0.039430737
0.0,0.048938077
0.0,0.043742035
0.0,-0.0025350973
0.0,-0.018194817
0.0,-0.014921545
0.0,-0.023186203
0.0,-0.029122068
0.0,-0.025400875
7.0,2.2535763
0.0,0.0148216365
0.0,1.9100897
0.0,0.03265998
6.0,0.6432592
0.0,0.02777818
0.0,-0.0114470115
0.0,-0.017413147
0.0,-0.0114470115
0.0,-0.017413147
0.0,0.013804481
0.0,0.019744247
0.0,0.012818738
0.0,0.01587727
0.0,0.0041771918
0.0,0.0021832867
0.0,0.009114571
0.0,0.009210908
0.0,0.008315727
0.0,0.042342443
0.0,0.040865768
0.0,0.08383069
0.0,-0.004592332
0.0,-0.011659522
0.0,-0.0074290824
0.0,-0.026419323
0.0,-0.025389832
0.0,-0.056817614
0.0,1.6314783
0.0,0.8609726
5.0,3.7185683
0.0,0.042892147
0.0,-0.021800114
0.0,0.030571764
1.0,0.9425471
0.0,0.020210102
0.0,1.6686296
0.0,0.025039895
0.0,0.015541065
0.0,-0.008349722
0.0,-0.016127802
0.0,-0.01178494
0.0,-0.0114470115
0.0,-0.017413147
0.0,0.017130494
0.0,0.019910626
0.0,0.039557952
0.0,0.04592897
0.0,0.02833523
0.0,-0.0061062975
0.0,-0.027108429
0.0,-0.051665675
0.0,-0.0588137
0.0,-0.06478361
0.0,-0.07699851
8.0,4.963477
0.0,0.16054986
0.0,-0.0114470115
0.0,-0.017413147
0.0,0.017130494
0.0,0.019910626
0.0,0.06493808
0.0,0.024899378
0.0,0.009529736
0.0,0.016272018
0.0,-0.006709705
0.0,-0.017371805
0.0,-0.009975148
5.0,2.4723425
0.0,0.078356706
0.0,0.056066748
0.0,0.04073979
1.0,2.0442958
0.0,0.025803503
0.0,2.6772199
0.0,0.052318227
0.0,0.041261047
0.0,0.052736025
0.0,0.059324417
0.0,0.052497726
0.0,0.12491272
0.0,0.15441145
0.0,0.15901124
0.0,0.112224996
0.0,0.11718439
0.0,0.041479256
0.0,0.020265527
0.0,0.033232257
0.0,-0.0028656288
0.0,-0.011007148
0.0,-0.0114470115
0.0,-0.017413147
0.0,0.013804481
0.0,0.019744247
0.0,0.012818738
0.0,0.009312996
0.0,-0.0027235418
0.0,-0.0048011183
0.0,-0.0059747486
0.0,-0.012669989
0.0,0.0027364357
0.0,0.012483774
0.0,-0.033746038
0.0,-0.036325213
0.0,-0.039292727
0.0,-0.042256847
0.0,-0.036834106
0.0,-0.067917705
8.0,0.047823068
0.0,0.058362436
3.0,1.0808117
0.0,0.046792183
1.0,0.8138405
0.0,0.048105948
0.0,0.03418636
0.0,0.036147155
6.0,0.15886559
0.0,0.032506038
0.0,0.057857417
0.0,0.06329738
0.0,0.0590179
0.0,0.051201135
0.0,-0.0114470115
0.0,-0.017413147
0.0,0.013804481
0.0,0.012936126
0.0,-0.018704243
0.0,-0.0114470115
0.0,-0.017413147
0.0,0.017130494
0.0,0.019910626
0.0,0.03955129
0.0,0.0356739
0.0,0.020034552
0.0,0.02188571
0.0,0.047215655
0.0,-0.03503726
0.0,-0.0114470115
0.0,-0.017413147
0.0,0.017130494
0.0,0.019910626
0.0,0.03955129
0.0,0.0356739
0.0,0.020034552
0.0,0.02188571
0.0,0.04161344
0.0,0.03282606
0.0,0.025719984
0.0,0.018566664
0.0,0.016316375
0.0,-0.016711148
0.0,-0.020978648
0.0,0.003666727
0.0,0.012503761
0.0,0.010067737
0.0,0.018534645
0.0,0.38702524
0.0,0.75049406
8.0,3.1024323
0.0,0.01189825
5.0,0.57905304
0.0,0.029918378
0.0,0.28640395
0.0,0.032862663
0.0,0.36339405
0.0,0.020363234
0.0,0.088104196
0.0,0.017055942
0.0,0.15438348
0.0,0.14808346
0.0,0.082271285
0.0,0.07517944
0.0,-0.0114470115
0.0,-0.017413147
0.0,0.017130494
0.0,0.019910626
0.0,0.039557952
0.0,0.04592897
0.0,0.03020782
0.0,0.023637366
0.0,0.04759386
0.0,0.04713819
0.0,0.03411685
0.0,0.0628734
0.0,0.027726883
0.0,0.12832823
0.0,0.08167776
0.0,0.102356724
0.0,0.06481018
0.0,0.06162043
0.0,0.09673994
0.0,0.012861676
0.0,0.013493481
0.0,0.0032143234
0.0,-0.002322486
0.0,-0.00016759633
0.0,-0.0005641177
0.0,0.28870425
0.0,1.2035402
7.0,1.9545279
0.0,0.046721734
5.0,1.7809516
0.0,0.025947869
0.0,0.37387046
0.0,0.02899832
0.0,-0.0114470115
0.0,-0.017413147
0.0,0.017130494
0.0,0.019910626
0.0,0.03955129
0.0,0.0356739
0.0,0.023269039
0.0,0.022887437
0.0,0.09049908
0.0,0.10691878
0.0,0.1155636
0.0,-0.007594095
0.0,-0.0121236285
0.0,-0.022441087
0.0,-0.04305098
0.0,-0.041928697
0.0,0.033966225
8.0,1.7217437
0.0,0.019933527
2.0,1.2678202
0.0,0.031364933
4.0,0.56493616
0.0,0.016175859
0.0,-0.0114470115
0.0,-0.017413147
0.0,0.017130494
0.0,0.019910626
0.0,0.03955129
0.0,0.0356739
0.0,0.023269039
0.0,0.022887437
0.0,0.05924865
0.0,0.05664001
0.0,0.05441617
0.0,0.045765452
0.0,0.02980717
0.0,0.09197606
0.0,0.06228068
0.0,0.12530585
0.0,0.117571235
0.0,-0.027551156
0.0,-0.0114470115
0.0,-0.017413147
0.0,-0.0114470115
0.0,-0.017413147
0.0,0.017130494
0.0,0.019910626
0.0,0.03955129
0.0,0.0356739
0.0,0.020034552
0.0,0.02188571
0.0,0.015496328
0.0,0.010342918
0.0,0.0481044
0.0,0.050903283
0.0,0.03872909
0.0,0.06925673
0.0,0.03577503
0.0,0.08080028
0.0,0.07615465
1.0,0.08028528
0.0,0.030551018
0.0,0.12505767
0.0,0.027537173
0.0,0.6156065
0.0,0.05286471
3.0,0.7183051
0.0,0.029551191
0.0,3.431745
0.0,0.027325422
0.0,-0.036303908
0.0,-0.0114470115
0.0,-0.017413147
0.0,-0.0114470115
0.0,-0.017413147
0.0,-0.0114470115
0.0,-0.017413147
0.0,0.017130494
0.0,0.019910626
0.0,0.035942726
0.0,0.025723023
0.0,0.014758762
0.0,0.017957557
0.0,0.03977272
0.0,0.04081143
0.0,0.060697686
0.0,0.22482157
0.0,0.02704454
0.0,0.10294544
0.0,0.102477506
0.0,0.09997311
0.0,0.24097596
2.0,0.38947326
0.0,0.026982857
0.0,2.479734
0.0,0.011656482
6.0,1.9412454
0.0,0.034917034
0.0,1.9712665
0.0,0.029318718
1.0,1.2487375
0.0,0.028350329
0.0,-0.0114470115
0.0,-0.017413147
0.0,-0.0114470115
0.0,-0.017413147
0.0,0.013804481
0.0,-7.966906e-05
0.0,0.008256298
0.0,0.00462078
0.0,-0.0014041006
0.0,-0.00205037
0.0,-0.030782199
0.0,-0.0114470115
0.0,-0.017413147
0.0,0.017130494
0.0,0.019910626
0.0,0.03163553
0.0,0.032361344
0.0,0.019800128
0.0,0.018739758
0.0,0.0146777
0.0,0.009314921
0.0,0.016573342
0.0,0.026507149
0.0,0.053346958
0.0,0.1362586
0.0,0.048099034
0.0,0.08984306
0.0,0.08938797
0.0,0.087314345
0.0,0.080784425
0.0,0.008069779
0.0,0.0027476072
0.0,-0.011718596
0.0,-0.013556558
0.0,-0.010914888
0.0,-0.010773891
0.0,0.09690764
0.0,0.83150446
5.0,1.9699804
0.0,0.03544442
0.0,0.04270145
0.0,0.02037947
0.0,1.1752801
0.0,0.014489635
0.0,0.75670344
0.0,0.01908298
0.0,-0.010012057
0.0,-0.00085470075
0.0,-0.005711904
0.0,-0.0033477468
0.0,-0.0114470115
0.0,-0.017413147
0.0,-0.0114470115
0.0,-0.017413147
0.0,0.017130494
0.0,0.019910626
0.0,0.03955129
0.0,0.0356739
0.0,0.02402079
0.0,0.030794432
0.0,0.047846016
0.0,0.042841256
0.0,0.047266904
0.0,0.039271526
0.0,0.032949146
0.0,-0.009379417
0.0,-0.014194011
0.0,-0.0019137799
0.0,-0.0029094277
0.0,-0.009776546
0.0,-0.011152148
0.0,1.3921534
0.0,1.6918846
0.0,0.0088484585
0.0,-0.014978035
0.0,0.016020598
0.0,0.023872497
0.0,0.16541909
4.0,1.8595923
0.0,0.014869792
1.0,2.123954
0.0,0.020302285
0.0,0.09447154
0.0,0.012383434
1.0,1.8395252
0.0,0.007265438
0.0,0.20302533
0.0,-0.0018605575
0.0,0.24654728
0.0,0.09924915
0.0,0.050477907
0.0,0.03622105
0.0,0.044495966
0.0,0.0035189658
0.0,-0.027067618
0.0,-0.025693359
0.0,-0.013930761
0.0,-0.0114470115
0.0,-0.017413147
0.0,-0.0114470115
0.0,-0.017413147
0.0,0.017130494
0.0,0.019910626
0.0,0.03955129
0.0,0.0356739
0.0,0.020034552
0.0,-0.005622938
0.0,-0.013930204
0.0,-0.04626867
0.0,-0.050124146
0.0,-0.054790728
0.0,-0.08101046
0.0,3.2542872
0.0,0.63768923
6.0,6.689292
0.0,0.017832367
0.0,-0.028591514
0.0,0.0223695
1.0,1.609481
0.0,0.01460748
0.0,0.05882482
0.0,0.032251656
0.0,0.042610608
0.0,0.03096051
0.0,0.07952221
0.0,-9.80854e-05
0.0,0.0031704484
0.0,-0.0114470115
0.0,-0.017413147
0.0,0.013804481
0.0,0.012936126
0.0,-0.002828872
0.0,-0.003904873
0.0,-0.010188418
0.0,-0.011155872
0.0,-0.013904619
0.0,-0.01699289
0.0,-0.010736171
0.0,0.039129235
0.0,0.024633823
0.0,0.028480863
0.0,-0.03480456
0.0,-0.033443574
0.0,-0.042644985
0.0,-0.05375019
0.0,-0.050829515
0.0,-0.0833012
0.0,1.155423
0.0,0.6491031
0.0,3.5560744
0.0,3.40716
7.0,3.242837
0.0,0.03001745
0.0,0.041786432
0.0,0.034126498
0.0,0.24715844
0.0,0.035624556
0.0,0.044600714
0.0,0.03529752
0.0,0.05970219
0.0,0.054789815
0.0,0.062081624
2.0,0.058760982
0.0,0.13951744
0.0,0.10677067
0.0,0.113361545
0.0,0.11400201
0.0,0.119961075
0.0,0.115268104
0.0,0.12207888
0.0,0.13562244
0.0,0.11877765
0.0,0.13279815
0.0,0.14051515
0.0,0.13026276
0.0,0.12646501
0.0,0.12173811
0.0,0.10624693
0.0,0.09999477
0.0,0.11981894
0.0,0.10934285
0.0,0.094460875
0.0,0.11966538
0.0,0.06665957
0.0,-0.0064962325
0.0,-0.015272824
0.0,-0.0054772287
0.0,-0.0114470115
0.0,-0.017413147
0.0,0.013804481
0.0,0.012936126
0.0,0.014646896
0.0,0.008715921
0.0,0.003557217
0.0,0.0020706102
0.0,-0.019407026
0.0,-0.0114470115
0.0,-0.017413147
0.0,0.013804481
0.0,0.012936126
0.0,0.014646896
0.0,0.008715921
0.0,0.003557217
0.0,0.0020629345
0.0,-0.029199077
0.0,-0.0114470115
0.0,-0.017413147
0.0,0.017130494
0.0,0.019910626
0.0,0.03163553
0.0,0.032361344
0.0,0.019800128
0.0,0.018739758
0.0,0.042620942
0.0,0.042707883
0.0,0.15298638
7.0,0.7637446
0.0,0.1544262
0.0,2.974445
0.0,0.051557936
0.0,0.09539231
0.0,-0.0114470115
0.0,-0.017413147
0.0,0.017130494
0.0,0.019910626
0.0,0.06493808
0.0,0.0570587
0.0,0.037471436
0.0,-0.009345092
0.0,-0.0114470115
0.0,-0.017413147
0.0,0.017130494
0.0,0.019910626
0.0,0.03955129
0.0,0.0356739
0.0,0.027939698
1.0,0.030591829
0.0,0.022771163
0.0,0.15061843
0.0,0.034370776
0.0,0.05686919
0.0,0.045216203
0.0,0.14001562
0.0,0.026521765
0.0,0.39176312
0.0,0.21702603
1.0,0.3236482
0.0,0.026818175
0.0,0.65562326
0.0,0.082987316
0.0,0.042368867
0.0,0.090131566
0.0,0.04583182
0.0,0.0865366
0.0,1.4861631
0.0,2.3603468
0.0,0.55528116
0.0,0.15207559
0.0,0.1278645
0.0,0.21467966
0.0,0.547402
0.0,2.1334388
0.0,1.6601399
9.0,3.020307
0.0,0.045285486
0.0,0.13939358
0.0,0.043442056
6.0,0.06125185
0.0,0.025887275
0.0,-0.0114470115
0.0,-0.017413147
0.0,0.017130494
0.0,0.019910626
0.0,0.06493808
0.0,0.024899378
0.0,0.009529736
0.0,0.016272018
0.0,-0.006709705
0.0,-0.017371805
0.0,-0.009975148
8.0,2.4723425
0.0,0.5803353
3.0,2.1427498
0.0,0.15598577
0.0,0.18501678
0.0,0.06012683
0.0,0.055725046
0.0,0.020155739
2.0,0.12172459
0.0,0.019121535
0.0,0.05594566
0.0,0.03720517
0.0,0.08500022
0.0,0.08509823
0.0,0.11958183
0.0,0.0961206
0.0,0.1816223
0.0,0.051378965
2.0,0.05302197
0.0,0.029323988
0.0,0.043721188
0.0,0.033288036
0.0,0.04958716
0.0,0.052776076
0.0,0.059477597
0.0,0.04718607
0.0,0.0021571948
0.0,0.00459522
0.0,-0.0114470115
0.0,-0.017413147
0.0,-0.0114470115
0.0,-0.017413147
0.0,-0.0114470115
0.0,-0.017413147
0.0,0.017130494
0.0,0.019910626
0.0,0.06493808
0.0,0.024899378
0.0,0.009529736
0.0,0.016272018
0.0,-0.006709705
0.0,-0.017371805
0.0,-0.009975148
6.0,2.4723425
0.0,0.22738156
0.0,0.078623734
0.0,0.038941704
4.0,1.6754938
0.0,0.052581195
0.0,0.08037197
0.0,0.061726216
0.0,0.093048036
0.0,0.04953741
0.0,0.06630223
0.0,0.070888996
0.0,0.090068385
0.0,0.055907715
0.0,0.010791548
0.0,-0.016612835
0.0,0.01302104
0.0,0.07685895
0.0,-0.0114470115
0.0,-0.017413147
0.0,0.017130494
0.0,0.019910626
0.0,0.035942726
0.0,0.025723023
0.0,0.018149776
0.0,0.015185758
0.0,0.029452877
0.0,-0.018893953
0.0,-0.01678732
0.0,-0.029355703
0.0,-0.036824305
0.0,-0.041424718
0.0,-0.09540274
0.0,1.1546313
0.0,0.8851713
8.0,4.485867
0.0,0.020116702
0.0,1.4394517
0.0,0.039187297
5.0,0.27600875
0.0,0.017576817
0.0,-0.0114470115
0.0,-0.017413147
0.0,0.017130494
0.0,0.019910626
0.0,0.050650597
0.0,0.0418202
0.0,0.033451505
0.0,0.035463545
0.0,0.079133995
0.0,0.07515794
0.0,0.07300994
0.0,0.05618994
0.0,0.037620563
0.0,-0.01009317
0.0,-0.042947624
0.0,-0.0114470115
0.0,-0.017413147
0.0,0.017130494
0.0,0.019910626
0.0,0.039557952
0.0,0.04592897
0.0,0.030437304
0.0,0.032891084
0.0,0.054204747
0.0,0.042368587
0.0,0.07004972
0.0,0.080926254
0.0,0.07727718
0.0,0.19346997
0.0,0.045185678
0.0,0.018853195
0.0,0.02948781
0.0,0.006349915
0.0,0.0031133501
0.0,0.0047452613
0.0,0.031824127
0.0,0.19806056
0.0,0.29506826
7.0,0.29307538
0.0,0.046147533
0.0,0.055307955
0.0,0.034725297
3.0,0.39929283
0.0,0.025730243
0.0,0.030751167
0.0,0.028939879
0.0,0.035022642
0.0,0.027057333
0.0,0.038266174
0.0,0.019678965
0.0,0.02890981
0.0,0.032968298
0.0,0.0009160548
0.0,-0.004456654
0.0,-0.005619442
0.0,-0.00491268
0.0,-0.0114470115
0.0,-0.017413147
0.0,0.013804481
0.0,0.012936126
0.0,-0.002828872
0.0,0.003514254
0.0,-0.018196741
0.0,-0.0114470115
0.0,-0.017413147
0.0,0.013804481
0.0,0.012936126
0.0,-0.002828872
0.0,0.003514254
0.0,-0.018196741
0.0,-0.0114470115
0.0,-0.017413147
0.0,0.017130494
0.0,0.019910626
0.0,0.03955129
0.0,0.0356739
0.0,0.014297112
0.0,-0.036014974
0.0,-0.0114470115
0.0,-0.017413147
0.0,0.017130494
0.0,0.019910626
0.0,0.035942726
0.0,0.025723023
0.0,0.018149776
0.0,-0.0140292775
0.0,-0.0114470115
0.0,-0.017413147
0.0,-0.0114470115
0.0,-0.017413147
0.0,0.017130494
0.0,0.019910626
0.0,0.016883431
0.0,0.019267246
0.0,0.012274253
0.0,-0.01427102
0.0,-0.040177573
0.0,-0.03824069
0.0,-0.035986856
0.0,-0.037413806
0.0,-0.060860295
0.0,-0.021391153
0.0,-0.0346321
0.0,-0.066677175
0.0,-0.042446204
0.0,-0.05278499
0.0,-0.034659714
0.0,-0.050821256
0.0,-0.05820416
0.0,-0.057897948
0.0,-0.0573488
0.0,-0.0114470115
0.0,-0.017413147
0.0,0.017130494
0.0,0.019910626
0.0,0.06493808
0.0,0.0570587
0.0,0.037471436
0.0,0.035673447
0.0,0.05128263
0.0,-0.0067264494
0.0,-0.005061936
0.0,-0.01701123
0.0,-0.025656171
0.0,-0.028814511
0.0,-0.05867042
0.0,1.8011724
0.0,1.1842119
0.0,0.094661124
0.0,-0.044119127
0.0,-0.0474806
0.0,-0.048910443
0.0,0.059959184
0.0,0.077973865
0.0,0.08261063
0.0,-0.03151781
0.0,-0.028677162
0.0,-0.030884817
0.0,-0.0333121
0.0,-0.036491822
0.0,0.03776412
0.0,1.3191358
0.0,0.023951633
0.0,-0.003892131
0.0,-0.005405691
0.0,-0.003467339
0.0,-0.005852547
0.0,0.30580574
0.0,0.34527156
3.0,0.3735042
0.0,0.066763
1.0,1.9883403
0.0,0.08123204
0.0,0.12748183
0.0,0.06782463
0.0,0.11163917
0.0,0.07080347
0.0,0.11104235
0.0,0.09949208
0.0,0.11855254
0.0,0.121515654
0.0,0.11803119
0.0,0.12341246
0.0,0.12603614
0.0,0.13821864
0.0,0.11560357
0.0,0.15340139
6.0,0.11321001
0.0,0.053740185
0.0,-0.0114470115
0.0,-0.017413147
0.0,0.017130494
0.0,0.019910626
0.0,0.06493808
0.0,0.0570587
0.0,0.034050986
0.0,-0.020538606
0.0,-0.0114470115
0.0,-0.017413147
0.0,0.013804481
0.0,0.022335732
0.0,-0.012607875
0.0,-0.0114470115
0.0,-0.017413147
0.0,0.017130494
0.0,0.019910626
0.0,0.05337411
0.0,0.00917253
0.0,0.0009699612
0.0,-0.012916646
0.0,-0.03894031
0.0,-0.05477127
0.0,-0.049110033
4.0,5.24561
0.0,0.069772154
0.0,0.039457817
0.0,0.030542912
1.0,2.6945534
0.0,0.031201037
0.0,0.064478636
0.0,0.045678105
0.0,-0.025277155
0.0,-0.020109408
0.0,-0.018453531
0.0,-0.034246244
0.0,-0.0114470115
0.0,-0.017413147
0.0,-0.0114470115
0.0,-0.017413147
0.0,-0.0114470115
0.0,-0.017413147
0.0,0.013804481
0.0,0.022335732
0.0,0.02008215
0.0,0.020272696
0.0,-0.015329188
0.0,-0.0114470115
0.0,-0.017413147
0.0,0.013804481
0.0,0.016121775
0.0,0.013068689
0.0,0.017414667
0.0,0.0020201488
0.0,-0.0006399363
0.0,0.0063751964
0.0,0.004869869
0.0,0.012621655
0.0,0.034856185
0.0,0.03439631
0.0,0.11733299
0.0,0.06923322
0.0,0.12453008
0.0,0.072938986
0.0,0.07925239
0.0,0.005001241
0.0,0.006283368
0.0,0.013458877
0.0,-0.0052452637
0.0,-0.0038284971
0.0,-0.0028411073
8.0,0.058529574
0.0,0.030948324
2.0,0.28861058
0.0,0.046099175
0.0,0.065040044
0.0,0.046727
3.0,0.74837154
0.0,0.045656245
0.0,0.02136995
0.0,0.025992226
0.0,0.008356562
0.0,0.020252964
0.0,-0.0114470115
0.0,-0.017413147
0.0,0.013804481
0.0,0.022335732
0.0,-0.012607875
0.0,-0.0114470115
0.0,-0.017413147
0.0,0.017130494
0.0,0.019910626
0.0,0.035942726
0.0,0.025723023
0.0,0.014758762
1.0,0.017957557
0.0,0.024143929
0.0,-0.013026663
0.0,0.046876665
0.0,-0.033694565
0.0,0.021075822
0.0,-0.042638652
0.0,-0.0050469395
3.0,2.4501097
0.0,0.0010256916
1.0,1.9247712
0.0,0.01603914
0.0,-0.016496688
0.0,-0.004946929
0.0,2.3978631
0.0,-0.0063883183
0.0,0.15183905
0.0,-0.008076897
0.0,-0.03473677
0.0,-0.043533605
0.0,-0.05083015
0.0,-0.04320173
0.0,-0.0114470115
0.0,-0.017413147
0.0,-0.0114470115
0.0,-0.017413147
0.0,0.017130494
0.0,0.019910626
0.0,0.06493808
0.0,0.0570587
0.0,0.037471436
0.0,0.035673447
0.0,0.12142937
0.0,0.13705346
0.0,0.12650605
0.0,0.121847145
0.0,0.09601745
0.0,0.32465735
0.0,0.11815782
1.0,0.28894404
0.0,0.03977616
0.0,0.07952522
0.0,0.07157807
2.0,1.4604515
0.0,0.025839372
0.0,2.2930183
0.0,0.032779723
1.0,1.2773668
0.0,0.05192568
11.0,0.5335515
0.0,0.527221
0.0,-0.0114470115
0.0,-0.017413147
0.0,0.013804481
0.0,0.014640842
0.0,0.017615626
0.0,0.010974368
0.0,0.009792885
0.0,0.011076152
0.0,0.0065061627
0.0,0.0049191145
0.0,0.017374542
0.0,0.01915728
0.0,0.021581016
0.0,0.10300122
0.0,0.017166846
0.0,0.018683925
0.0,0.00827398
0.0,-0.009641096
0.0,-0.01913253
0.0,0.015519228
0.0,2.6850326
0.0,1.991738
8.0,5.684918
0.0,0.039478056
3.0,0.43085948
0.0,0.029751414
0.0,0.40495667
0.0,0.021341478
0.0,0.21864234
0.0,0.0281135
6.0,0.059251737
0.0,0.03635835
0.0,0.055860877
0.0,0.031153109
0.0,0.048668016
0.0,0.08531801
0.0,-0.0114470115
0.0,-0.017413147
0.0,0.017130494
0.0,0.019910626
0.0,0.039557952
0.0,0.04592897
0.0,0.045630254
0.0,0.11644328
0.0,0.1583897
0.0,0.1981698
0.0,0.1702844
0.0,0.19337271
0.0,0.14088705
0.0,0.56979954
0.0,0.09002892
0.0,0.27051002
0.0,0.108605236
0.0,0.07777088
0.0,0.60215175
0.0,0.7123459
0.0,0.3993823
0.0,0.8443507
0.0,0.9402132
0.0,-0.0114470115
0.0,-0.017413147
0.0,0.013804481
0.0,0.014640842
0.0,0.002599263
0.0,0.009596714
0.0,0.0048513263
0.0,0.0037417097
0.0,0.009437882
0.0,0.012291326
0.0,-0.004730543
0.0,-0.0114470115
0.0,-0.017413147
0.0,0.013804481
0.0,0.014640842
0.0,-0.017151417
0.0,-0.0114470115
0.0,-0.017413147
0.0,0.017130494
0.0,0.019910626
0.0,0.05765182
0.0,0.056175828
0.0,0.04420936
0.0,-0.03457338
0.0,-0.0114470115
0.0,-0.017413147
0.0,-0.0114470115
0.0,-0.017413147
0.0,0.017130494
0.0,0.019910626
0.0,0.05765182
0.0,0.056175828
0.0,0.04787677
0.0,-0.019922812
0.0,-0.0114470115
0.0,-0.017413147
0.0,0.013804481
0.0,0.019744247
0.0,0.034952246
0.0,0.032778535
0.0,0.02420432
0.0,0.021959933
0.0,0.016817719
0.0,-0.0011579245
0.0,-0.0037874086
0.0,-0.006242102
0.0,-0.006772275
0.0,-0.01913914
0.0,0.08878436
0.0,0.05645709
8.0,1.1871016
0.0,0.04911449
5.0,0.90794677
0.0,0.028991252
6.0,0.14508106
0.0,0.031716593
0.0,-0.0114470115
0.0,-0.017413147
0.0,-0.0114470115
0.0,-0.017413147
0.0,0.013804481
0.0,0.015594362
0.0,0.009411765
0.0,0.011911499
0.0,-0.0001845181
0.0,-0.002428323
0.0,-0.0010636896
0.0,0.012670267
0.0,0.015872179
0.0,0.017515944
0.0,0.011500361
0.0,0.014338682
0.0,0.020403866
0.0,0.07027457
0.0,0.056780476
0.0,0.05224142
0.0,0.07369464
0.0,0.076961495
0.0,0.07841046
0.0,0.09332043
0.0,0.094697624
0.0,0.17171134
2.0,0.11872627
0.0,0.030470666
0.0,-0.017156027
0.0,-0.0114470115
0.0,-0.017413147
0.0,-0.0114470115
0.0,-0.017413147
0.0,-0.0114470115
0.0,-0.017413147
0.0,0.013804481
0.0,0.017111925
0.0,0.0557062
0.0,0.05240557
0.0,0.04576472
0.0,0.044249512
0.0,0.012084719
0.0,-0.013922757
0.0,-0.02039163
0.0,-0.025478367
0.0,-0.024781104
0.0,-0.05611037
8.0,2.8926532
0.0,0.045823537
0.0,0.22252335
0.0,0.04417673
3.0,0.47392368
0.0,0.037892047
0.0,-0.0114470115
0.0,-0.017413147
0.0,0.013804481
0.0,0.017111925
0.0,0.0557062
0.0,0.05240557
0.0,0.04576472
0.0,0.040552206
0.0,0.03365122
0.0,0.02864428
0.0,0.04989155
0.0,0.103810884
0.0,0.087879196
0.0,0.14391813
0.0,0.09119166
0.0,0.12685505
0.0,0.09512219
0.0,0.067826435
0.0,0.09015639
0.0,0.09629858
0.0,0.09039862
0.0,0.26316717
0.0,0.2655747
0.0,0.24852388
0.0,0.19787748
0.0,0.4931812
0.0,0.4754592
0.0,0.3281988
0.0,0.29529607
0.0,0.30899197
0.0,0.12025706
0.0,0.1082651
0.0,0.10383277
0.0,0.11115771
0.0,0.109349385
0.0,0.12438619
0.0,1.5288553
0.0,1.4961157
0.0,1.4801103
0.0,1.3439056
6.0,1.3113189
0.0,0.033550754
0.0,0.10924223
0.0,0.062485162
0.0,0.12971817
0.0,0.06077376
0.0,0.09085563
0.0,0.05825371
0.0,0.06202584
9.0,0.06682496
0.0,0.042247653
0.0,0.38817102
0.0,0.071630664
0.0,-0.0114470115
0.0,-0.017413147
0.0,0.013804481
0.0,0.015594362
0.0,-0.016417246
0.0,-0.0114470115
0.0,-0.017413147
0.0,0.017130494
0.0,0.019910626
0.0,0.05765182
0.0,0.056175828
0.0,0.045466077
0.0,0.04813384
0.0,0.042507913
0.0,0.035818245
0.0,0.036407467
0.0,0.04164176
0.0,0.06898175
0.0,0.15958358
0.0,0.049615607
0.0,0.083890475
0.0,0.078808226
0.0,0.016087323
0.0,0.018208977
0.0,0.018191421
0.0,0.017352453
0.0,0.008815577
0.0,0.05062524
0.0,0.6222465
0.0,0.6050194
8.0,1.6079973
0.0,0.037434727
10.0,0.53236914
0.0,0.020894166
0.0,-0.0114470115
0.0,-0.017413147
0.0,0.013804481
0.0,0.012936126
0.0,-0.002828872
0.0,-0.00018808989
0.0,-0.0056761857
0.0,-0.006282684
0.0,-0.009617993
0.0,-0.0107439235
0.0,-0.0066094664
0.0,0.03941655
0.0,0.025103707
0.0,0.027905626
0.0,0.025179297
0.0,0.06137846
0.0,0.033443574
0.0,0.030691965
0.0,0.044781405
0.0,0.07674456
0.0,0.06837636
0.0,0.07217626
0.0,0.07529554
0.0,0.07786309
2.0,0.087511025
0.0,0.03497464
1.0,0.9132519
0.0,0.035487104
0.0,0.923453
0.0,0.056896094
6.0,0.31989905
0.0,0.042211022
0.0,-0.0114470115
0.0,-0.017413147
0.0,-0.0114470115
0.0,-0.017413147
0.0,0.017130494
0.0,0.019910626
0.0,0.05337411
0.0,0.038425513
0.0,0.030718159
0.0,0.01608745
0.0,0.0029751896
0.0,-0.022859015
0.0,-0.022394275
0.0,-0.021665854
0.0,-0.060584985
8.0,1.1522474
0.0,0.102303885
0.0,-0.0114470115
0.0,-0.017413147
0.0,0.017130494
0.0,0.019910626
0.0,0.03163553
0.0,0.017509688
0.0,-0.006213325
0.0,-0.005874054
0.0,-0.018352862
0.0,-0.023239678
0.0,-0.020765556
8.0,0.08126393
0.0,0.17377007
0.0,0.11233611
0.0,0.16800249
0.0,-0.0114470115
0.0,-0.017413147
0.0,-0.0114470115
0.0,-0.017413147
0.0,0.017130494
0.0,0.019910626
0.0,0.05337411
0.0,-0.014724108
0.0,-0.0114470115
0.0,-0.017413147
0.0,0.013804481
0.0,0.014640842
0.0,0.002599263
0.0,0.009596714
0.0,-0.0070616673
0.0,-0.009764766
0.0,-0.00371197
0.0,-0.0036561636
0.0,-0.0047527594
0.0,0.019680561
0.0,-0.03613317
0.0,-0.03814985
0.0,-0.039065093
0.0,-0.0440941
0.0,-0.034783915
0.0,-0.065573536
7.0,0.23587011
0.0,0.024758432
4.0,0.76274204
0.0,0.049283504
0.0,0.06410271
0.0,0.028192308
4.0,1.086856
0.0,0.027409904
1.0,0.03739103
0.0,0.032409675
0.0,0.052359086
0.0,0.06334807
0.0,-0.0114470115
0.0,-0.017413147
0.0,0.017130494
0.0,0.019910626
0.0,0.050650597
0.0,0.01647518
0.0,0.011308269
0.0,0.019895883
0.0,-0.00490503
0.0,-0.019202244
0.0,-0.013332065
8.0,4.7363443
0.0,0.61282885
0.0,-0.006347559
0.0,0.04997175
0.0,-0.0114470115
0.0,-0.017413147
0.0,0.013804481
0.0,0.012936126
0.0,-0.018704243
0.0,-0.0114470115
0.0,-0.017413147
0.0,-0.0114470115
0.0,-0.017413147
0.0,0.017130494
0.0,0.019910626
0.0,0.050650597
0.0,0.0418202
0.0,0.048913557
0.0,0.05113312
0.0,0.050375897
0.0,-0.00034763067
0.0,8.055568e-05
0.0,-0.0040824246
0.0,-0.016549276
0.0,-0.020624988
0.0,-0.045985587
0.0,1.6370035
0.0,0.8260405
0.0,0.004553929
0.0,-0.04156161
0.0,-0.044147193
0.0,-0.04259594
0.0,0.25733176
0.0,0.30639067
0.0,0.28350064
0.0,0.631559
0.0,1.7081068
5.0,2.402584
0.0,0.010237208
0.0,0.05060528
0.0,0.042780384
1.0,1.4375956
0.0,0.014667212
0.0,0.036078226
0.0,0.02672655
0.0,0.034856845
0.0,0.031173145
0.0,0.041095376
0.0,0.039764713
0.0,0.042814378
0.0,0.039171338
0.0,0.047054823
0.0,0.044265445
0.0,0.052396424
0.0,0.085417286
2.0,0.047515538
0.0,0.023646029
0.0,0.03717662
0.0,0.026614709
0.0,0.04209723
0.0,0.03113107
0.0,0.026997272
0.0,-0.0010226518
0.0,-0.023737984
0.0,-0.015184441
0.0,-0.0114470115
0.0,-0.017413147
0.0,-0.0114470115
0.0,-0.017413147
0.0,-0.0114470115
0.0,-0.017413147
0.0,0.013804481
0.0,0.019744247
0.0,-0.013745433
0.0,-0.0114470115
0.0,-0.017413147
0.0,-0.0114470115
0.0,-0.017413147
0.0,-0.0114470115
0.0,-0.017413147
0.0,0.013804481
0.0,0.012936126
0.0,-0.002828872
0.0,0.0029197126
0.0,-0.0012499809
0.0,-0.0012965917
0.0,0.0041743037
0.0,0.009705971
0.0,0.0041550263
0.0,0.029910853
0.0,0.024572115
0.0,0.06338688
0.0,0.06524746
0.0,0.069277674
0.0,0.049201682
0.0,0.045632154
0.0,0.068506345
0.0,0.072682776
0.0,0.07380384
0.0,0.06528209
0.0,0.067485034
0.0,0.06148759
0.0,-0.017959356
0.0,-0.0114470115
0.0,-0.017413147
0.0,-0.0114470115
0.0,-0.017413147
0.0,-0.0114470115
0.0,-0.017413147
0.0,0.017130494
0.0,0.019910626
0.0,0.0649356
0.0,0.071000606
0.0,0.049983047
0.0,0.012333707
0.0,-0.005604699
0.0,-0.019351196
0.0,-0.02410094
0.0,-0.02739278
0.0,-0.03282218
0.0,1.3929634
0.0,0.2627277
4.0,2.9444761
0.0,0.008454622
0.0,1.8818924
0.0,0.024564667
0.0,2.083268
0.0,0.024203612
14.0,1.6108414
0.0,0.038702697
0.0,-0.0114470115
0.0,-0.017413147
0.0,0.017130494
0.0,0.019910626
0.0,0.048989985
0.0,0.049877286
0.0,0.033003256
0.0,0.013114793
0.0,0.0012694359
0.0,-0.015387755
0.0,-0.014828425
0.0,-0.0139438575
0.0,-0.03188819
0.0,1.1286861
0.0,0.09140936
5.0,3.7694964
0.0,0.013747003
0.0,0.029834377
0.0,0.01889104
2.0,1.2683312
0.0,0.008214298
0.0,0.041514847
0.0,0.019039536
0.0,0.016241416
0.0,0.018439598
2.0,0.022641515
0.0,0.026698835
0.0,0.024835188
0.0,0.016002081
0.0,0.034857858
0.0,0.024492016
0.0,0.035714585
0.0,0.033639416
0.0,0.044363633
0.0,0.051330175
0.0,0.041488048
0.0,0.0942723
0.0,0.1019044
0.0,0.098500334
0.0,0.10371629
0.0,0.10525584
0.0,0.105615355
0.0,0.08229005
0.0,0.09279477
0.0,0.10650182
0.0,0.07325908
0.0,0.10706903
0.0,0.06971904
0.0,0.1175325
0.0,0.118725084
0.0,0.113442145
6.0,0.107668385
0.0,0.13203175
0.0,0.2806261
0.0,0.06998662
0.0,1.2481253
0.0,0.04182187
0.0,0.038009334
0.0,-0.021177858
0.0,-0.024205308
0.0,-0.017550016
0.0,-0.0114470115
0.0,-0.017413147
0.0,-0.0114470115
0.0,-0.017413147
0.0,0.017130494
0.0,0.019910626
0.0,0.058194634
0.0,0.057614177
0.0,0.037255883
0.0,0.05424011
0.0,0.07239741
0.0,0.008770486
0.0,-0.002000846
0.0,-0.004892871
0.0,-0.012924372
0.0,-0.015393986
0.0,-0.0683467
8.0,0.5323522
0.0,0.024452372
5.0,0.55104303
0.0,0.027901217
0.0,-0.0114470115
0.0,-0.017413147
0.0,0.017130494
0.0,0.019910626
0.0,0.07280954
0.0,0.07429285
0.0,0.05113816
0.0,0.0588271
0.0,0.06704907
0.0,0.0078507075
0.0,0.0041240454
0.0,0.0007055208
0.0,-0.007671028
0.0,-0.009481428
0.0,-0.060233556
0.0,0.54463744
0.0,0.40369397
8.0,3.1832268
0.0,0.039844356
0.0,0.038917612
0.0,0.15240186
0.0,-0.0114470115
0.0,-0.017413147
0.0,0.017130494
0.0,0.019910626
0.0,0.058194634
0.0,0.023656162
0.0,0.008742318
0.0,0.011286863
0.0,-0.011096823
0.0,-0.02431302
0.0,-0.015315559
0.0,1.1404996
0.0,0.05380772
8.0,4.636115
0.0,0.23347896
2.0,1.6980814
0.0,0.07472904
0.0,0.089634985
0.0,0.053453606
3.0,0.6417551
0.0,0.019637903
0.0,0.03346987
0.0,0.035209645
0.0,0.028417002
0.0,0.032149844
0.0,0.026161214
0.0,0.028695984
0.0,0.05575025
0.0,0.06477583
0.0,0.10314415
0.0,0.06421723
0.0,0.089170165
0.0,0.10140969
0.0,0.07138525
0.0,0.06081956
0.0,0.047033112
0.0,0.077018745
0.0,0.081981786
0.0,0.08580618
3.0,0.10827118
0.0,0.1069045
1.0,0.098619804
0.0,0.08007675
0.0,0.12524766
0.0,0.11181507
0.0,0.16133453
0.0,0.030883374
0.0,0.07629694
0.0,0.034848638
0.0,-0.0114470115
0.0,-0.017413147
0.0,-0.0114470115
0.0,-0.017413147
0.0,0.013804481
0.0,0.01909547
0.0,0.04418195
0.0,0.03765988
0.0,0.030388057
0.0,0.02810405
0.0,0.026588008
0.0,0.03903434
0.0,0.03486703
0.0,0.032607846
0.0,0.026064675
0.0,0.04184039
0.0,0.04113155
0.0,0.10273088
0.0,0.07193903
0.0,0.065493636
0.0,0.09342634
0.0,0.10174313
0.0,0.0918794
0.0,0.09997136
0.0,0.10555243
0.0,0.13454148
3.0,0.10100554
0.0,0.032263838
0.0,1.7359791
0.0,0.029033583
0.0,-0.019119611
0.0,-0.0114470115
0.0,-0.017413147
0.0,0.013804481
0.0,0.017111925
0.0,0.0557062
0.0,0.05240557
0.0,0.04576472
0.0,0.042477716
0.0,0.037940912
0.0,0.03912171
0.0,0.014126071
0.0,0.015745822
0.0,-0.0011779874
0.0,-0.011049706
0.0,-0.01584401
0.0,0.109941475
0.0,0.87038493
0.0,0.6180593
0.0,1.9225409
0.0,1.7844437
0.0,2.065005
0.0,1.3237848
0.0,1.340747
0.0,1.4745648
0.0,-0.07989
0.0,-0.043400206
0.0,-0.029829107
0.0,-0.030385626
0.0,-0.031242581
0.0,0.11636199
0.0,1.1320496
0.0,0.026128562
0.0,0.013161429
0.0,0.012331452
0.0,0.0139358025
0.0,0.011185485
3.0,0.78859216
0.0,0.039358668
0.0,1.5556343
0.0,0.05667132
0.0,0.029177822
0.0,0.024631443
2.0,1.859991
0.0,0.014204752
0.0,0.06901418
0.0,0.0183748
0.0,0.050885472
0.0,0.029351449
0.0,0.06522066
0.0,0.027687162
0.0,0.06424234
0.0,0.06487787
0.0,0.061344743
0.0,0.059090983
0.0,0.062380236
0.0,0.05452046
0.0,0.05846888
0.0,0.0564596
0.0,0.05675421
0.0,0.0546589
0.0,0.058256697
0.0,0.076356694
2.0,0.064958625
0.0,0.0035123795
0.0,0.02438215
0.0,0.019108288
0.0,0.0364025
0.0,0.027483469
0.0,0.030930238
0.0,0.022209175
0.0,0.08397544
0.0,0.08107837
0.0,0.10364015
0.0,0.09814085
0.0,0.095023826
1.0,0.09565213
0.0,0.09978462
0.0,0.115444414
0.0,0.1311064
0.0,0.10455746
0.0,0.13242081
0.0,-0.033001356
0.0,-0.035165768
0.0,-0.039391927
0.0,-0.022778383
0.0,-0.0114470115
0.0,-0.017413147
0.0,0.017130494
0.0,0.019910626
0.0,0.028458394
0.0,0.04183702
0.0,0.033725977
0.0,0.03418109
0.0,0.04883285
0.0,0.04994386
0.0,0.07310871
0.0,0.09445051
0.0,0.100152485
0.0,0.26416263
0.0,0.21195766
2.0,0.35306078
0.0,0.027181385
0.0,-0.032112077
0.0,-0.0114470115
0.0,-0.017413147
0.0,-0.0114470115
0.0,-0.017413147
0.0,-0.0114470115
0.0,-0.017413147
0.0,-0.0114470115
0.0,-0.017413147
0.0,0.013804481
0.0,0.027804196
0.0,0.0568356
0.0,0.05071826
0.0,0.036501624
0.0,0.04006829
0.0,-0.006778228
0.0,-0.0114470115
0.0,-0.017413147
0.0,0.017130494
0.0,0.019910626
0.0,0.028458394
0.0,0.04183702
0.0,0.033725977
0.0,0.03418109
0.0,0.045775533
0.0,-0.019500477
0.0,-0.026433913
0.0,-0.029781079
0.0,-0.04406365
0.0,-0.04839577
0.0,-0.0696593
6.0,4.3242145
0.0,0.022291098
1.0,1.6545494
0.0,0.028425185
3.0,1.4412788
0.0,0.027299812
0.0,0.044095136
0.0,0.009807628
6.0,1.4160277
0.0,0.017576285
0.0,0.06937115
0.0,0.056528296
0.0,0.047918238
0.0,0.028110232
0.0,-0.0114470115
0.0,-0.017413147
0.0,0.013804481
0.0,0.017111925
0.0,0.0557062
0.0,0.05240557
0.0,0.04576472
0.0,0.041601688
0.0,0.04328464
0.0,0.04501808
0.0,0.04075988
0.0,0.047039725
0.0,0.043401018
0.0,0.051974572
0.0,0.049777124
0.0,0.08482644
0.0,0.00059542805
0.0,-0.014020842
0.0,-0.01602602
0.0,-0.018187292
0.0,-0.018365376
0.0,-0.05538177
0.0,0.032466646
0.0,0.030498354
0.0,0.031552948
0.0,1.7890298
7.0,2.5086899
0.0,0.03507138
3.0,0.72942233
0.0,0.025281435
0.0,0.059363604
0.0,0.014292147
1.0,0.42997086
0.0,0.019070618
0.0,0.03896255
0.0,0.022365244
0.0,0.08179644
0.0,0.070265524
0.0,0.071817614
0.0,0.06734855
0.0,0.07820066
0.0,0.087301806
0.0,0.12404885
0.0,0.08527897
0.0,0.11191683
0.0,0.073433846
0.0,0.08117129
0.0,0.08539362
0.0,0.08058587
0.0,0.084571935
0.0,0.08565928
3.0,0.121586226
0.0,0.072142065
0.0,0.20453656
0.0,0.10602034
0.0,0.53615254
0.0,0.10069497
0.0,0.11628918
0.0,0.10950738
0.0,-0.0114470115
0.0,-0.017413147
0.0,0.013804481
0.0,0.017111925
0.0,0.0557062
0.0,0.05240557
0.0,0.04576472
0.0,0.041601688
0.0,0.04328464
0.0,0.04501808
4.0,0.04075988
0.0,0.037301585
0.0,0.78347737
0.0,0.037364356
0.0,1.2258419
0.0,0.035180993
1.0,0.18094844
0.0,0.039891373
0.0,1.1733853
0.0,0.15325886
0.0,0.58603454
0.0,0.06392754
0.0,0.06439408
0.0,0.08359503
0.0,0.0786309
0.0,0.06181941
0.0,0.085972585
0.0,0.44580463
0.0,0.52297956
0.0,0.42521152
0.0,0.6673529
0.0,0.98114854
8.0,0.75038016
0.0,0.03648113
4.0,0.08854036
0.0,0.046245974
0.0,0.09262519
0.0,0.06320568
0.0,-0.0114470115
0.0,-0.017413147
0.0,0.017130494
0.0,0.019910626
0.0,0.028458394
0.0,0.04183702
0.0,0.044580348
0.0,0.097276144
0.0,0.09015733
0.0,0.08724251
0.0,0.17707002
0.0,0.08048206
0.0,0.07069784
0.0,0.062535495
0.0,0.04520017
0.0,0.049453687
0.0,0.07375991
7.0,1.3270732
0.0,0.024518361
3.0,1.3718919
0.0,0.048619505
0.0,0.13634628
0.0,0.04429237
6.0,1.1638267
0.0,0.0123915905
0.0,0.12827377
0.0,0.010802694
0.0,0.82073873
0.0,0.038458645
0.0,0.0446281
0.0,0.06538233
0.0,0.037554953
0.0,0.027797079
0.0,-0.0114470115
0.0,-0.017413147
0.0,0.013804481
0.0,0.017111925
0.0,-0.009986446
0.0,-0.0114470115
0.0,-0.017413147
0.0,0.017130494
0.0,0.019910626
0.0,0.07280954
0.0,0.030186998
0.0,0.012723236
0.0,0.0023863479
0.0,-0.014135215
0.0,-0.018761214
0.0,-0.012644049
0.0,0.6830808
0.0,0.10295375
0.0,-0.056534275
0.0,-0.07017668
0.0,-0.028605143
0.0,-0.02814519
0.0,-0.061444473
0.0,0.05451907
0.0,0.089304656
0.0,3.0976143
0.0,1.577595
0.0,1.7568449
0.0,1.839066
8.0,3.5304081
0.0,0.009229552
10.0,0.5352366
0.0,0.01925663
0.0,0.44297954
0.0,0.068063416
0.0,0.19403127
0.0,0.040132888
0.0,0.31891942
0.0,0.043479547
0.0,0.04874928
0.0,0.03769028
0.0,-0.0114470115
0.0,-0.017413147
0.0,0.017130494
0.0,0.019910626
0.0,0.106409185
0.0,0.090805344
0.0,0.064867586
0.0,0.062065892
0.0,0.04749831
0.0,0.020087749
0.0,0.014446622
0.0,0.009769756
0.0,-0.025126126
8.0,2.4043891
0.0,0.40550882
6.0,0.85973436
0.0,0.03334559
0.0,-0.0114470115
0.0,-0.017413147
0.0,0.013804481
0.0,0.01909547
0.0,0.04418195
0.0,0.03765988
0.0,0.030388057
0.0,0.027910767
0.0,0.025623493
0.0,0.020355456
0.0,0.024482137
0.0,0.02567745
0.0,0.02467851
0.0,0.04875878
0.0,0.04156992
0.0,0.08872417
0.0,-0.0031773387
0.0,-0.018947328
0.0,-0.019650366
0.0,-0.022599261
0.0,-0.020992327
0.0,-0.06319816
7.0,0.06415097
0.0,0.036666308
0.0,0.018182555
0.0,0.046603914
0.0,0.1209475
0.0,0.048879765
0.0,0.04856005
0.0,0.04788931
0.0,0.031048005
10.0,0.040226743
0.0,0.03799963
0.0,-0.0114470115
0.0,-0.017413147
0.0,0.017130494
0.0,0.019910626
0.0,0.07280954
0.0,0.030186998
0.0,0.0022766858
0.0,0.0118330205
0.0,-0.005628207
0.0,-0.012102198
0.0,-0.0025170608
0.0,0.5945949
0.0,0.09706558
7.0,4.029735
0.0,0.21877244
0.0,0.113268726
0.0,0.22296822
3.0,1.8724077
0.0,0.030306665
0.0,0.033804554
0.0,0.0519862
0.0,0.07572968
0.0,0.07078007
0.0,0.05531728
0.0,0.055164374
0.0,0.05259984
0.0,0.06376478
0.0,0.12873313
0.0,0.12679295
0.0,0.14930288
0.0,0.14039952
0.0,0.12679993
0.0,0.041613236
0.0,0.043891165
0.0,0.046248328
0.0,0.04804183
0.0,0.056039974
0.0,0.046199035
0.0,0.047590975
0.0,0.037854604
0.0,0.047441363
0.0,0.053550728
0.0,0.07607549
0.0,0.059667032
0.0,0.08270798
0.0,0.067196146
0.0,0.07617826
0.0,0.0736292
0.0,0.069392934
0.0,0.0664977
0.0,0.06891725
0.0,0.006599156
0.0,0.013439271
0.0,0.0175049
0.0,0.03658935
0.0,-0.0114470115
0.0,-0.017413147
0.0,-0.0114470115
0.0,-0.017413147
0.0,0.017130494
0.0,0.019910626
0.0,0.07280954
0.0,0.07429285
0.0,0.05113816
0.0,0.0588271
0.0,0.06704907
0.0,0.08925143
0.0,0.08740007
0.0,0.010005065
0.0,0.00516486
0.0,0.00063623785
0.0,-0.011618357
0.0,-0.0018902211
0.0,-0.0006733492
4.0,0.4140075
0.0,0.007383713
0.0,-0.015422536
0.0,0.0186496
2.0,2.545486
0.0,0.007947627
0.0,0.023357548
0.0,0.01538431
0.0,0.024516638
0.0,0.021253424
0.0,0.03940614
0.0,0.026002206
0.0,0.043221943
0.0,0.049349114
0.0,0.048238028
0.0,0.052153416
0.0,0.06659051
0.0,0.060064387
0.0,0.059383135
0.0,0.05688715
0.0,0.061304945
0.0,0.06905144
0.0,0.062657975
0.0,0.049717594
4.0,0.04725644
0.0,0.113865696
0.0,0.14650807
0.0,0.09412439
0.0,0.15363298
0.0,0.039195832
0.0,0.04691745
0.0,0.0384418
0.0,-0.008073401
0.0,-0.023720048
0.0,-0.037164487
0.0,-0.0320892
0.0,-0.0114470115
0.0,-0.017413147
0.0,0.017130494
0.0,0.019910626
0.0,0.106409185
0.0,0.090805344
0.0,0.08489208
0.0,0.0496189
0.0,0.03469082
0.0,0.012785326
0.0,0.009892211
0.0,0.0023949607
0.0,0.014969727
0.0,1.6649367
0.0,0.4305487
7.0,5.2296095
0.0,0.13860169
0.0,1.4553139
0.0,0.24358617
1.0,1.2683994
0.0,0.09476301
0.0,0.11461532
0.0,0.052858684
1.0,0.9055305
0.0,0.056669753
0.0,0.06930934
0.0,0.045009494
0.0,-0.0114470115
0.0,-0.017413147
0.0,0.017130494
0.0,0.019910626
0.0,0.07280954
0.0,0.07429285
0.0,0.05486211
0.0,0.017785983
0.0,-0.005839805
0.0,-0.027153317
0.0,-0.024944292
0.0,-0.027995376
0.0,-0.021431431
0.0,2.8503947
0.0,0.17482248
0.0,-0.008654036
0.0,-0.020746633
0.0,-0.032798447
0.0,-0.027961737
0.0,0.030837549
8.0,1.8718512
0.0,0.24376577
0.0,-0.0114470115
0.0,-0.017413147
0.0,0.013804481
0.0,0.014640842
0.0,-0.017151417
0.0,-0.0114470115
0.0,-0.017413147
0.0,-0.0114470115
0.0,-0.017413147
0.0,-0.0114470115
0.0,-0.017413147
0.0,0.017130494
0.0,0.019910626
0.0,0.07280954
0.0,0.07429285
0.0,0.05486211
0.0,0.056496378
0.0,0.06257732
0.0,0.06050942
0.0,0.06029438
0.0,0.056849737
0.0,0.099903725
0.0,0.26396915
0.0,0.16780469
2.0,0.30870184
0.0,0.026488833
1.0,1.4184793
0.0,0.02279951
1.0,1.8300968
0.0,0.01674945
1.0,0.59239054
0.0,0.024664627
0.0,-0.0114470115
0.0,-0.017413147
0.0,-0.0114470115
0.0,-0.017413147
0.0,-0.0114470115
0.0,-0.017413147
0.0,-0.0114470115
0.0,-0.017413147
0.0,-0.0114470115
0.0,-0.017413147
0.0,-0.0114470115
0.0,-0.017413147
0.0,0.013804481
0.0,0.014640842
0.0,0.017615626
0.0,0.010974368
0.0,0.009792885
0.0,0.009296758
0.0,0.017699651
0.0,0.019258507
0.0,0.018044725
0.0,0.015572881
0.0,0.012661629
0.0,0.0347963
11.0,0.02903224
0.0,0.025014741
0.0,0.4047763
0.0,0.059050146
0.0,0.15553917
0.0,0.050727528
0.0,0.2051787
0.0,0.0514885
0.0,-0.0114470115
0.0,-0.017413147
0.0,0.013804481
0.0,0.014640842
0.0,-0.017151417
0.0,-0.0114470115
0.0,-0.017413147
0.0,-0.0114470115
0.0,-0.017413147
0.0,0.017130494
0.0,0.019910626
0.0,0.028458394
0.0,-0.0051494837
0.0,-0.033128165
0.0,-0.028529933
0.0,-0.042377606
0.0,-0.048257206
0.0,-0.040726975
0.0,1.5017138
0.0,-0.066661924
0.0,3.3507094
0.0,0.085544504
8.0,2.162671
0.0,0.026199795
6.0,1.0884224
0.0,0.017575704
0.0,-0.0114470115
0.0,-0.017413147
0.0,-0.0114470115
0.0,-0.017413147
0.0,0.017130494
0.0,0.019910626
0.0,0.07280954
0.0,0.07429285
0.0,0.05486211
0.0,0.056496378
0.0,0.06257732
0.0,0.06050942
0.0,0.052728526
0.0,0.058798954
0.0,0.06423755
0.0,0.006055203
0.0,-0.030008331
0.0,-0.024569886
0.0,-0.029336197
0.0,-0.039117202
0.0,-0.02839504
7.0,3.6644113
0.0,0.031137124
6.0,1.8771883
0.0,0.018142127
0.0,0.012882601
0.0,0.07699172
0.0,-0.0114470115
0.0,-0.017413147
0.0,0.017130494
0.0,0.019910626
0.0,0.07280954
0.0,0.07429285
0.0,0.061568145
0.0,0.0215549
0.0,-0.0013921439
0.0,-0.014933249
0.0,-0.013006068
0.0,-0.018567475
0.0,-0.020149913
0.0,1.8612821
0.0,0.29634878
0.0,-0.018032312
0.0,-0.04095889
0.0,-0.04700682
0.0,-0.040944323
0.0,0.018135868
0.0,1.3951567
0.0,1.1463732
8.0,1.6682402
0.0,0.122817285
0.0,1.0592788
0.0,0.06391887
0.0,0.648666
0.0,0.05618606
0.0,0.14380988
0.0,0.051603153
0.0,0.068597436
0.0,0.07326847
0.0,0.084108256
0.0,0.07682663
0.0,0.32253766
0.0,0.06177906
0.0,0.11601332
0.0,0.108791806
0.0,0.16048168
0.0,0.07640341
0.0,0.095008045
0.0,0.13557766
9.0,0.15779676
0.0,0.060658548
0.0,-0.0114470115
0.0,-0.017413147
0.0,-0.0114470115
0.0,-0.017413147
0.0,0.017130494
0.0,0.019910626
0.0,0.106409185
0.0,0.09425252
0.0,0.07604466
0.0,0.086091265
0.0,0.07675963
0.0,0.06316188
0.0,0.058067746
4.0,1.4432514
0.0,0.10266803
0.0,0.055614043
0.0,0.053534668
0.0,3.4055977
0.0,0.056689866
0.0,-0.008349444
0.0,0.016867295
0.0,-0.023455532
0.0,-0.0021837933
0.0,-0.0114470115
0.0,-0.017413147
0.0,-0.0114470115
0.0,-0.017413147
0.0,0.013804481
0.0,0.014640842
0.0,0.017615626
0.0,0.010974368
0.0,0.009792885
0.0,0.009296758
0.0,0.017699651
0.0,0.026811182
0.0,0.025379116
0.0,0.043623988
0.0,0.0314349
0.0,0.038177613
0.0,0.027648581
0.0,0.040717244
0.0,0.036103763
0.0,0.045171592
0.0,0.073866464
0.0,0.061416
0.0,0.053797536
0.0,0.050657336
0.0,0.015863793
0.0,0.016156174
0.0,0.018296473
0.0,0.029707666
0.0,0.029746728
0.0,1.0710074
0.0,1.9943538
0.0,2.5183585
7.0,2.5986207
0.0,0.039894566
2.0,0.6867878
0.0,0.04095975
0.0,0.07586194
0.0,0.08839045
0.0,0.10980577
0.0,0.07827073
0.0,0.094805114
7.0,0.079339184
0.0,0.050082933
0.0,-0.0114470115
0.0,-0.017413147
0.0,0.013804481
0.0,0.014640842
0.0,-0.017151417
0.0,-0.0114470115
0.0,-0.017413147
0.0,-0.0114470115
0.0,-0.017413147
0.0,0.017130494
0.0,0.019910626
0.0,0.07280954
0.0,0.07429285
0.0,0.050549876
0.0,0.06678265
0.0,0.06481271
0.0,0.058665633
0.0,0.07761681
0.0,0.16510521
0.0,0.10606274
0.0,0.035671875
0.0,0.028518913
0.0,0.048697043
0.0,0.04743807
0.0,0.041786864
0.0,0.07787373
0.0,0.3735027
0.0,0.48192367
0.0,-0.009902142
0.0,-0.010041721
0.0,-0.012956164
0.0,0.0026723205
0.0,0.9266334
0.0,1.5099417
0.0,2.3412693
13.0,2.4419892
0.0,0.04173468
0.0,-0.0114470115
0.0,-0.017413147
0.0,-0.0114470115
0.0,-0.017413147
0.0,0.013804481
0.0,0.014640842
0.0,0.017615626
0.0,0.010974368
0.0,0.009792885
0.0,0.057482958
0.0,0.05072692
0.0,0.046568096
0.0,-0.025853304
0.0,-0.0114470115
0.0,-0.017413147
0.0,-0.0114470115
0.0,-0.017413147
0.0,0.017130494
0.0,0.019910626
0.0,0.106409185
0.0,0.09425252
0.0,0.07604466
0.0,0.086091265
0.0,0.07675963
0.0,0.06316188
0.0,0.058067746
3.0,1.4432514
0.0,0.049865685
5.0,2.5918453
0.0,0.049095187
1.0,2.6261744
0.0,0.0177738
0.0,0.036406048
0.0,0.012484534
2.0,1.9047083
0.0,0.014040398
0.0,0.08081913
0.0,0.022495857
0.0,0.060790505
0.0,-0.0051547526
0.0,-0.011805966
0.0,-0.015691612
0.0,-0.0114470115
0.0,-0.017413147
0.0,0.013804481
0.0,0.014640842
0.0,-0.017151417
0.0,-0.0114470115
0.0,-0.017413147
0.0,-0.0114470115
0.0,-0.017413147
0.0,0.013804481
0.0,0.014640842
0.0,-0.017151417
0.0,-0.0114470115
0.0,-0.017413147
0.0,0.013804481
0.0,0.014640842
0.0,-0.017151417
0.0,-0.0114470115
0.0,-0.017413147
0.0,0.017130494
0.0,0.019910626
0.0,0.106409185
0.0,0.090805344
0.0,0.066416934
0.0,0.040703263
0.0,0.012915759
0.0,-0.048677944
0.0,-0.05203747
0.0,-0.05768835
0.0,-0.06614568
0.0,6.1552196
0.0,1.2432132
7.0,5.5184436
0.0,0.035495922
0.0,1.8100846
0.0,0.06744268
3.0,1.0568628
0.0,0.030782096
0.0,0.07829571
0.0,0.07320664
3.0,0.8343107
0.0,0.04630809
0.0,0.07077652
0.0,0.05346062
0.0,0.066973686
0.0,0.05725771
0.0,0.06889711
1.0,0.060639527
0.0,0.12146349
0.0,0.12054577
0.0,0.119512096
0.0,0.15937307
0.0,0.10525143
0.0,0.13632685
0.0,0.102676846
0.0,0.12513465
0.0,0.08294326
0.0,0.095952876
0.0,0.07303352
0.0,0.041363463
0.0,0.018762277
0.0,-0.0114470115
0.0,-0.017413147
0.0,0.013804481
0.0,0.014640842
0.0,-0.017151417
0.0,-0.0114470115
0.0,-0.017413147
0.0,0.013804481
0.0,0.014640842
0.0,-0.017151417
0.0,-0.0114470115
0.0,-0.017413147
0.0,0.013804481
0.0,0.014640842
0.0,-0.017151417
0.0,-0.0114470115
0.0,-0.017413147
0.0,0.013804481
0.0,0.014640842
0.0,-0.017151417
0.0,-0.0114470115
0.0,-0.017413147
0.0,0.017130494
0.0,0.019910626
0.0,0.03955129
0.0,0.0356739
0.0,0.022267615
0.0,0.068769746
0.0,0.07358447
0.0,0.013187926
0.0,0.014526949
0.0,0.009035307
0.0,-0.002419254
0.0,-0.008086573
0.0,0.013837337
0.0,1.5798104
0.0,0.82154113
4.0,4.862566
0.0,0.08055973
0.0,-0.021139177
0.0,0.0354448
0.0,2.015845
0.0,0.011001118
0.0,0.021192323
0.0,0.020014666
0.0,-0.027693495
0.0,-0.048598986
0.0,-0.0114470115
0.0,-0.017413147
0.0,0.013804481
0.0,0.014640842
0.0,-0.017151417
0.0,-0.0114470115
0.0,-0.017413147
0.0,0.017130494
0.0,0.019910626
0.0,0.106409185
0.0,0.090805344
0.0,0.08489208
0.0,0.0496189
0.0,0.025171926
0.0,0.00706643
0.0,0.0113510545
0.0,0.0034870727
0.0,0.001520045
0.0,2.092563
0.0,0.5316145
7.0,5.1793127
0.0,0.1429693
0.0,0.05561827
0.0,0.079187796
0.0,0.08259541
0.0,0.07358284
0.0,0.556463
0.0,0.07227592
0.0,0.5233798
10.0,0.2552167
0.0,0.13476539
0.0,0.2901686
0.0,0.16108905
0.0,0.10501658
0.0,0.108154885
0.0,-0.0114470115
0.0,-0.017413147
0.0,-0.0114470115
0.0,-0.017413147
0.0,0.017130494
0.0,0.019910626
0.0,0.106409185
0.0,0.09425252
0.0,0.05436449
0.0,0.06876263
0.0,0.06692454
0.0,0.04845791
0.0,0.042751227
7.0,1.5350243
0.0,0.4360014
2.0,1.896634
0.0,0.04776146
0.0,0.10672875
0.0,0.14097108
2.0,1.3656446
0.0,0.038765922
0.0,0.050639324
0.0,0.06053706
0.0,0.11425602
0.0,0.08028776
0.0,0.136342
0.0,0.13624789
0.0,0.3225868
0.0,0.14845444
0.0,0.14513443
0.0,0.18717
0.0,0.14405477
0.0,0.04891837
0.0,0.06517362
0.0,0.059671387
0.0,0.0514311
0.0,0.053052396
0.0,0.025493236
0.0,0.020778222
0.0,0.029844409
0.0,0.024128957
0.0,-0.0114470115
0.0,-0.017413147
0.0,0.017130494
0.0,0.019910626
0.0,0.106409185
0.0,0.09425252
0.0,0.05436449
0.0,0.06876263
0.0,0.06692454
0.0,0.04845791
0.0,0.042751227
5.0,1.5350243
0.0,0.06692094
0.0,0.14027356
0.0,0.06524873
4.0,2.2466567
0.0,0.03565845
0.0,0.14664522
0.0,0.06442589
0.0,0.08044543
0.0,0.039896034
0.0,-0.0114470115
0.0,-0.017413147
0.0,-0.0114470115
0.0,-0.017413147
0.0,-0.0114470115
0.0,-0.017413147
0.0,-0.0114470115
0.0,-0.017413147
0.0,0.017130494
0.0,0.019910626
0.0,0.106409185
0.0,0.09425252
0.0,0.07604466
0.0,0.086091265
0.0,0.07675963
0.0,0.06316188
0.0,0.058067746
0.0,1.4432514
0.0,0.74116945
12.0,4.741695
0.0,0.43724236
0.0,-0.0114470115
0.0,-0.017413147
0.0,0.013804481
0.0,0.016121775
0.0,0.022384193
0.0,0.014541085
0.0,0.013645548
0.0,0.06964494
0.0,0.059684154
0.0,0.056444272
0.0,0.056323234
0.0,0.05483592
0.0,0.05269096
0.0,0.10318103
0.0,0.0818435
0.0,0.14990741
0.0,-0.020996964
0.0,-0.0114470115
0.0,-0.017413147
0.0,-0.0114470115
0.0,-0.017413147
0.0,0.017130494
0.0,0.019910626
0.0,0.07280954
0.0,0.07429285
0.0,0.050549876
0.0,0.06678265
0.0,0.06416032
0.0,0.05056733
0.0,0.083868794
0.0,0.15217759
0.0,0.115615025
2.0,0.51624346
0.0,0.01934319
1.0,1.3286093
0.0,0.02030535
0.0,1.3893614
0.0,0.036041573
1.0,0.52917457
0.0,0.012060198
3.0,1.8860592
0.0,0.027685693
0.0,1.9859438
0.0,0.04345705
0.0,-0.0114470115
0.0,-0.017413147
0.0,-0.0114470115
0.0,-0.017413147
0.0,0.017130494
0.0,0.019910626
0.0,0.106409185
0.0,0.090805344
0.0,0.060292833
0.0,0.071136944
0.0,0.06854675
0.0,0.06643457
0.0,0.100282185
0.0,0.10301272
0.0,0.09722282
0.0,0.034344684
0.0,0.027128315
0.0,0.042015407
0.0,0.037270702
0.0,0.034488417
0.0,0.07293392
0.0,0.38776705
0.0,0.51396835
6.0,3.3058233
0.0,0.021284709
0.0,0.04780741
0.0,0.022027062
4.0,0.93209076
0.0,0.023075959
0.0,0.007339787
0.0,0.046361614
0.0,-0.004384914
0.0,0.006995399
0.0,-0.0114470115
0.0,-0.017413147
0.0,0.017130494
0.0,0.019910626
0.0,0.106409185
0.0,0.09425252
0.0,0.07604466
0.0,0.086091265
0.0,0.07675963
0.0,0.06316188
0.0,0.058067746
7.0,1.4432514
0.0,0.43620422
0.0,1.3343955
0.0,0.34095177
0.0,0.42822367
0.0,0.07198642
5.0,1.0008881
0.0,0.024586555
0.0,-0.0114470115
0.0,-0.017413147
0.0,0.013804481
0.0,0.016121775
0.0,-0.017417049
0.0,-0.0114470115
0.0,-0.017413147
0.0,0.017130494
0.0,0.019910626
0.0,0.050650597
0.0,0.01647518
0.0,0.011308269
0.0,0.019895883
0.0,-0.00490503
0.0,-0.019202244
0.0,-0.013332065
7.0,4.7363443
0.0,0.57372326
1.0,2.1314216
0.0,0.15003945
2.0,1.5521382
0.0,0.020489715
0.0,0.039341442
0.0,0.040644646
5.0,1.2596567
0.0,0.0062538055
0.0,0.5534912
0.0,0.020675957
0.0,0.04032075
0.0,0.01710615
0.0,0.045448195
0.0,0.025866857
0.0,0.11311491
0.0,0.07858867
0.0,0.114002086
0.0,0.04941285
0.0,0.089264095
0.0,0.06710637
0.0,0.061769634
0.0,0.06102432
0.0,0.08123901
0.0,0.09796456
0.0,0.09020366
0.0,0.085085034
0.0,0.07782504
0.0,0.1399811
0.0,0.10384047
0.0,-0.0114470115
0.0,-0.017413147
0.0,0.017130494
0.0,0.019910626
0.0,0.106409185
0.0,0.09425252
0.0,0.05436449
0.0,0.06876263
0.0,0.06692454
0.0,0.04845791
0.0,0.042751227
7.0,1.5350243
0.0,0.4360014
0.0,1.896634
0.0,0.32099146
5.0,0.44363275
0.0,0.029523857
0.0,-0.0114470115
0.0,-0.017413147
0.0,-0.0114470115
0.0,-0.017413147
0.0,-0.0114470115
0.0,-0.017413147
0.0,0.013804481
0.0,0.014640842
0.0,-0.017151417
0.0,-0.0114470115
0.0,-0.017413147
0.0,0.017130494
0.0,0.019910626
0.0,0.05337411
0.0,0.038425513
0.0,0.026106017
0.0,0.02977064
0.0,0.053633537
0.0,0.050810315
0.0,0.060168527
0.0,0.08398071
0.0,0.026508035
0.0,0.046062343
0.0,0.04697713
0.0,0.06556842
0.0,0.062806144
0.0,0.061241563
0.0,0.18803321
0.0,0.004931274
0.0,0.006943595
0.0,-0.00062800496
0.0,-0.009508382
0.0,-0.0039901403
0.0,0.0050201383
4.0,0.6447289
0.0,0.033980817
2.0,1.5919402
0.0,0.025572551
6.0,2.0375097
0.0,0.015755676
2.0,1.9651513
0.0,0.023131536
0.0,0.050398618
0.0,0.085829616
0.0,-0.0114470115
0.0,-0.017413147
0.0,-0.0114470115
0.0,-0.017413147
0.0,0.013804481
0.0,0.014640842
0.0,-0.017151417
0.0,-0.0114470115
0.0,-0.017413147
0.0,0.017130494
0.0,0.019910626
0.0,0.106409185
0.0,0.090805344
0.0,0.066416934
0.0,-0.025932822
0.0,-0.0114470115
0.0,-0.017413147
0.0,0.017130494
0.0,0.019910626
0.0,0.07280954
0.0,0.07429285
0.0,0.050549876
0.0,0.06678265
0.0,0.06416032
0.0,0.05056733
0.0,0.056828838
0.0,-0.0017053991
0.0,0.0009563833
0.0,-0.006529544
0.0,-0.023481674
0.0,-0.013361755
0.0,0.008136072
0.0,0.5872884
0.0,0.526802
0.0,5.250217
0.0,4.0004125
7.0,2.7338333
0.0,0.045306385
0.0,1.2627758
0.0,0.04622834
10.0,0.8753522
0.0,0.059019674
0.0,-0.0114470115
0.0,-0.017413147
0.0,0.013804481
0.0,0.014640842
0.0,-0.017151417
0.0,-0.0114470115
0.0,-0.017413147
0.0,0.013804481
0.0,0.027804196
0.0,0.039265215
0.0,0.03996425
0.0,0.027879862
0.0,0.026914766
0.0,0.025962384
0.0,0.027379809
0.0,0.027062526
0.0,0.06406491
0.0,-0.008994117
0.0,-0.009903459
0.0,-0.011328357
0.0,-0.016636241
0.0,-0.012554652
0.0,-0.043248568
0.0,0.37741923
0.0,0.33971316
7.0,2.4301805
0.0,0.039339036
5.0,0.253782
0.0,0.036511682
3.0,0.42445275
0.0,0.023689346
0.0,0.08724119
0.0,0.026374359
2.0,0.76937044
0.0,-0.0114470115
0.0,-0.017413147
0.0,0.017130494
0.0,0.019910626
0.0,0.07280954
0.0,0.007003328
0.0,-0.0114470115
0.0,-0.017413147
0.0,-0.0114470115
0.0,-0.017413147
0.0,0.013804481
0.0,0.015594362
0.0,0.023116134
0.0,0.014632355
0.0,0.011342442
0.0,0.009163462
0.0,-0.0131401
0.0,-0.027649824
0.0,-0.031963274
0.0,-0.03739992
0.0,-0.03802096
0.0,-0.055229478
7.0,3.1296117
0.0,0.01945346
2.0,1.4970764
0.0,0.05796794
0.0,0.07381372
0.0,0.021248333
5.0,0.871272
0.0,0.04610637
0.0,0.04350252
0.0,0.053012144
0.0,0.07671707
0.0,0.051302943
0.0,0.06442255
0.0,0.054932054
0.0,0.069641344
0.0,0.0642963
0.0,0.07234132
0.0,0.08430681
0.0,0.106688365
0.0,0.11878588
0.0,0.11755558
0.0,0.090827405
0.0,0.09324474
0.0,0.1016849
0.0,0.071898624
0.0,0.12097111
0.0,0.07783411
0.0,0.090929195
0.0,0.0980566
0.0,0.11454361
0.0,0.08464213
0.0,0.05735417
0.0,-0.0114470115
0.0,-0.017413147
0.0,-0.0114470115
0.0,-0.017413147
0.0,0.017130494
0.0,0.019910626
0.0,0.07280954
0.0,0.07429285
0.0,0.050549876
0.0,0.044524286
0.0,0.046477456
0.0,0.012414009
0.0,0.0074234586
0.0,0.0036554036
0.0,-0.022282258
7.0,2.2533622
0.0,0.25793952
0.0,1.8228698
0.0,0.04230351
0.0,0.45296744
0.0,0.030008204
9.0,0.23676458
0.0,0.030480443
1.0,0.1616299
0.0,0.04083813
0.0,0.19612157
0.0,0.093905576
0.0,-0.0114470115
0.0,-0.017413147
0.0,0.017130494
0.0,0.019910626
0.0,0.07280954
0.0,0.07429285
0.0,0.040915214
0.0,-0.032929387
0.0,-0.0114470115
0.0,-0.017413147
0.0,-0.0114470115
0.0,-0.017413147
0.0,0.017130494
0.0,0.019910626
0.0,0.106409185
0.0,0.090805344
0.0,0.070303775
0.0,0.07234647
0.0,0.08683025
2.0,0.08546527
0.0,0.053629737
1.0,1.7839282
0.0,0.07831076
1.0,1.3068836
0.0,0.11406316
3.0,1.4132506
0.0,0.034015495
0.0,3.9263613
0.0,0.03991422
0.0,3.2364528
0.0,0.02013456
0.0,2.0445898
0.0,0.031070147
2.0,2.1093562
0.0,0.15625611
3.0,3.836026
0.0,0.06495746
0.0,-0.0114470115
0.0,-0.017413147
0.0,0.013804481
0.0,0.015594362
0.0,0.009411765
0.0,0.010330708
0.0,-0.009606492
0.0,-0.012386271
0.0,-0.0086553525
0.0,-0.0069759185
0.0,0.009913541
0.0,0.09609517
0.0,0.034859378
0.0,0.03589652
0.0,0.036228977
0.0,0.12930049
0.0,0.09907826
0.0,0.10871472
0.0,0.22766736
0.0,0.3547362
0.0,0.17191538
0.0,0.24106935
0.0,0.0914846
0.0,0.08821989
0.0,0.09152475
0.0,0.080153175
0.0,0.07699131
0.0,1.4116995
0.0,1.2259952
0.0,1.6837795
6.0,2.2269013
0.0,0.027957581
2.0,1.254248
0.0,0.028826443
3.0,0.36690462
0.0,0.024142485
2.0,0.8818842
0.0,0.030377798
0.0,0.027183892
0.0,0.028679872
0.0,-0.0114470115
0.0,-0.017413147
0.0,0.013804481
0.0,0.016121775
0.0,0.022384193
0.0,0.014541085
0.0,0.013645548
0.0,0.011406912
0.0,0.0071211974
0.0,0.012520581
0.0,0.030909415
0.0,0.07330035
0.0,0.069423236
0.0,0.11640003
0.0,-0.039434537
0.0,-0.0114470115
0.0,-0.017413147
0.0,0.017130494
0.0,0.019910626
0.0,0.106409185
0.0,0.090805344
0.0,0.06376843
2.0,0.053781223
0.0,0.021516573
0.0,1.1121789
0.0,0.046474494
0.0,2.030164
0.0,0.06109223
0.0,3.1289537
0.0,0.05246378
0.0,1.0884718
0.0,0.9387211
0.0,0.88748926
0.0,1.6657964
1.0,1.7905595
0.0,0.020627901
0.0,0.02447641
0.0,0.11172502
0.0,0.013827128
0.0,0.07028118
0.0,0.056935154
0.0,0.1710811
8.0,3.5896752
0.0,0.13542973
1.0,0.7859949
0.0,0.032853946
0.0,-0.0114470115
0.0,-0.017413147
0.0,-0.0114470115
0.0,-0.017413147
0.0,-0.0114470115
0.0,-0.017413147
0.0,-0.0114470115
0.0,-0.017413147
0.0,0.017130494
0.0,0.019910626
0.0,0.106409185
0.0,0.0045966893
0.0,-0.0114470115
0.0,-0.017413147
0.0,-0.0114470115
0.0,-0.017413147
0.0,0.017130494
0.0,0.019910626
0.0,0.03163553
0.0,0.032361344
0.0,0.022394909
0.0,-0.004333591
0.0,-0.017467104
0.0,-0.03291624
0.0,-0.030824907
0.0,-0.032478377
0.0,-0.045514565
0.0,1.8270965
0.0,0.39109346
0.0,3.3625996
0.0,2.324106
0.0,0.010156348
0.0,0.070943885
0.0,0.057669353
0.0,0.0568909
0.0,0.39939722
0.0,0.70670277
0.0,0.74048615
7.0,1.8211111
0.0,0.002220398
1.0,1.704153
0.0,0.05325485
4.0,0.2636841
0.0,0.005972722
0.0,1.0922655
0.0,0.015904577
0.0,-0.0114470115
0.0,-0.017413147
0.0,-0.0114470115
0.0,-0.017413147
0.0,0.017130494
0.0,0.019910626
0.0,0.058194634
0.0,0.023656162
0.0,0.00017076283
0.0,0.009185069
0.0,-0.012325018
0.0,-0.025080832
0.0,-0.016345734
7.0,0.97836334
0.0,0.11440953
0.0,0.07755267
0.0,0.10482497
0.0,-0.0114470115
0.0,-0.017413147
0.0,0.017130494
0.0,0.019910626
0.0,0.058194634
2.0,0.057614177
0.0,0.020515377
0.0,0.934411
0.0,0.033143923
0.0,0.16796948
0.0,0.048594527
0.0,0.019481655
0.0,0.09282385
0.0,0.018087586
0.0,-0.0031354143
0.0,0.025398241
0.0,0.06641284
0.0,0.41877207
0.0,0.19751517
0.0,0.04943542
0.0,0.044978414
0.0,0.018233549
0.0,0.01690486
0.0,0.023697883
0.0,0.040513955
0.0,0.39784685
7.0,1.3581728
0.0,0.024894742
0.0,0.03837391
0.0,0.032404102
2.0,0.56516385
0.0,0.01946187
0.0,0.03622601
0.0,0.05831724
0.0,-0.0114470115
0.0,-0.017413147
0.0,0.017130494
0.0,0.019910626
0.0,0.03163553
0.0,0.032361344
0.0,0.017813798
0.0,-0.0030597223
0.0,-0.010340587
0.0,-0.034887344
0.0,-0.033787634
0.0,-0.037729643
0.0,-0.07384883
0.0,2.091568
0.0,0.21705638
6.0,5.84576
0.0,0.02033585
0.0,-0.0013267874
0.0,0.032140575
3.0,1.0565897
0.0,0.016686425
0.0,-0.01565065
0.0,0.015022519
0.0,-0.01962734
0.0,-0.015568017
0.0,-0.0114470115
0.0,-0.017413147
0.0,0.017130494
0.0,0.019910626
0.0,0.058194634
0.0,0.057614177
0.0,0.039000448
0.0,0.014974084
0.0,0.008695757
0.0,-0.008103952
0.0,-0.009127946
0.0,-0.011872007
0.0,-0.049312484
0.0,1.3598651
0.0,0.5149962
0.0,-0.061711956
0.0,-0.05709933
0.0,-0.062035672
0.0,-0.060346738
0.0,-0.020041035
0.0,1.7657439
0.0,1.7268791
0.0,2.2568114
0.0,2.3848522
7.0,5.4248667
0.0,0.013036846
1.0,0.9431789
0.0,0.02944933
0.0,0.08455909
0.0,0.027376365
3.0,0.5597752
0.0,0.014236163
0.0,0.022554474
0.0,0.015246454
0.0,0.04692239
0.0,0.013315397
0.0,0.04535449
0.0,0.04592066
0.0,0.045238193
0.0,0.044540703
0.0,0.05968993
0.0,0.049668297
0.0,0.055922154
0.0,0.008772513
0.0,0.013119986
0.0,-0.0114470115
0.0,-0.017413147
0.0,0.017130494
0.0,0.019910626
0.0,0.03163553
0.0,0.032361344
0.0,0.021897515
0.0,0.02118893
0.0,0.03031153
3.0,0.043434277
0.0,0.028581407
1.0,2.2401369
0.0,0.03629099
0.0,2.0007222
0.0,0.025282195
0.0,1.5717779
0.0,0.026475003
3.0,0.6536709
0.0,0.024235984
0.0,2.7311876
0.0,0.0115928985
3.0,2.7167206
0.0,0.028487932
1.0,3.5170233
0.0,0.016189259
0.0,-0.0114470115
0.0,-0.017413147
0.0,0.017130494
0.0,0.019910626
0.0,0.10681855
0.0,-0.0114470115
0.0,-0.017413147
0.0,0.013804481
0.0,-7.966906e-05
0.0,-0.002739653
0.0,-0.0018276765
0.0,-0.008763495
0.0,-0.008362996
0.0,-0.012290846
0.0,-0.0114470115
0.0,-0.017413147
0.0,0.017130494
0.0,0.019910626
0.0,0.03163553
0.0,0.032361344
0.0,0.021897515
0.0,0.02118893
0.0,0.19366412
0.0,-0.030443763
0.0,-0.0114470115
0.0,-0.017413147
0.0,0.017130494
0.0,0.019910626
0.0,0.03163553
0.0,0.032361344
0.0,0.014240368
0.0,0.011141711
0.0,0.19770445
0.0,-0.045968615
0.0,-0.0482547
0.0,-0.06298263
0.0,-0.07268888
0.0,-0.07597426
0.0,-0.027260344
7.0,4.564336
0.0,0.025190772
0.0,-0.02802988
0.0,0.08859199
0.0,-0.0114470115
0.0,-0.017413147
0.0,-0.0114470115
0.0,-0.017413147
0.0,-0.0114470115
0.0,-0.017413147
0.0,-0.0114470115
0.0,-0.017413147
0.0,0.017130494
0.0,0.019910626
0.0,0.03163553
0.0,0.017509688
0.0,-0.0036174564
0.0,-0.004257545
0.0,-0.015521913
0.0,-0.019712226
0.0,-0.015838208
0.0,0.07188639
0.0,-0.07897486
0.0,-0.09152168
0.0,-0.09186118
0.0,-0.06712418
0.0,-0.06007761
0.0,-0.07188102
0.0,-0.005274649
0.0,0.080906875
5.0,4.235732
0.0,0.057858024
0.0,0.012562176
0.0,0.017937012
0.0,0.99563634
0.0,0.03552186
0.0,0.018545462
0.0,0.022221765
0.0,-0.0114470115
0.0,-0.017413147
0.0,0.013804481
0.0,-7.966906e-05
0.0,-0.002739653
0.0,-0.0106239505
0.0,-0.023393266
0.0,-0.028624015
0.0,-0.0043578595
0.0,-0.0038978814
0.0,-0.043870546
0.0,-0.052651796
0.0,-0.06536323
0.0,-0.089697525
0.0,-0.08461669
0.0,-0.048572537
0.0,3.2093003
0.0,2.3595307
0.0,-0.0911951
0.0,-0.09646263
0.0,-0.08965826
0.0,-0.088656336
0.0,0.061614554
7.0,0.2159445
0.0,0.029267294
1.0,2.150583
0.0,0.030489234
0.0,0.03392706
0.0,0.025292227
2.0,1.6445869
0.0,0.021466948
0.0,0.06326858
0.0,0.037355743
0.0,0.02342569
0.0,0.010837702
0.0,0.009905257
0.0,-0.006331828
0.0,-0.0114470115
0.0,-0.017413147
0.0,0.013804481
0.0,-7.966906e-05
0.0,-0.002739653
0.0,-0.0018276765
0.0,-0.0295843
0.0,-0.0114470115
0.0,-0.017413147
0.0,-0.0114470115
0.0,-0.017413147
0.0,0.017130494
0.0,0.019910626
0.0,0.058194634
0.0,0.023656162
0.0,0.00017076283
0.0,0.009185069
0.0,-0.012325018
0.0,-0.025080832
0.0,-0.016345734
0.0,0.97836334
0.0,0.050121944
6.0,3.8485172
0.0,0.0486401
0.0,0.102170356
0.0,0.060350284
3.0,1.7182708
0.0,0.021223279
0.0,0.04150583
0.0,0.048326895
0.0,0.07209084
0.0,0.038484383
0.0,0.06833472
0.0,0.042433716
0.0,0.061984148
0.0,0.058181614
0.0,0.11998261
0.0,0.05019789
0.0,0.051883224
0.0,-0.0006337553
0.0,0.0112141855
0.0,0.0001495853
0.0,0.0010156347
0.0,-0.0114470115
0.0,-0.017413147
0.0,0.017130494
0.0,0.019910626
0.0,0.07772239
0.0,0.069728054
0.0,0.044790726
0.0,0.04649258
0.0,0.046132512
2.0,0.056370936
0.0,0.023807673
0.0,2.3739357
0.0,0.044737607
0.0,1.1936986
0.0,0.028400384
0.0,0.2997011
0.0,0.031541042
1.0,0.12726437
0.0,0.029148107
0.0,0.20761885
0.0,0.03794451
0.0,1.9577448
0.0,0.06796558
3.0,1.8383834
0.0,0.032529697
0.0,1.3834726
0.0,0.028998194
0.0,1.155918
0.0,0.031538356
0.0,-0.0114470115
0.0,-0.017413147
0.0,0.017130494
0.0,0.019910626
0.0,0.05236139
0.0,0.01939773
0.0,0.010643431
0.0,-0.0017048165
0.0,-0.0027346371
0.0,-0.0076344996
0.0,-0.007473084
0.0,-0.010554339
0.0,-0.049295615
0.0,2.0449479
0.0,0.73632747
6.0,4.968601
0.0,0.025588838
5.0,2.113859
0.0,0.010891963
0.0,0.038476657
0.0,0.09921706
0.0,-0.0114470115
0.0,-0.017413147
0.0,0.017130494
0.0,0.019910626
0.0,0.07772239
0.0,0.069728054
0.0,0.034799367
0.0,0.08162438
0.0,0.1531042
0.0,-0.016613722
0.0,-0.018001154
0.0,-0.04006211
0.0,-0.050911617
0.0,-0.056616604
0.0,-0.024123993
0.0,4.8882227
0.0,4.0425024
0.0,6.7593064
0.0,6.179177
6.0,5.97112
0.0,0.01237439
0.0,-0.0114470115
0.0,-0.017413147
0.0,0.013804481
0.0,0.031136086
0.0,0.05445252
0.0,0.048075728
0.0,0.036779895
0.0,0.03609127
0.0,0.029844409
0.0,0.030695107
2.0,0.040667165
0.0,0.03452112
0.0,0.6298629
0.0,0.024842104
0.0,0.33481392
0.0,0.022936
0.0,0.038098883
0.0,0.07033972
0.0,0.010674792
0.0,0.01457399
0.0,0.012654385
0.0,0.039250348
0.0,0.33826235
0.0,0.31984344
0.0,-0.006483465
0.0,0.048546445
0.0,0.04423406
0.0,0.025087975
0.0,0.033051915
0.0,0.275899
0.0,0.3045027
0.0,0.96875036
0.0,1.284742
9.0,1.3349249
0.0,0.05211871
0.0,-0.0114470115
0.0,-0.017413147
0.0,0.013804481
0.0,0.031136086
0.0,0.05445252
0.0,0.048075728
0.0,0.036779895
0.0,0.03569009
0.0,0.032690633
0.0,0.028620165
2.0,0.04763414
0.0,0.03641352
0.0,0.91203374
0.0,0.034471545
1.0,0.4172557
0.0,0.024564413
0.0,0.3719086
0.0,0.039554913
0.0,1.1529413
0.0,0.03821305
3.0,0.4207359
0.0,0.050214887
0.0,1.4307363
0.0,0.043745253
1.0,0.7395541
0.0,0.02833989
0.0,1.5473408
0.0,0.038055994
0.0,0.06063679
0.0,0.10068094
0.0,0.06058253
0.0,0.110537104
0.0,0.056241717
0.0,0.1288733
0.0,-0.0114470115
0.0,-0.017413147
0.0,0.013804481
0.0,0.031136086
0.0,-0.008588121
0.0,-0.0114470115
0.0,-0.017413147
0.0,0.017130494
0.0,0.019910626
0.0,0.05236139
0.0,0.010256764
0.0,-0.024169058
0.0,-0.039679773
0.0,-0.05817234
0.0,-0.078601465
0.0,-0.08445138
7.0,6.312581
0.0,0.31604475
7.0,2.4948382
0.0,0.098670945
1.0,1.5293899
0.0,0.022081932
0.0,-0.0114470115
0.0,-0.017413147
0.0,0.013804481
0.0,0.031136086
0.0,0.05445252
0.0,0.048075728
0.0,0.036779895
0.0,0.03609127
0.0,0.029844409
0.0,0.026102824
0.0,0.012488359
0.0,0.011237618
0.0,0.0010358751
0.0,-9.616017e-05
0.0,-0.006493446
0.0,0.03792298
0.0,0.15023
0.0,0.08734652
7.0,2.4214687
0.0,0.03745155
4.0,0.43945765
0.0,0.05205789
0.0,0.11881658
0.0,0.057643235
6.0,0.655616
0.0,0.06521972
0.0,0.093948714
0.0,0.048929263
0.0,0.08176776
0.0,0.06473257
0.0,-0.0114470115
0.0,-0.017413147
0.0,-0.0114470115
0.0,-0.017413147
0.0,0.017130494
0.0,0.019910626
0.0,0.0649356
0.0,0.071000606
0.0,0.049983047
0.0,0.049518917
0.0,0.07348937
0.0,0.009526924
0.0,0.011243571
0.0,-0.0018143519
0.0,-0.011722066
0.0,-0.016378589
0.0,-0.0473487
7.0,0.5597608
0.0,0.024130223
2.0,1.7402573
0.0,0.025561506
0.0,0.11496941
0.0,0.05509704
2.0,1.0316694
0.0,0.014818723
0.0,0.010245997
0.0,0.024243053
0.0,0.02711352
0.0,0.025956912
0.0,0.026162557
0.0,0.025019832
0.0,-0.0114470115
0.0,-0.017413147
0.0,0.013804481
0.0,0.031136086
0.0,0.05445252
0.0,0.048075728
0.0,0.036779895
0.0,0.033835053
0.0,0.0028037934
0.0,-0.028670525
0.0,-0.029747918
0.0,-0.039954603
0.0,-0.036805227
0.0,-0.055927753
0.0,3.640961
0.0,2.8419166
7.0,4.191729
0.0,0.042969868
0.0,1.8073727
0.0,0.037388496
1.0,1.4182885
0.0,0.044591516
8.0,1.070087
0.0,0.047041323
0.0,0.06345644
0.0,0.037083425
0.0,-0.0114470115
0.0,-0.017413147
0.0,0.013804481
0.0,0.031136086
0.0,-0.008588121
0.0,-0.0114470115
0.0,-0.017413147
0.0,-0.0114470115
0.0,-0.017413147
0.0,0.017130494
0.0,0.019910626
0.0,0.07772239
0.0,0.069728054
0.0,0.038821705
0.0,0.034432027
0.0,0.10169254
0.0,0.07242437
0.0,0.081354186
0.0,-0.036299754
0.0,-0.039537106
0.0,-0.043216016
0.0,-0.049715895
0.0,-0.047867373
0.0,-0.037669506
0.0,0.2995945
0.0,0.29922906
0.0,0.0019353627
0.0,0.01050147
0.0,0.00040941534
0.0,0.00081330835
0.0,0.025610067
0.0,0.097147964
0.0,1.4662945
3.0,3.5375001
0.0,-0.0037770479
2.0,2.2408412
0.0,-0.0015695184
0.0,0.04636194
0.0,-0.013089563
4.0,2.2879884
0.0,-0.00163984
0.0,0.48368165
0.0,0.0023055642
0.0,0.7922153
0.0,0.0050885603
0.0,0.048608508
0.0,0.019321784
0.0,0.023599368
0.0,-0.012998038
0.0,-0.03963248
0.0,-0.04143779
0.0,-0.038625836
0.0,-0.0114470115
0.0,-0.017413147
0.0,0.017130494
0.0,0.019910626
0.0,0.07772239
0.0,0.069728054
0.0,0.044790726
2.0,0.04649258
0.0,0.024647402
0.0,0.87595594
0.0,0.042763513
0.0,1.0042603
0.0,0.050403483
1.0,0.22077478
0.0,0.03835509
0.0,0.29996076
0.0,0.051248558
0.0,0.57387227
0.0,0.073204234
0.0,0.059217438
0.0,0.0805958
0.0,0.057430066
0.0,0.0517555
0.0,0.09785964
0.0,0.041055933
0.0,0.32641584
0.0,0.3465181
9.0,1.0898615
0.0,0.038610995
0.0,-0.0114470115
0.0,-0.017413147
0.0,-0.0114470115
0.0,-0.017413147
0.0,0.013804481
0.0,0.031136086
0.0,-0.008588121
0.0,-0.0114470115
0.0,-0.017413147
0.0,-0.0114470115
0.0,-0.017413147
0.0,0.013804481
0.0,0.031136086
0.0,0.033408694
0.0,0.031093655
0.0,-0.0146371685
0.0,-0.0114470115
0.0,-0.017413147
0.0,0.017130494
0.0,0.019910626
0.0,0.07772239
0.0,0.069728054
0.0,0.044790726
0.0,0.04649258
0.0,0.07487564
0.0,-0.028178222
0.0,-0.0114470115
0.0,-0.017413147
0.0,0.017130494
0.0,0.019910626
0.0,0.07772239
0.0,0.05558572
0.0,0.03984671
0.0,0.046744987
0.0,0.04367815
0.0,0.040976644
0.0,0.046611793
7.0,0.75542295
0.0,0.49455747
6.0,2.6649494
0.0,0.113627754
0.0,1.0464941
0.0,0.05875556
0.0,0.09742094
0.0,0.06843227
0.0,0.07189535
0.0,0.06313442
0.0,0.37541425
0.0,0.05216674
0.0,1.1680318
0.0,-0.0114470115
0.0,-0.017413147
0.0,0.013804481
0.0,0.031136086
0.0,-0.008588121
0.0,-0.0114470115
0.0,-0.017413147
0.0,0.017130494
0.0,0.019910626
0.0,0.10681855
0.0,0.079424605
0.0,0.05426661
0.0,0.049023297
0.0,0.039651353
0.0,0.02678456
0.0,0.029967116
0.0,0.024182966
0.0,0.0010095804
3.0,1.3814867
0.0,0.023854308
2.0,2.832483
0.0,0.0026401489
0.0,-0.022179967
0.0,-0.0105863325
2.0,3.833721
0.0,-0.0052505583
0.0,0.07351473
0.0,0.026793197
0.0,0.071522266
0.0,0.027995326
0.0,0.08089046
1.0,0.07075043
0.0,0.14702322
0.0,0.057076253
0.0,0.030901663
0.0,0.05845292
5.0,0.033268683
0.0,0.021410964
0.0,0.024779888
0.0,0.030101832
0.0,0.09798546
0.0,0.046566144
0.0,-0.0114470115
0.0,-0.017413147
0.0,0.013804481
0.0,0.031136086
0.0,0.05445252
0.0,0.048075728
0.0,0.036779895
0.0,0.03609127
0.0,0.03020131
0.0,0.01224958
0.0,0.0108782835
0.0,0.008589236
0.0,0.00796802
0.0,-0.011179126
0.0,0.31636938
0.0,0.18056765
7.0,0.9463693
0.0,0.040213495
4.0,0.35305977
0.0,0.0177891
0.0,0.06119308
0.0,0.027982432
4.0,0.49269745
0.0,0.017170543
0.0,0.038064532
0.0,0.014034901
0.0,0.040358696
0.0,0.036559407
0.0,0.03764838
0.0,0.017124211
0.0,-0.0114470115
0.0,-0.017413147
0.0,-0.0114470115
0.0,-0.017413147
0.0,0.013804481
0.0,0.031136086
0.0,0.05445252
0.0,0.048075728
0.0,0.036779895
0.0,0.042157166
0.0,0.055385675
0.0,0.036376156
0.0,0.04421164
0.0,0.20838435
0.0,-0.04301192
0.0,-0.0114470115
0.0,-0.017413147
0.0,0.013804481
0.0,0.031136086
0.0,0.05445252
0.0,0.048075728
0.0,0.036779895
0.0,0.03609127
0.0,0.029844409
0.0,0.030695107
0.0,0.040667165
0.0,0.07767214
0.0,0.0706397
0.0,0.07623991
0.0,-0.030698804
0.0,-0.0114470115
0.0,-0.017413147
0.0,-0.0114470115
0.0,-0.017413147
0.0,0.017130494
0.0,0.019910626
0.0,0.05236139
0.0,0.010256764
0.0,-0.010639986
0.0,-0.026519561
0.0,-0.050732594
0.0,-0.07153288
0.0,-0.07837512
7.0,6.3844056
0.0,0.4810131
4.0,2.4601035
0.0,0.039765902
0.0,0.08255751
0.0,0.033491403
4.0,1.1452639
0.0,0.012561644
1.0,0.134404
0.0,0.00809202
0.0,0.08700864
0.0,0.03046598
0.0,0.06723473
0.0,0.0898728
0.0,0.13010469
0.0,0.03101011
0.0,0.15523705
0.0,0.08849867
0.0,0.05386753
0.0,0.055297874
0.0,0.047052924
0.0,0.03464365
0.0,0.047578994
0.0,0.034641016
0.0,0.04662172
0.0,0.0642547
0.0,-0.0114470115
0.0,-0.017413147
0.0,0.017130494
0.0,0.019910626
0.0,0.05236139
0.0,0.01939773
0.0,0.012828035
0.0,-0.01986432
0.0,-0.06495718
0.0,-0.07278915
0.0,-0.07422425
0.0,-0.07511371
0.0,-0.0034262
5.0,6.4007397
0.0,0.033825554
0.0,-0.0027490763
0.0,0.036005523
3.0,2.1624122
0.0,0.013406592
0.0,0.059507694
0.0,0.015683658
0.0,0.055933733
0.0,0.024578905
0.0,-0.0003923416
0.0,-0.03388886
0.0,-0.039681345
0.0,-0.035993163
0.0,-0.0114470115
0.0,-0.017413147
0.0,-0.0114470115
0.0,-0.017413147
0.0,0.017130494
0.0,0.019910626
0.0,0.07772239
0.0,0.069728054
0.0,0.044790726
0.0,0.037262928
0.0,0.027609976
0.0,0.01186352
0.0,0.011235718
0.0,0.006979288
0.0,-0.020952936
0.0,1.3498411
0.0,0.40859577
5.0,4.151107
0.0,0.016738582
0.0,0.05391163
0.0,0.017752621
0.0,1.7710522
0.0,-0.0018139719
0.0,1.8744133
0.0,0.02976061
0.0,-0.0114470115
0.0,-0.017413147
0.0,0.013804481
0.0,0.031136086
0.0,0.05445252
0.0,0.048075728
0.0,0.036779895
0.0,0.03609127
0.0,0.03020131
0.0,0.015144568
0.0,0.01031518
0.0,0.0084877815
0.0,0.008258249
0.0,-0.015511553
0.0,0.29678443
0.0,0.17288582
0.0,0.7958691
0.0,1.095354
7.0,0.94527036
0.0,0.026705068
5.0,0.5488332
0.0,0.036084786
0.0,-0.0114470115
0.0,-0.017413147
0.0,0.017130494
0.0,0.019910626
0.0,0.0641862
0.0,0.06199828
0.0,0.04281169
0.0,0.035614476
0.0,0.029555421
0.0,0.013296854
0.0,0.014139598
0.0,0.010049295
0.0,-0.02051226
7.0,1.3824102
0.0,0.16653004
2.0,2.033762
0.0,0.02447707
0.0,0.08311215
0.0,0.036528148
2.0,1.0567186
0.0,0.01421035
0.0,0.045541618
0.0,0.03999959
0.0,0.06563084
0.0,0.041899133
0.0,0.05551223
0.0,0.04171239
0.0,0.11652439
0.0,0.12729853
0.0,0.1977847
0.0,0.06261093
2.0,0.07009504
0.0,0.012786516
0.0,0.052601106
0.0,0.070419945
0.0,0.034786575
0.0,0.03533742
0.0,-0.0114470115
0.0,-0.017413147
0.0,0.017130494
0.0,0.019910626
0.0,0.0641862
0.0,0.005992481
0.0,-0.0114470115
0.0,-0.017413147
0.0,0.017130494
0.0,0.019910626
0.0,0.050650597
0.0,0.01647518
0.0,0.011308269
0.0,0.019895883
0.0,-0.00490503
0.0,-0.019202244
0.0,-0.013332065
0.0,4.7363443
0.0,0.04175626
7.0,4.4773254
0.0,0.21818836
2.0,2.5113716
0.0,0.025275027
4.0,0.9424405
0.0,0.016366202
0.0,-0.0114470115
0.0,-0.017413147
0.0,-0.0114470115
0.0,-0.017413147
0.0,0.013804481
0.0,0.031136086
0.0,-0.008588121
0.0,-0.0114470115
0.0,-0.017413147
0.0,-0.0114470115
0.0,-0.017413147
0.0,-0.0114470115
0.0,-0.017413147
0.0,0.017130494
0.0,0.019910626
0.0,0.0641862
0.0,0.04004666
0.0,0.019831186
0.0,0.0095935725
0.0,-0.011893108
0.0,-0.01556893
0.0,-0.008521043
0.0,0.919456
0.0,0.07060608
0.0,4.715615
0.0,3.1448262
0.0,0.099478506
0.0,0.05887181
0.0,0.050267857
0.0,0.021790234
0.0,0.015603255
0.0,1.7456795
0.0,1.7541432
5.0,1.926608
0.0,0.022626873
0.0,-0.01556171
0.0,0.12217175
4.0,1.8537638
0.0,0.007875761
0.0,0.027385104
0.0,0.021912865
0.0,0.04553151
0.0,0.035319712
0.0,0.057261
0.0,0.04552034
0.0,0.06564137
0.0,0.056588385
0.0,0.049866267
0.0,0.048113246
0.0,0.06672822
0.0,0.061008636
0.0,0.05845819
0.0,0.065981835
0.0,0.072000384
0.0,0.074319705
0.0,0.063590646
0.0,0.08832778
0.0,0.084253915
0.0,0.093834236
0.0,0.089082085
0.0,0.070696875
0.0,0.072371826
0.0,0.12279897
0.0,0.13243677
0.0,0.11036036
0.0,0.07367597
0.0,0.052866638
1.0,0.048458494
0.0,0.027079955
0.0,0.036248937
0.0,0.026571415
0.0,-0.004669493
0.0,-0.007261258
0.0,-0.0013692945
0.0,0.01196348
0.0,-0.0114470115
0.0,-0.017413147
0.0,0.017130494
0.0,0.019910626
0.0,0.0641862
1.0,0.06199828
0.0,0.027117522
0.0,0.025300993
0.0,-0.016628869
0.0,-0.0114470115
0.0,-0.017413147
0.0,-0.0114470115
0.0,-0.017413147
0.0,-0.0114470115
0.0,-0.017413147
0.0,0.017130494
0.0,0.019910626
0.0,0.07772239
0.0,0.05558572
0.0,0.026314043
0.0,0.035428993
0.0,0.034562614
0.0,0.0325031
0.0,0.03363577
0.0,0.6611172
0.0,0.24468198
0.0,3.3523874
0.0,0.11307628
7.0,2.9455802
0.0,0.024803117
5.0,1.459936
0.0,0.02772658
0.0,0.06434483
0.0,0.09496934
0.0,-0.0114470115
0.0,-0.017413147
0.0,-0.0114470115
0.0,-0.017413147
0.0,0.013804481
0.0,0.031136086
0.0,0.05445252
0.0,0.048075728
0.0,0.036779895
0.0,0.03609127
1.0,0.029844409
0.0,0.044701457
0.0,-0.013714654
0.0,-0.0114470115
0.0,-0.017413147
0.0,0.013804481
0.0,0.031136086
0.0,0.05445252
0.0,0.048075728
0.0,0.036779895
0.0,0.03609127
0.0,-0.006732808
0.0,-0.0114470115
0.0,-0.017413147
0.0,0.013804481
0.0,0.031136086
0.0,-0.008588121
0.0,-0.0114470115
0.0,-0.017413147
0.0,0.013804481
0.0,0.031136086
0.0,-0.008588121
0.0,-0.0114470115
0.0,-0.017413147
0.0,0.017130494
0.0,0.019910626
0.0,0.07772239
2.0,0.069728054
0.0,0.029905586
0.0,1.2231865
0.0,0.033523344
0.0,0.81651026
0.0,0.03740818
0.0,1.3173113
0.0,0.044297945
0.0,0.8760933
0.0,1.8232902
0.0,0.18860021
0.0,0.18869168
0.0,0.11171319
0.0,0.10041675
0.0,0.10429685
0.0,0.18272968
0.0,1.6118051
0.0,2.1809943
8.0,1.8689439
0.0,0.08940641
5.0,0.45873776
0.0,0.025861057
0.0,-0.0114470115
0.0,-0.017413147
0.0,-0.0114470115
0.0,-0.017413147
0.0,0.017130494
0.0,0.019910626
0.0,0.10681855
0.0,0.065242395
0.0,0.05467063
0.0,0.08020118
0.0,0.047396097
0.0,0.021618307
0.0,0.033506196
0.0,5.6479383
0.0,0.5865414
7.0,6.540484
0.0,0.37885013
4.0,2.5910356
0.0,0.03204079
0.0,1.1802559
0.0,0.05644242
4.0,1.8436837
0.0,0.034531303
0.0,0.08174813
0.0,0.118412025
1.0,2.345759
0.0,0.038634375
0.0,0.035963092
0.0,0.033498317
0.0,0.026212057
0.0,0.02468806
0.0,-0.0114470115
0.0,-0.017413147
0.0,0.017130494
0.0,0.019910626
0.0,0.07772239
0.0,0.05558572
0.0,0.026314043
0.0,0.035428993
0.0,0.034562614
0.0,0.0325031
0.0,0.03363577
6.0,0.6611172
0.0,0.1564054
2.0,2.561578
0.0,0.083638854
0.0,0.54221
0.0,0.0693231
2.0,2.1299908
0.0,0.034842104
0.0,0.05061898
0.0,0.055818167
0.0,0.0117295645
0.0,0.0063837077
0.0,-0.0114470115
0.0,-0.017413147
0.0,0.017130494
0.0,0.019910626
0.0,0.07772239
2.0,0.069728054
0.0,0.02406507
0.0,0.6034162
0.0,0.026186269
1.0,0.47423798
0.0,0.019094482
0.0,2.7194781
0.0,0.037432954
0.0,2.462839
0.0,0.026927127
0.0,-0.049685575
0.0,-0.0114470115
0.0,-0.017413147
0.0,0.013804481
0.0,0.031136086
0.0,0.05445252
0.0,0.048075728
0.0,0.036779895
0.0,0.03609127
1.0,0.029844409
0.0,0.04127564
0.0,-0.033789862
0.0,-0.0114470115
0.0,-0.017413147
0.0,0.013804481
0.0,0.031136086
0.0,0.05445252
0.0,0.048075728
1.0,0.036779895
0.0,0.058124263
0.0,0.08568114
0.0,0.03582696
0.0,0.028688004
0.0,0.056329973
0.0,0.019700777
0.0,0.058522988
0.0,0.014497209
0.0,0.118648805
0.0,0.27093807
0.0,0.20584717
0.0,1.3872116
0.0,1.5204594
0.0,-0.018558811
0.0,-0.04753147
0.0,-0.035457212
0.0,-0.046976015
0.0,-0.03919439
0.0,0.72145987
0.0,0.78613675
9.0,1.384718
0.0,0.03072092
0.0,0.35833356
0.0,0.033013843
0.0,0.05790912
0.0,0.071614474
0.0,-0.0114470115
0.0,-0.017413147
0.0,0.017130494
0.0,0.019910626
0.0,0.10681855
0.0,0.065242395
0.0,0.056836866
0.0,0.03695879
0.0,0.004576221
0.0,-0.020113334
0.0,-0.0063078133
6.0,4.5769944
0.0,0.38713956
5.0,2.522382
0.0,0.068812
0.0,-0.0050959317
0.0,0.053482838
0.0,-0.0114470115
0.0,-0.017413147
0.0,0.017130494
0.0,0.019910626
0.0,0.0649356
0.0,0.022038741
0.0,0.0050503593
0.0,0.015173776
0.0,-0.00685392
0.0,-0.014103627
0.0,-0.0042532887
0.0,0.82685274
0.0,0.12722608
6.0,3.6590393
0.0,0.07532351
5.0,2.0366971
0.0,0.018880121
0.0,-0.0114470115
0.0,-0.017413147
0.0,-0.0114470115
0.0,-0.017413147
0.0,0.013804481
0.0,0.031136086
0.0,0.05445252
0.0,0.048075728
0.0,0.036779895
0.0,0.03609127
0.0,0.03020131
0.0,0.015144568
0.0,0.01031518
0.0,0.0084877815
0.0,0.008258249
0.0,-0.015511553
0.0,0.29678443
0.0,0.17288582
6.0,0.7958691
0.0,0.03870543
2.0,1.2453552
0.0,0.018428124
0.0,0.043625154
0.0,0.024166094
1.0,1.3121674
0.0,0.019287055
1.0,0.03888012
0.0,0.024502782
0.0,0.061693285
0.0,0.0432854
0.0,0.052156504
0.0,0.032136064
0.0,0.03859949
0.0,-0.0114470115
0.0,-0.017413147
0.0,-0.0114470115
0.0,-0.017413147
0.0,-0.0114470115
0.0,-0.017413147
0.0,0.013804481
0.0,0.05255642
0.0,-0.006541678
0.0,-0.0114470115
0.0,-0.017413147
0.0,-0.0114470115
0.0,-0.017413147
0.0,-0.0114470115
0.0,-0.017413147
0.0,0.017130494
1.0,0.019910626
0.0,0.025745746
0.0,1.1671292
0.0,0.046218287
0.0,0.043176018
0.0,0.048792064
0.0,-0.010278322
0.0,0.0056109307
0.0,-0.017580668
0.0,-0.026189005
3.0,2.8010662
0.0,0.028500445
0.0,0.03427046
0.0,0.043714374
3.0,2.1320286
0.0,0.011967255
0.0,0.3238095
0.0,0.01354802
0.0,0.17463762
0.0,0.024203813
0.0,0.06885486
0.0,0.030096663
0.0,0.044884812
0.0,0.07260949
0.0,-0.03047406
0.0,-0.025022415
0.0,-0.023520788
0.0,-0.029728996
0.0,-0.0114470115
0.0,-0.017413147
0.0,0.017130494
1.0,0.019910626
0.0,0.025745746
1.0,1.1671292
0.0,0.015889734
0.0,0.70185757
0.0,0.030290555
1.0,0.2751963
0.0,0.008711539
0.0,2.6959524
0.0,0.056188773
0.0,1.870474
0.0,0.031558976
0.0,1.9963169
0.0,0.3808546
3.0,1.6282123
0.0,0.023704393
0.0,2.279965
0.0,0.020923374
0.0,1.7260284
0.0,0.026458181
1.0,2.6220677
0.0,0.029236238
2.0,3.3402486
0.0,0.015956305
3.0,4.6939588
0.0,0.028117983
0.0,2.3510976
0.0,0.044648692
0.0,-0.0114470115
0.0,-0.017413147
0.0,-0.0114470115
0.0,-0.017413147
0.0,0.017130494
1.0,0.019910626
0.0,0.025745746
1.0,1.1671292
0.0,0.015889734
0.0,0.70185757
0.0,0.042066377
0.0,0.45478866
0.0,0.39680406
0.0,0.0523754
0.0,0.028933875
0.0,0.023845442
0.0,0.016562752
0.0,0.018254245
0.0,0.010386691
0.0,0.44903526
0.0,0.34815794
7.0,0.89772135
0.0,0.02155984
0.0,0.090023324
0.0,0.07491095
4.0,1.704212
0.0,0.028236842
1.0,0.034700345
0.0,0.033689674
0.0,0.053497683
0.0,0.039094023
0.0,0.0355688
0.0,-0.0114470115
0.0,-0.017413147
0.0,0.017130494
1.0,0.019910626
0.0,0.025745746
0.0,0.041914053
0.0,0.09679762
0.0,0.07816836
0.0,0.029115455
0.0,0.01326524
0.0,0.020598035
0.0,2.2804034
0.0,1.1485794
0.0,-0.048931643
0.0,-0.03874657
0.0,-0.010602444
0.0,-0.02589908
0.0,-0.066898294
0.0,0.017142197
0.0,0.03776749
7.0,1.9585024
0.0,0.03138482
0.0,0.18128292
0.0,0.058519695
3.0,0.77137375
0.0,0.012558427
0.0,0.033312153
0.0,0.05835701
0.0,0.026331725
0.0,0.028967163
0.0,-0.0114470115
0.0,-0.017413147
1.0,0.013804481
0.0,0.0674004
0.0,0.032335505
0.0,0.044711616
0.0,-0.012163628
0.0,-0.0114470115
0.0,-0.017413147
0.0,0.017130494
1.0,0.019910626
0.0,0.025745746
0.0,0.0024978844
0.0,-0.0114470115
0.0,-0.017413147
0.0,0.017130494
1.0,0.019910626
0.0,0.039845522
0.0,0.17604508
0.0,0.04451228
0.0,0.19307365
0.0,0.03227861
0.0,0.019198367
0.0,0.08462356
0.0,0.030807352
0.0,0.024319986
0.0,0.012567749
0.0,-0.024543364
0.0,0.5270891
0.0,0.25669017
9.0,3.7874904
0.0,0.2237635
1.0,0.57680345
0.0,0.23908934
4.0,0.14083883
0.0,0.08406471
0.0,-0.0114470115
0.0,-0.017413147
0.0,-0.0114470115
0.0,-0.017413147
0.0,0.017130494
1.0,0.019910626
0.0,0.04726485
0.0,0.14262274
0.0,0.037733924
8.0,0.098894656
0.0,0.8070043
0.0,3.1493118
0.0,0.9004488
0.0,1.4373758
0.0,0.30927932
0.0,2.450399
0.0,0.40859365
0.0,0.035584226
0.0,-0.0114470115
0.0,-0.017413147
0.0,0.017130494
1.0,0.019910626
0.0,0.03463187
0.0,0.07576519
0.0,0.027200384
0.0,0.01798565
0.0,0.05953054
0.0,-0.016662613
0.0,0.0233805
0.0,-0.026218364
0.0,0.10430095
9.0,3.221314
0.0,0.13128754
5.0,1.9897572
0.0,0.033753764
1.0,0.05148042
0.0,0.04139642
0.0,-0.0114470115
0.0,-0.017413147
0.0,0.017130494
1.0,0.019910626
0.0,0.03463187
0.0,0.07576519
0.0,0.028435292
0.0,0.010202908
0.0,0.04917093
0.0,-0.016968977
0.0,0.036855996
0.0,-0.0285179
0.0,-0.06571747
0.0,2.455885
0.0,0.64934015
8.0,3.861999
0.0,0.02222564
0.0,0.057255756
0.0,0.049290065
6.0,0.009606518
0.0,0.01520121
0.0,0.02971357
0.0,0.03598903
0.0,0.050147783
0.0,0.032028962
0.0,0.046791624
0.0,0.023727674
0.0,0.028739022
0.0,0.029498601
0.0,0.043407198
0.0,0.045786504
0.0,0.10571412
0.0,0.10828544
0.0,0.10433698
0.0,0.11483135
0.0,0.09998006
0.0,0.10032036
0.0,0.08074151
0.0,0.09812418
0.0,-0.0114470115
0.0,-0.017413147
0.0,-0.0114470115
0.0,-0.017413147
0.0,0.017130494
1.0,0.019910626
0.0,0.03463187
0.0,0.07576519
0.0,0.026404174
3.0,0.06954062
0.0,0.025663417
4.0,2.0371773
0.0,0.033814967
7.0,3.1076455
0.0,0.10166686
0.0,3.0561783
0.0,0.043067545
0.0,-0.0114470115
0.0,-0.017413147
0.0,0.017130494
1.0,0.019910626
0.0,0.03463187
0.0,0.07576519
0.0,0.026404174
0.0,0.06954062
0.0,0.025651967
0.0,0.17429495
0.0,0.020346792
1.0,2.1105986
0.0,0.027138142
0.0,0.07657521
0.0,0.06866287
0.0,0.081190445
0.0,0.08199175
0.0,0.08188449
0.0,0.07110204
0.0,1.3848811
0.0,1.7585628
7.0,2.450642
0.0,0.016095024
0.0,0.04735392
0.0,0.01912792
5.0,0.7545505
0.0,0.0150225945
0.0,0.04456099
0.0,0.050118953
0.0,-0.0114470115
0.0,-0.017413147
1.0,0.013804481
0.0,0.0674004
0.0,0.032335505
0.0,0.044711616
0.0,0.02734323
0.0,0.041435305
0.0,0.03346584
0.0,0.039103042
0.0,0.046179656
0.0,0.8387033
0.0,0.2326957
0.0,1.3616803
1.0,1.0054803
0.0,0.011356298
0.0,0.088459
0.0,0.13312502
3.0,0.9385325
0.0,0.023073805
0.0,1.2836494
0.0,0.031717427
0.0,1.2059629
0.0,0.051706053
0.0,0.12418235
0.0,0.062610805
0.0,0.1920139
0.0,1.0216575
0.0,-0.0114470115
0.0,-0.017413147
0.0,0.017130494
1.0,0.019910626
0.0,0.03463187
0.0,0.07576519
0.0,0.0273448
0.0,0.15604475
0.0,0.015960105
0.0,-0.0038763746
0.0,0.02360038
0.0,-0.036524247
0.0,-0.040245816
0.0,-0.041458484
0.0,-0.058261003
0.0,3.653371
0.0,1.5198278
0.0,0.035122983
0.0,-0.06439504
0.0,-0.055814974
0.0,-0.064922504
0.0,0.16591987
0.0,0.2652299
0.0,0.34270805
6.0,1.6218046
0.0,0.017616715
0.0,0.065480515
0.0,0.015583318
3.0,1.0834935
0.0,0.012844045
0.0,0.13038287
0.0,0.019243205
0.0,0.028179742
0.0,0.013616188
0.0,0.028568234
1.0,0.0185789
0.0,0.09784981
0.0,0.07877856
0.0,0.09621129
0.0,0.08582533
0.0,0.09123429
0.0,0.0825184
0.0,0.08875181
0.0,0.07827175
0.0,0.099569574
0.0,0.11763793
0.0,0.105450496
0.0,0.10431691
0.0,0.09906053
0.0,0.15258329
0.0,0.15485823
0.0,0.08686937
0.0,0.13279821
0.0,0.09035251
0.0,0.07053359
0.0,0.07883229
0.0,0.059663966
0.0,0.06482355
0.0,0.07406471
0.0,0.07027193
0.0,0.105058104
0.0,-0.0052792085
0.0,0.0012161881
0.0,-1.2817978e-05
0.0,0.028731626
0.0,-0.0114470115
0.0,-0.017413147
0.0,-0.0114470115
0.0,-0.017413147
0.0,0.017130494
1.0,0.019910626
0.0,0.04759247
0.0,0.019006528
0.0,0.05674567
0.0,0.0027296215
0.0,-0.0051041897
0.0,-0.008407176
0.0,-0.015024773
0.0,1.9233837
0.0,-0.0052280887
0.0,3.0913503
0.0,0.30485186
0.0,-0.023148762
0.0,-0.06110675
0.0,-0.05478257
0.0,-0.047836795
0.0,0.003228484
0.0,0.68346465
0.0,0.7005317
9.0,1.3230636
0.0,0.039622754
0.0,0.06404741
0.0,0.06356033
0.0,-0.0114470115
0.0,-0.017413147
1.0,0.013804481
0.0,0.0674004
0.0,0.012929565
0.0,-0.0114470115
0.0,-0.017413147
0.0,-0.0114470115
0.0,-0.017413147
1.0,0.013804481
0.0,0.06319344
0.0,0.0092267655
0.0,-0.0114470115
0.0,-0.017413147
0.0,-0.0114470115
0.0,-0.017413147
0.0,0.017130494
1.0,0.019910626
0.0,0.03463187
0.0,0.07576519
0.0,0.031116934
0.0,0.0981368
0.0,0.023615124
0.0,-0.029808944
0.0,-0.0114470115
0.0,-0.017413147
1.0,0.013804481
0.0,0.06319344
0.0,0.05679342
0.0,0.032625858
0.0,0.047812503
0.0,0.037915807
0.0,0.029995995
0.0,0.05663895
0.0,0.0069975774
0.0,-0.0008557647
0.0,0.0025265603
0.0,0.21070409
6.0,1.447135
0.0,0.043520585
0.0,0.01714706
0.0,0.036695212
2.0,3.3138921
0.0,0.032142904
0.0,0.07693938
0.0,0.043660186
0.0,0.045762714
0.0,0.060134508
0.0,0.123313636
0.0,0.09091827
0.0,0.17284112
0.0,0.088997684
0.0,0.08842338
0.0,0.060367662
0.0,0.07217963
0.0,0.050475806
0.0,0.034814034
0.0,-0.008918628
0.0,0.0133772325
0.0,0.0034011214
0.0,-0.0114470115
0.0,-0.017413147
1.0,0.013804481
0.0,0.0674004
0.0,0.05237132
0.0,0.047442935
0.0,0.03946777
0.0,0.042488813
0.0,0.030002581
0.0,0.059683625
0.0,0.0317858
0.0,0.02988347
0.0,0.0043660416
0.0,-0.0019892438
0.0,-0.01352084
0.0,0.03245484
0.0,0.71119183
0.0,0.61279756
8.0,2.8191829
0.0,0.047458183
5.0,0.4240514
0.0,0.06180809
0.0,0.2667147
0.0,0.038646534
0.0,-0.0114470115
0.0,-0.017413147
1.0,0.013804481
0.0,0.0674004
0.0,0.05237132
0.0,0.047442935
0.0,0.03946777
0.0,0.042488813
0.0,-0.008876602
0.0,-0.0114470115
0.0,-0.017413147
0.0,-0.0114470115
0.0,-0.017413147
1.0,0.013804481
0.0,0.0674004
0.0,0.05237132
0.0,0.047442935
0.0,0.03946777
0.0,0.042488813
0.0,0.030002581
0.0,0.059432458
0.0,0.04386814
0.0,0.09278929
0.0,0.094762
0.0,0.13213038
0.0,0.10568357
0.0,0.13895892
0.0,0.035538606
0.0,-0.0025895862
0.0,0.0100876475
0.0,0.009052406
0.0,0.0047695544
0.0,0.013902516
0.0,0.13744938
0.0,0.35779306
3.0,0.21320148
0.0,0.03433384
0.0,0.10677576
0.0,0.08457363
0.0,0.027249299
0.0,0.077775896
0.0,0.008830168
0.0,0.08117489
0.0,0.15022582
8.0,0.13040407
0.0,0.035665948
2.0,0.5641496
0.0,0.07145369
0.0,0.30981278
0.0,0.0550558
0.0,-0.0114470115
0.0,-0.017413147
1.0,0.013804481
0.0,0.0674004
0.0,0.032335505
0.0,0.04534104
0.0,-0.015535592
0.0,-0.0114470115
0.0,-0.017413147
0.0,0.017130494
1.0,0.019910626
0.0,0.030987665
0.0,0.0007236838
0.0,-0.0114470115
0.0,-0.017413147
0.0,-0.0114470115
0.0,-0.017413147
0.0,-0.0114470115
0.0,-0.017413147
0.0,0.013804481
0.0,0.012500315
0.0,-0.016412053
0.0,-0.0114470115
0.0,-0.017413147
0.0,0.017130494
1.0,0.019910626
0.0,0.03463187
0.0,0.07576519
0.0,0.026404174
0.0,0.06954062
0.0,0.025651967
0.0,0.17429495
0.0,0.027367549
0.0,0.10869838
0.0,0.06425531
13.0,0.083320074
0.0,0.23264727
0.0,0.08326209
0.0,-0.0114470115
0.0,-0.017413147
0.0,0.017130494
1.0,0.019910626
0.0,0.039845522
7.0,0.17604508
0.0,1.1675516
7.0,3.6493998
0.0,1.5278107
0.0,-0.0114470115
0.0,-0.017413147
0.0,0.017130494
1.0,0.019910626
0.0,0.039845522
0.0,0.17604508
0.0,0.049104232
0.0,0.09838042
0.0,0.044385873
0.0,0.046654653
0.0,0.061097022
0.0,0.016650554
0.0,0.006409192
0.0,7.513463e-05
0.0,-0.04669529
0.0,1.077519
0.0,0.8118566
9.0,4.734745
0.0,0.046973456
0.0,-0.0114470115
0.0,-0.017413147
0.0,0.013804481
0.0,0.012500315
0.0,0.013119682
0.0,0.0067230044
0.0,0.009003009
0.0,0.03419472
0.0,0.037028454
0.0,0.06150636
0.0,0.054216832
0.0,0.077432394
0.0,0.06943261
0.0,0.08845781
0.0,0.102077745
0.0,0.21414518
0.0,0.13651714
0.0,0.17997049
0.0,0.04599311
0.0,0.054641675
0.0,0.060685273
0.0,0.04932748
0.0,0.05036888
0.0,0.0513567
0.0,0.15753286
0.0,0.7264413
0.0,1.6994869
0.0,1.7932792
7.0,1.8461934
0.0,0.043633588
5.0,0.17362526
0.0,0.03272929
0.0,-0.0114470115
0.0,-0.017413147
0.0,0.017130494
1.0,0.019910626
0.0,0.03463187
0.0,0.07576519
0.0,0.02803183
0.0,0.015249189
0.0,0.050518285
0.0,-0.011490431
0.0,-0.021509733
0.0,-0.022532841
0.0,-0.05710151
9.0,1.4015223
0.0,0.19467029
3.0,1.1651586
0.0,0.06296163
0.0,0.114706315
0.0,0.038656186
1.0,1.2464569
0.0,0.028265238
0.0,0.028916446
0.0,0.034690212
0.0,0.019291893
0.0,0.035202324
0.0,-0.0114470115
0.0,-0.017413147
0.0,0.013804481
0.0,0.012500315
0.0,0.013119682
0.0,0.0067230044
0.0,0.009003009
0.0,0.03419472
6.0,0.037028454
0.0,0.025801172
0.0,2.0757825
0.0,0.08944279
0.0,0.8117104
0.0,0.06956403
0.0,-0.0048628775
0.0,-0.0114470115
0.0,-0.017413147
0.0,0.017130494
1.0,0.019910626
0.0,0.039845522
0.0,0.17604508
0.0,0.04513732
0.0,0.111957036
0.0,0.037860736
0.0,0.083477005
0.0,0.024728084
0.0,0.11667038
0.0,0.08765106
0.0,0.017154204
0.0,0.013341894
0.0,0.031925607
0.0,0.0483807
0.0,0.03809189
0.0,0.057269156
0.0,0.9416127
0.0,1.142607
0.0,-0.0014425799
0.0,0.005409288
0.0,0.004080297
0.0,0.010826328
0.0,0.14124103
0.0,0.32329506
0.0,1.4650671
9.0,1.3288873
0.0,0.062612124
0.0,-0.0114470115
0.0,-0.017413147
0.0,0.017130494
1.0,0.019910626
0.0,0.03463187
0.0,-0.012797764
0.0,-0.0114470115
0.0,-0.017413147
0.0,0.017130494
1.0,0.019910626
0.0,0.03463187
0.0,-0.006437918
0.0,0.042767186
0.0,-0.010027357
0.0,0.027080588
0.0,-0.033394277
0.0,0.057389863
6.0,2.546837
0.0,0.32508284
0.0,0.09748351
0.0,0.06280886
1.0,2.2316787
0.0,0.035495996
0.0,0.06594141
0.0,0.06355653
0.0,0.1499739
0.0,0.09116052
0.0,0.27706167
1.0,0.16580215
0.0,0.16949604
0.0,0.17675708
0.0,0.15320282
0.0,0.06266459
0.0,0.11703445
0.0,0.065457694
0.0,0.06885066
0.0,0.06457682
0.0,0.061243795
0.0,0.021657545
0.0,0.044932384
0.0,0.045701157
0.0,0.09026919
1.0,0.18070236
0.0,0.1898571
0.0,0.07899791
0.0,0.05033463
0.0,0.1049722
0.0,-0.021737391
0.0,-0.024711592
0.0,-0.026709171
0.0,-0.0067631807
0.0,-0.0114470115
0.0,-0.017413147
0.0,0.017130494
1.0,0.019910626
0.0,0.039845522
0.0,0.17604508
0.0,0.041223023
0.0,0.11333231
0.0,0.02929744
0.0,0.109125786
0.0,0.034991816
0.0,0.0029914526
0.0,-0.003490999
0.0,-0.006223711
0.0,-0.024933096
0.0,-0.023980867
0.0,-0.0064057973
0.0,0.7543531
0.0,0.603735
0.0,0.018655023
0.0,0.003682357
0.0,-0.015382613
0.0,0.016428139
0.0,0.0028209684
0.0,0.021092946
0.0,1.2785344
8.0,3.1038024
0.0,0.014097243
4.0,1.2730803
0.0,0.02978802
0.0,0.17121328
0.0,0.023585789
0.0,-0.0114470115
0.0,-0.017413147
0.0,-0.0114470115
0.0,-0.017413147
0.0,-0.0114470115
0.0,-0.017413147
0.0,-0.0114470115
0.0,-0.017413147
0.0,0.017130494
1.0,0.019910626
0.0,0.04759247
0.0,0.019006528
0.0,0.05674567
0.0,0.0027296215
0.0,-0.0051041897
0.0,-0.008407176
0.0,-0.015024773
0.0,1.9233837
0.0,-0.0052280887
0.0,-0.050420962
0.0,-0.047415577
0.0,-0.027837507
0.0,-0.021252183
0.0,-0.04680599
0.0,-0.0100120315
0.0,0.09258664
0.0,2.1242304
0.0,1.9571117
7.0,1.545806
0.0,0.0507349
0.0,0.035762362
0.0,0.024479805
5.0,1.0093029
0.0,0.018770814
0.0,0.73103535
0.0,0.02154763
0.0,0.46611217
0.0,0.0256049
0.0,0.07303532
0.0,0.046855893
0.0,0.04450534
0.0,0.018992165
0.0,0.039042294
0.0,0.017774533
0.0,0.051108826
0.0,-0.0114470115
0.0,-0.017413147
0.0,0.013804481
0.0,0.012500315
0.0,0.013119682
0.0,0.0067230044
0.0,0.009003009
0.0,0.014100536
0.0,0.044960883
0.0,0.05631594
0.0,0.05799183
0.0,0.05054501
0.0,0.047986433
0.0,0.0720474
0.0,0.07138555
0.0,0.09218796
0.0,0.015074677
0.0,-0.0086864345
0.0,-0.009939455
0.0,-0.013460448
0.0,-0.017388474
0.0,-0.046271585
0.0,0.56120515
0.0,0.40837604
7.0,0.37536877
0.0,0.022740511
0.0,0.061671067
0.0,0.024298504
2.0,1.0725236
0.0,0.039081305
0.0,0.049187597
0.0,0.07070022
0.0,-0.0114470115
0.0,-0.017413147
0.0,0.017130494
1.0,0.019910626
0.0,0.030987665
0.0,0.017532917
0.0,0.069790244
0.0,0.03833361
0.0,0.03841938
0.0,0.0028942032
0.0,0.032108985
6.0,1.552353
0.0,0.06280571
0.0,0.09622829
0.0,0.08101469
1.0,1.5257684
0.0,0.039313905
0.0,0.09718642
0.0,0.055559907
0.0,0.07284485
0.0,0.050674435
0.0,0.10977271
0.0,0.09390324
0.0,0.070002094
0.0,0.069061115
0.0,0.05354994
0.0,0.040464357
0.0,0.0062069413
0.0,0.07643788
0.0,0.02132225
0.0,0.0019748046
0.0,-0.0114470115
0.0,-0.017413147
0.0,0.013804481
0.0,0.012500315
0.0,0.013119682
0.0,0.0067230044
0.0,0.009003009
0.0,0.028588297
0.0,0.08553427
0.0,0.07527188
0.0,0.06706384
0.0,0.06651254
0.0,-0.00928508
0.0,-0.016689464
0.0,-0.012377861
0.0,-0.019360062
0.0,-0.009981456
0.0,-0.040947817
0.0,0.6519317
0.0,0.67873204
0.0,-0.018694691
0.0,-0.014324319
0.0,-0.014733886
0.0,-0.0120146
0.0,-0.012700286
9.0,0.712984
0.0,0.03868053
0.0,-0.0114470115
0.0,-0.017413147
0.0,-0.0114470115
0.0,-0.017413147
0.0,-0.0114470115
0.0,-0.017413147
0.0,0.013804481
0.0,0.012500315
0.0,-0.016412053
0.0,-0.0114470115
0.0,-0.017413147
0.0,0.013804481
0.0,0.012500315
0.0,0.013119682
0.0,0.0067230044
0.0,0.009003009
0.0,0.03419472
0.0,0.037028454
0.0,0.043032385
0.0,0.04978371
0.0,0.08031821
0.0,0.07363531
0.0,0.083108075
0.0,0.09358335
0.0,0.12078047
0.0,0.09309738
0.0,0.08663461
0.0,0.10412115
0.0,0.08119779
0.0,0.023229774
0.0,0.0031279668
0.0,0.0031550971
0.0,0.0027133836
0.0,0.012536616
0.0,0.12391114
9.0,0.2878053
0.0,0.052641563
3.0,0.16375066
0.0,0.051092133
0.0,0.09771061
0.0,0.03275057
0.0,-0.0114470115
0.0,-0.017413147
0.0,-0.0114470115
0.0,-0.017413147
0.0,0.013804481
0.0,0.012500315
0.0,-0.016412053
0.0,-0.0114470115
0.0,-0.017413147
0.0,0.013804481
0.0,0.012500315
0.0,0.013119682
0.0,0.0067230044
0.0,0.009003009
0.0,0.014100536
0.0,0.044960883
0.0,0.047965027
0.0,0.05499105
0.0,0.09333829
0.0,0.08855995
0.0,0.18045768
0.0,0.11221631
0.0,0.12500285
0.0,0.11604437
0.0,0.10715663
0.0,0.030926894
0.0,0.03261489
0.0,0.032190453
0.0,-0.0069054957
0.0,0.0013501688
0.0,0.004438339
0.0,0.22793448
0.0,1.0777348
0.0,0.13513596
0.0,0.03317764
0.0,0.028408187
0.0,0.031011326
0.0,0.03334777
0.0,0.092814445
0.0,0.2762685
9.0,0.25829133
0.0,0.041935764
0.0,-0.0114470115
0.0,-0.017413147
0.0,0.017130494
1.0,0.019910626
0.0,0.039845522
0.0,0.023582825
0.0,0.07863901
0.0,0.019345116
0.0,0.03187251
0.0,0.0013114869
0.0,0.060715545
0.0,1.7326217
0.0,0.41729075
0.0,-0.05838356
0.0,-0.009056484
0.0,-0.0077210083
0.0,-0.024165334
0.0,-0.07071871
0.0,0.13063377
0.0,0.3166533
9.0,2.6459122
0.0,0.24827631
0.0,0.7514858
0.0,0.22676802
3.0,0.24488916
0.0,0.021844976
0.0,0.072042204
0.0,0.051114626
0.0,-0.0114470115
0.0,-0.017413147
0.0,-0.0114470115
0.0,-0.017413147
0.0,0.017130494
1.0,0.019910626
0.0,0.039845522
0.0,0.17604508
0.0,0.044114213
0.0,0.053344525
0.0,0.056403816
0.0,-0.003568971
0.0,0.03039315
0.0,-0.0038639111
0.0,-0.031272117
0.0,1.6189677
0.0,0.19836931
9.0,3.6448486
0.0,0.03100892
0.0,0.02387379
0.0,0.08214242
0.0,-0.0114470115
0.0,-0.017413147
0.0,0.013804481
0.0,0.012500315
0.0,0.013119682
0.0,0.0067230044
0.0,0.009003009
0.0,0.03419472
0.0,-0.003685194
0.0,-0.0114470115
0.0,-0.017413147
0.0,0.013804481
0.0,0.012500315
0.0,0.013119682
0.0,0.0067230044
0.0,0.009003009
0.0,0.0075695734
0.0,0.011917123
0.0,0.049100406
0.0,-0.005453695
0.0,-0.008269116
0.0,-0.014396211
0.0,-0.0200689
0.0,-0.01665572
0.0,-0.002360028
0.0,0.2304823
0.0,0.0938197
0.0,-0.020605382
0.0,-0.018622294
0.0,-0.017660566
0.0,-0.017301029
0.0,0.02406725
0.0,0.032960013
0.0,0.36023974
8.0,1.4759077
0.0,0.049846333
0.0,-0.0114470115
0.0,-0.017413147
0.0,-0.0114470115
0.0,-0.017413147
0.0,0.017130494
1.0,0.019910626
0.0,0.03463187
0.0,-0.006437918
0.0,0.042767186
0.0,-0.010027357
0.0,0.027080588
0.0,-0.033394277
0.0,0.057389863
0.0,2.546837
0.0,-0.037703246
6.0,5.03725
0.0,0.029301342
0.0,0.103714466
0.0,0.03935051
2.0,1.1912285
0.0,0.013568564
1.0,0.015559886
0.0,0.02776212
0.0,0.036615696
0.0,0.024569632
0.0,0.059992976
0.0,0.030777916
0.0,0.035944752
0.0,0.02013983
0.0,0.03405671
0.0,0.054930154
0.0,0.049013466
0.0,0.048954036
0.0,0.028170446
0.0,0.03103301
0.0,0.029544072
0.0,0.03273309
0.0,0.027450182
0.0,0.042412106
0.0,0.045232467
0.0,0.05538101
0.0,0.0528487
0.0,0.047321368
0.0,0.062084083
0.0,0.07868356
0.0,0.06367554
0.0,0.078168236
0.0,0.049786776
0.0,0.059843745
0.0,0.058846377
0.0,0.065291435
5.0,0.051907923
0.0,0.12876572
0.0,0.14662181
0.0,0.16594113
0.0,-0.0114470115
0.0,-0.017413147
0.0,0.013804481
0.0,0.012500315
0.0,0.013119682
0.0,0.0067230044
0.0,0.009003009
0.0,0.03419472
0.0,-0.003685194
0.0,-0.0114470115
0.0,-0.017413147
0.0,0.017130494
0.0,0.019910626
0.0,0.028458394
0.0,-0.0051494837
0.0,-0.016813489
0.0,-0.017616108
0.0,-0.032927662
0.0,-0.039279707
0.0,-0.03050613
6.0,1.5914751
0.0,0.039038748
0.0,0.04300548
0.0,0.025342131
2.0,2.3174648
0.0,0.026154604
0.0,0.0596781
0.0,0.046805102
0.0,0.09185794
0.0,0.09143213
0.0,0.116500884
0.0,0.08386758
0.0,0.20191285
0.0,0.07655621
0.0,0.10081048
0.0,0.11530182
0.0,1.2362003e-05
0.0,0.088860914
0.0,-0.0031530454
0.0,-0.017683895
0.0,-0.0114470115
0.0,-0.017413147
0.0,0.017130494
0.0,0.019910626
0.0,0.0641862
0.0,0.06199828
0.0,0.086212605
0.0,0.09130428
0.0,0.053720832
1.0,0.10009443
0.0,0.23117639
0.0,0.86694545
0.0,0.083631456
3.0,0.59468853
0.0,0.04146135
0.0,2.174217
0.0,0.15811566
0.0,2.9776967
0.0,0.06560381
3.0,2.1889162
0.0,0.01932741
0.0,-0.0114470115
0.0,-0.017413147
0.0,0.017130494
0.0,0.019910626
0.0,0.028458394
0.0,0.04183702
0.0,0.085280746
0.0,0.07814103
0.0,0.083540335
0.0,0.09011586
0.0,0.090488136
0.0,0.09641962
0.0,0.097915776
0.0,0.038432125
0.0,0.03402175
0.0,0.04937888
0.0,0.04654907
0.0,0.045315657
0.0,0.04501466
0.0,0.3489686
0.0,0.469037
9.0,3.1275651
0.0,0.06321052
5.0,0.31779212
0.0,0.1287007
0.0,-0.0114470115
0.0,-0.017413147
0.0,0.017130494
0.0,0.019910626
0.0,0.028458394
0.0,0.04183702
0.0,0.032247372
0.0,0.090594605
0.0,0.09626102
0.0,0.00742432
0.0,0.007432654
0.0,-0.007261663
0.0,-0.0151970815
0.0,-0.017830264
0.0,-0.06556558
0.0,0.55667275
0.0,0.4439874
8.0,3.0083947
0.0,0.020711066
0.0,0.05714128
0.0,0.030152192
4.0,0.6892005
0.0,0.022290211
0.0,0.029273856
0.0,0.028521774
0.0,0.025846567
0.0,0.025338711
0.0,0.059290446
0.0,0.042249575
0.0,0.045984674
0.0,0.046629727
0.0,0.08106576
0.0,0.0430525
0.0,0.0442316
0.0,0.03717472
0.0,0.00080626603
0.0,2.2900103e-05
0.0,0.002618718
0.0,0.00028113424
0.0,-0.0114470115
0.0,-0.017413147
0.0,0.013804481
0.0,0.012500315
0.0,0.008993003
0.0,0.010978498
0.0,0.0053781806
0.0,0.031445235
1.0,0.029396944
0.0,0.034468964
0.0,0.09117889
0.0,0.08747166
0.0,0.078938074
0.0,0.19550776
0.0,0.31621772
0.0,0.078169756
1.0,0.0933104
0.0,0.09190296
0.0,0.6542447
0.0,0.027132569
3.0,0.09936122
0.0,0.048234913
0.0,1.1017172
0.0,0.14382215
0.0,1.7860858
0.0,0.03073047
1.0,1.9034485
0.0,0.04170689
2.0,0.20897342
0.0,0.028350329
0.0,3.9498475
0.0,0.033228457
0.0,-0.0114470115
0.0,-0.017413147
0.0,-0.0114470115
0.0,-0.017413147
0.0,0.017130494
0.0,0.019910626
0.0,0.0641862
0.0,0.04004666
0.0,0.00086878537
0.0,0.010566143
0.0,-0.0077117365
0.0,-0.0120101925
0.0,-0.0037387966
0.0,0.92227006
0.0,0.0843063
0.0,-0.070816845
0.0,-0.07066283
0.0,-0.022953859
0.0,-0.024917617
0.0,-0.065448746
0.0,0.101018205
0.0,0.6505062
8.0,4.440848
0.0,0.16268155
0.0,0.10417972
0.0,0.15595806
5.0,0.26685837
0.0,0.04408085
0.0,0.13353395
0.0,0.06464132
0.0,0.055541795
0.0,0.03877276
0.0,0.018190434
0.0,0.034336984
0.0,-0.0114470115
0.0,-0.017413147
0.0,-0.0114470115
0.0,-0.017413147
0.0,0.013804481
0.0,0.012500315
0.0,-0.016412053
0.0,-0.0114470115
0.0,-0.017413147
0.0,-0.0114470115
0.0,-0.017413147
0.0,0.013804481
0.0,0.012500315
0.0,0.013119682
0.0,0.0067230044
0.0,0.009003009
0.0,0.031481713
0.0,0.07040862
0.0,0.08972032
14.0,0.07729484
0.0,0.053116284
0.0,0.8502397
0.0,0.06547467
0.0,0.08103283
0.0,0.0569234
0.0,0.40127534
0.0,0.047050517
0.0,0.07486824
0.0,0.09337994
0.0,0.08090217
0.0,0.17457198
0.0,0.07420409
0.0,0.0852084
0.0,0.14031504
0.0,0.2489084
0.0,-0.0114470115
0.0,-0.017413147
0.0,-0.0114470115
0.0,-0.017413147
0.0,-0.0114470115
0.0,-0.017413147
0.0,-0.0114470115
0.0,-0.017413147
0.0,0.013804481
0.0,0.012500315
0.0,-0.016412053
0.0,-0.0114470115
0.0,-0.017413147
0.0,0.017130494
0.0,0.019910626
0.0,0.06288257
0.0,0.058446992
0.0,0.08178278
0.0,0.11342741
0.0,0.19422323
0.0,-0.018350482
0.0,-0.021321617
0.0,-0.04336094
0.0,-0.057210486
0.0,-0.061714057
0.0,-0.029244445
8.0,4.6874766
0.0,0.09550792
4.0,0.97851026
0.0,0.036002204
0.0,-0.0114470115
0.0,-0.017413147
0.0,-0.0114470115
0.0,-0.017413147
0.0,0.017130494
0.0,0.019910626
0.0,0.06288257
0.0,0.030916205
0.0,0.00052558776
0.0,0.008785306
0.0,-0.011831247
0.0,-0.018714502
0.0,-0.013272865
7.0,1.143253
0.0,0.20529006
0.0,0.37125596
0.0,0.11953545
2.0,2.1612055
0.0,0.066877194
0.0,0.08845231
0.0,0.06521073
0.0,0.07036566
0.0,0.06363693
0.0,0.063324384
0.0,0.061396495
0.0,0.040701944
3.0,0.04730381
0.0,0.12146215
0.0,0.039260555
0.0,0.12441606
0.0,0.059237298
0.0,0.012585253
0.0,0.041892245
0.0,0.0070935097
0.0,0.007033549
0.0,-0.0114470115
0.0,-0.017413147
0.0,-0.0114470115
0.0,-0.017413147
0.0,0.017130494
0.0,0.019910626
0.0,0.028458394
0.0,-0.01138467
0.0,-0.0114470115
0.0,-0.017413147
0.0,-0.0114470115
0.0,-0.017413147
0.0,0.017130494
0.0,0.019910626
0.0,0.028458394
0.0,0.04183702
0.0,0.085280746
0.0,0.07814103
0.0,0.057948813
0.0,0.050513297
0.0,0.063580975
1.0,0.11664309
0.0,0.042881966
4.0,0.07876665
0.0,0.034202266
0.0,2.6097324
0.0,0.026129652
0.0,3.8006983
0.0,0.029203383
0.0,2.3707142
0.0,0.025598263
0.0,1.7586244
0.0,0.59471667
1.0,0.1028011
0.0,0.029445328
0.0,-0.0114470115
0.0,-0.017413147
0.0,-0.0114470115
0.0,-0.017413147
0.0,0.013804481
0.0,0.012500315
0.0,0.013119682
0.0,0.0067230044
0.0,0.009003009
0.0,0.031481713
0.0,0.07040862
0.0,0.08972032
0.0,0.07729484
0.0,0.09624141
0.0,0.09241935
0.0,0.19515763
0.0,0.102384485
0.0,0.11972954
0.0,0.076390795
0.0,0.06434917
1.0,0.06431416
0.0,0.047206916
0.0,0.0927003
0.0,0.094992265
0.0,0.7719179
0.0,0.0878679
3.0,0.08473115
0.0,0.04107985
0.0,-0.0114470115
0.0,-0.017413147
0.0,-0.0114470115
0.0,-0.017413147
0.0,0.017130494
0.0,0.019910626
0.0,0.028458394
0.0,-0.0051494837
0.0,-0.027400834
0.0,-0.024794986
0.0,-0.039205637
0.0,-0.045902092
0.0,-0.030633297
0.0,1.4984555
0.0,-0.06642996
3.0,3.1160808
0.0,0.014521528
0.0,-0.040142007
0.0,0.06995541
3.0,4.28666
0.0,0.034263648
0.0,0.03772085
0.0,0.053869024
0.0,0.06780239
0.0,0.047736913
0.0,0.05693908
0.0,0.0763762
0.0,0.12354178
0.0,0.09184238
0.0,-0.046594467
0.0,-0.0114470115
0.0,-0.017413147
0.0,0.013804481
0.0,0.012500315
0.0,0.008993003
0.0,0.012604278
0.0,-0.015453846
0.0,-0.0114470115
0.0,-0.017413147
0.0,0.017130494
0.0,0.019910626
0.0,0.0649356
0.0,0.071000606
0.0,0.049983047
0.0,0.012333707
0.0,-0.005604699
0.0,-0.019351196
0.0,-0.02410094
0.0,-0.02739278
0.0,-0.03282218
0.0,1.3929634
0.0,0.2627277
9.0,2.9444761
0.0,0.029688641
0.0,0.6663373
0.0,0.044724356
0.0,0.097648956
0.0,0.041291926
0.0,0.39003888
0.0,0.034569453
0.0,0.08735569
0.0,0.048970755
0.0,0.032033496
0.0,0.0474671
0.0,0.13475774
0.0,0.06274135
0.0,0.20529081
0.0,0.25571385
0.0,1.0663334
0.0,0.10243105
0.0,0.63429946
0.0,0.5528751
0.0,0.65363246
0.0,0.2962689
1.0,0.47417888
0.0,0.044164523
1.0,0.45097625
0.0,0.03475747
0.0,-0.0114470115
0.0,-0.017413147
0.0,0.017130494
0.0,0.019910626
0.0,0.083724245
0.0,0.04274568
0.0,0.019172072
0.0,0.032409877
0.0,0.0076471656
0.0,-0.015709927
0.0,0.0048942133
0.0,1.9042894
0.0,0.22070871
6.0,4.3767858
0.0,0.04043606
0.0,0.11252204
0.0,0.07681827
1.0,1.6985795
0.0,0.02226488
0.0,0.045761373
0.0,0.050125238
0.0,0.047594015
4.0,0.040791318
0.0,0.17133145
0.0,0.17115915
0.0,0.02591058
0.0,-0.0114470115
0.0,-0.017413147
0.0,0.013804481
0.0,0.012500315
0.0,0.013119682
0.0,0.0067230044
0.0,0.009003009
0.0,0.031481713
0.0,0.07040862
0.0,0.078072734
0.0,-0.007994213
0.0,-0.00907746
0.0,-0.018906062
0.0,-0.026627602
0.0,-0.023535987
0.0,0.10308008
0.0,0.64046514
0.0,0.26434016
7.0,0.8091662
0.0,0.08252179
0.0,0.0537356
0.0,0.10064955
3.0,0.91418856
0.0,0.07695927
0.0,0.051821314
0.0,0.044149473
0.0,0.0859025
0.0,0.06096585
0.0,0.063555285
2.0,0.06560781
0.0,0.12730314
0.0,0.07674364
0.0,0.08393319
0.0,0.10979088
0.0,0.082615465
0.0,0.081365384
0.0,0.026317412
0.0,0.008186179
0.0,0.015431301
0.0,0.019162625
0.0,-0.0114470115
0.0,-0.017413147
0.0,0.017130494
0.0,0.019910626
0.0,0.05765182
0.0,0.056175828
0.0,0.05646294
0.0,0.057396095
0.0,0.05648199
0.0,0.062256895
0.0,0.07305235
0.0,-0.0010279207
0.0,-0.009001007
0.0,-0.011825091
0.0,-0.018545436
0.0,0.0031417727
0.0,-0.015779234
0.0,0.23724897
0.0,0.23091061
0.0,0.008833639
0.0,0.002663581
0.0,-0.018716756
0.0,-0.01654112
0.0,-0.0135906795
0.0,0.04310382
0.0,0.8795081
7.0,2.2169313
0.0,0.029926281
0.0,0.06875391
0.0,0.06023183
6.0,0.9335063
0.0,0.04438856
0.0,0.045657385
0.0,0.050172582
0.0,0.2345911
0.0,0.042709604
0.0,0.088907726
0.0,0.060981557
0.0,0.09067377
0.0,0.007914316
0.0,0.011458817
0.0,0.007852607
0.0,-0.0024843572
0.0,-0.0114470115
0.0,-0.017413147
0.0,0.017130494
0.0,0.019910626
0.0,0.0641862
0.0,0.06199828
0.0,0.042417377
0.0,-0.0020213649
0.0,-0.0114470115
0.0,-0.017413147
0.0,0.017130494
0.0,0.019910626
0.0,0.0641862
0.0,0.06199828
0.0,0.086212605
0.0,0.09130428
0.0,0.094084516
0.0,0.10382917
0.0,0.07208811
0.0,0.07616413
0.0,0.04606133
0.0,0.07521458
0.0,0.04114196
0.0,0.06978959
0.0,0.0854887
0.0,0.09510248
0.0,0.10069348
0.0,0.11403056
0.0,0.122485206
0.0,0.33403054
0.0,0.34894106
0.0,0.32381648
0.0,0.30424893
0.0,0.06247731
0.0,-0.031761736
0.0,-0.0114470115
0.0,-0.017413147
0.0,-0.0114470115
0.0,-0.017413147
0.0,0.013804481
0.0,0.012500315
0.0,-0.016412053
0.0,-0.0114470115
0.0,-0.017413147
0.0,0.013804481
0.0,0.012500315
0.0,-0.016412053
0.0,-0.0114470115
0.0,-0.017413147
0.0,0.017130494
0.0,0.019910626
0.0,0.06288257
0.0,0.058446992
0.0,0.03824568
0.0,0.011984202
0.0,-0.004512435
0.0,-0.016829524
0.0,-0.019470459
0.0,-0.022991374
0.0,-0.02783272
9.0,1.4393481
0.0,0.31093967
0.0,0.8613268
0.0,0.093728505
0.0,0.35499924
0.0,0.05785625
0.0,0.08115368
0.0,0.05623622
0.0,0.08980752
0.0,-0.0114470115
0.0,-0.017413147
0.0,0.017130494
0.0,0.019910626
0.0,0.03756828
0.0,0.032093126
0.0,0.023217386
0.0,0.0059693274
0.0,0.0024843572
0.0,-0.0123896655
0.0,-0.016070249
0.0,-0.01878082
0.0,-0.05556548
0.0,1.4268719
0.0,0.49480927
3.0,5.140279
0.0,0.025205389
0.0,-0.07580762
0.0,0.001030074
3.0,2.4472673
0.0,0.0012181132
0.0,0.04684814
0.0,0.016346037
0.0,0.025279028
0.0,0.016524147
0.0,0.01981059
0.0,0.027777193
0.0,0.023178248
0.0,0.022202866
0.0,-0.016772224
0.0,-0.03959167
0.0,-0.042779826
0.0,-0.04874938
0.0,-0.0114470115
0.0,-0.017413147
0.0,-0.0114470115
0.0,-0.017413147
0.0,0.017130494
0.0,0.019910626
0.0,0.0641862
0.0,0.06199828
0.0,0.04328943
0.0,0.014349904
0.0,-0.0067918566
0.0,-0.014228615
0.0,-0.016152477
0.0,-0.01753953
0.0,0.032418694
7.0,1.6689842
0.0,0.07228157
0.0,0.10448132
0.0,0.09476805
3.0,1.1010398
0.0,0.028853623
0.0,0.046521712
0.0,0.046902757
0.0,0.0829195
0.0,0.060749616
0.0,0.07516708
0.0,0.071615465
0.0,0.075991005
0.0,0.046455823
0.0,-0.024225118
0.0,-0.010608068
0.0,0.0017220168
0.0,-0.022828719
0.0,-0.0114470115
0.0,-0.017413147
0.0,0.017130494
0.0,0.019910626
0.0,0.07772239
0.0,0.069728054
0.0,0.045270972
0.0,0.05121674
0.0,0.08139097
0.0,0.016223103
0.0,0.018180959
0.0,0.0044316766
0.0,-0.00401988
0.0,-0.00807862
0.0,-0.03171112
9.0,0.6091538
0.0,0.03064353
6.0,0.5998116
0.0,0.022953605
0.0,-0.0114470115
0.0,-0.017413147
0.0,-0.0114470115
0.0,-0.017413147
0.0,0.017130494
0.0,0.019910626
0.0,0.07772239
0.0,0.05558572
0.0,0.026314043
0.0,0.035428993
0.0,0.034562614
0.0,0.0325031
0.0,0.03363577
9.0,0.6611172
0.0,0.53619623
0.0,1.7385803
0.0,0.45447686
4.0,0.27587852
0.0,0.16672549
0.0,0.112684295
0.0,0.056153715
0.0,-0.0114470115
0.0,-0.017413147
0.0,0.017130494
0.0,0.019910626
0.0,0.046098515
0.0,0.010297548
0.0,-0.003158137
0.0,0.0043847114
0.0,-0.024842761
0.0,-0.044896465
0.0,-0.046729207
4.0,2.5565627
0.0,0.03917144
0.0,0.051197868
0.0,0.047949728
3.0,2.1053295
0.0,0.043012068
0.0,0.1826652
0.0,0.034298833
0.0,0.06495531
0.0,0.04035069
0.0,0.05654413
0.0,0.05756382
0.0,0.05382892
0.0,-0.001892501
0.0,-0.019826373
0.0,-0.022127934
0.0,-0.007989755
0.0,-0.0114470115
0.0,-0.017413147
0.0,0.013804481
0.0,0.012500315
0.0,-0.016412053
0.0,-0.0114470115
0.0,-0.017413147
0.0,0.017130494
0.0,0.019910626
0.0,0.07772239
0.0,0.069728054
0.0,0.044790726
0.0,0.04649258
0.0,0.046132512
0.0,0.056370936
0.0,0.08891548
0.0,0.12559547
0.0,0.10232846
0.0,0.045857053
0.0,0.0390123
0.0,0.039724384
0.0,0.03621545
0.0,0.034521576
0.0,0.025997596
1.0,0.80735886
0.0,-0.0074528693
0.0,2.604515
0.0,0.017855799
8.0,2.7382908
0.0,0.026744483
0.0,0.08495639
0.0,0.03161572
6.0,0.39461994
0.0,0.022268452
0.0,0.040913973
0.0,0.02826724
0.0,0.05313037
0.0,-0.0114470115
0.0,-0.017413147
0.0,0.017130494
0.0,0.019910626
0.0,0.10550475
0.0,0.027010975
0.0,-0.0114470115
0.0,-0.017413147
0.0,-0.0114470115
0.0,-0.017413147
0.0,0.013804481
0.0,0.012500315
0.0,0.013119682
0.0,0.0067230044
0.0,0.009003009
0.0,0.035351023
0.0,-0.019795975
0.0,-0.034361023
0.0,-0.035796486
0.0,-0.045099422
0.0,-0.0398477
0.0,-0.052567873
9.0,3.5878885
0.0,0.024011772
0.0,0.46632868
0.0,0.0489929
0.0,0.4796739
0.0,0.05051626
0.0,0.031030046
0.0,0.095966406
0.0,-0.0114470115
0.0,-0.017413147
0.0,0.017130494
0.0,0.019910626
0.0,0.07772239
0.0,0.069728054
0.0,0.04739678
0.0,-0.014809679
0.0,-0.0114470115
0.0,-0.017413147
0.0,-0.0114470115
0.0,-0.017413147
0.0,-0.0114470115
0.0,-0.017413147
0.0,-0.0114470115
0.0,-0.017413147
0.0,0.017130494
0.0,0.019910626
0.0,0.028458394
0.0,-0.019188538
0.0,-0.0114470115
0.0,-0.017413147
0.0,0.013804481
0.0,0.012500315
0.0,-0.016412053
0.0,-0.0114470115
0.0,-0.017413147
0.0,0.013804481
0.0,0.030891303
0.0,0.070049845
0.0,0.06488972
0.0,0.048540823
0.0,0.049147725
0.0,0.0581501
0.0,0.07699286
0.0,0.07377742
0.0,0.06378208
0.0,-0.026376208
0.0,-0.0114470115
0.0,-0.017413147
0.0,0.013804481
0.0,0.030891303
0.0,-0.011441515
0.0,-0.0114470115
0.0,-0.017413147
0.0,0.2969093
0.0,0.08016523
0.0,0.07298314
0.0,0.07752491
0.0,0.066506736
0.0,0.083756775
0.0,-0.0100189475
0.0,-0.0114470115
0.0,-0.017413147
0.0,0.017130494
0.0,0.019910626
0.0,0.07772239
0.0,0.069728054
0.0,0.045270972
0.0,0.018179238
0.0,0.0017873227
0.0,-0.007179461
0.0,-0.009752835
0.0,-0.011582132
0.0,0.035236523
9.0,1.661564
0.0,0.38048026
0.0,-0.0114470115
0.0,-0.017413147
0.0,0.017130494
0.0,0.019910626
0.0,0.03756828
0.0,0.032093126
0.0,0.018867658
0.0,-0.0108127
0.0,-0.026355967
0.0,-0.046614226
0.0,-0.049070008
0.0,-0.053858712
0.0,-0.087100744
7.0,3.7510633
0.0,0.059208725
0.0,0.025261601
0.0,0.03427269
2.0,0.70388275
0.0,0.022094572
0.0,0.013227799
0.0,0.029972209
0.0,0.020828657
0.0,0.018701633
0.0,-0.0114470115
0.0,-0.017413147
0.0,0.017130494
0.0,0.019910626
0.0,0.07772239
0.0,0.069728054
0.0,0.061932724
0.0,0.010891076
0.0,-0.0006001398
0.0,-0.035924487
0.0,-0.028218146
0.0,-0.032698765
0.0,-0.045103375
0.0,2.884471
0.0,0.16672847
3.0,2.7437422
0.0,2.3938714e-05
0.0,0.012154103
0.0,-0.0013113855
4.0,2.5537372
0.0,0.00570248
0.0,-0.014982823
0.0,-0.006368838
0.0,-0.0088192
0.0,-0.010458508
0.0,-0.0114470115
0.0,-0.017413147
0.0,0.017130494
0.0,0.019910626
0.0,0.046098515
0.0,0.010297548
0.0,0.0010934293
0.0,-0.011233261
0.0,-0.03854437
0.0,-0.058041327
0.0,-0.053245757
0.0,2.6874099
0.0,-0.013966378
2.0,3.8620071
0.0,0.031147283
0.0,-0.023895346
0.0,0.05175512
0.0,-0.030420559
0.0,0.04236499
0.0,5.2437183e-05
0.0,0.632997
0.0,1.2906973
0.0,1.4432793
0.0,1.3105925
8.0,1.3125646
0.0,0.090205304
5.0,0.7147243
0.0,0.037871197
0.0,-0.0114470115
0.0,-0.017413147
0.0,0.017130494
0.0,0.019910626
0.0,0.07772239
0.0,0.069728054
0.0,0.045270972
0.0,0.018179238
0.0,0.0017873227
0.0,-0.007179461
0.0,-0.009752835
0.0,-0.011582132
0.0,0.035236523
0.0,1.661564
0.0,0.2943459
6.0,2.9614928
0.0,0.022538438
0.0,0.035200525
0.0,0.023158439
2.0,1.6598362
0.0,0.012554805
0.0,0.013392305
0.0,0.015759705
0.0,-0.0015241741
0.0,-0.0037525517
0.0,-0.0114470115
0.0,-0.017413147
0.0,-0.0114470115
0.0,-0.017413147
0.0,0.017130494
0.0,0.019910626
0.0,0.0641862
0.0,0.06199828
0.0,0.044527173
0.0,-0.017287552
0.0,-0.0114470115
0.0,-0.017413147
0.0,0.017130494
0.0,0.019910626
0.0,0.06288257
0.0,0.058446992
0.0,0.08518595
0.0,0.08577398
0.0,0.34570426
0.0,0.0025857359
0.0,0.0035185097
0.0,-0.015822098
0.0,-0.022404052
0.0,-0.029898567
0.0,-0.021661218
0.0,3.5072396
0.0,3.0859234
0.0,6.282593
0.0,5.727272
6.0,5.523094
0.0,0.006641233
0.0,0.080296576
0.0,0.025091091
0.0,1.6853937
0.0,0.020299472
0.0,0.04061764
0.0,0.016463604
0.0,0.050940316
0.0,0.037969258
0.0,0.07975316
0.0,0.07668622
0.0,0.12797436
2.0,0.12231219
0.0,0.14462449
0.0,0.12296834
0.0,0.1594245
0.0,0.17821379
0.0,0.17060705
0.0,0.17764905
0.0,0.14380294
1.0,0.15830219
0.0,0.13523424
0.0,0.15587685
0.0,0.06598495
0.0,0.11224944
0.0,0.08234761
0.0,0.06496098
0.0,0.0669522
0.0,0.11323929
0.0,0.11507837
0.0,0.044583563
0.0,0.044224583
0.0,0.036963783
0.0,0.04058349
0.0,0.0442469
0.0,0.055251263
0.0,0.040860016
0.0,0.04417187
0.0,0.040252253
0.0,0.044126067
0.0,0.050474185
0.0,0.089800954
0.0,0.09050252
0.0,0.10135761
0.0,0.14213504
0.0,0.16390812
0.0,0.16302629
0.0,0.1292766
0.0,0.16641343
0.0,0.16212541
0.0,0.16792785
0.0,0.14377934
0.0,-0.0114470115
0.0,-0.017413147
0.0,0.017130494
0.0,0.019910626
0.0,0.0641862
0.0,0.04004666
0.0,0.019831186
0.0,0.0095935725
0.0,-0.011893108
0.0,-0.01556893
0.0,-0.008521043
0.0,0.919456
0.0,0.07060608
3.0,4.715615
0.0,0.02555578
0.0,-0.02680604
0.0,0.02374011
3.0,2.2913368
0.0,0.0036536558
0.0,-0.02575218
0.0,0.007824337
0.0,-0.0114470115
0.0,-0.017413147
0.0,0.013804481
0.0,0.030891303
0.0,-0.011441515
0.0,-0.0114470115
0.0,-0.017413147
0.0,0.013804481
0.0,0.030891303
0.0,0.070049845
0.0,0.06488972
1.0,0.048540823
0.0,0.05610647
0.0,-0.014217266
0.0,-0.0114470115
0.0,-0.017413147
0.0,-0.0114470115
0.0,-0.017413147
0.0,0.017130494
0.0,0.019910626
0.0,0.0641862
0.0,0.06199828
0.0,0.040495288
0.0,0.051233005
0.0,0.07186711
0.0,-0.033583865
0.0,-0.0114470115
0.0,-0.017413147
0.0,0.017130494
0.0,0.019910626
0.0,0.03756828
0.0,0.032093126
0.0,0.023283148
0.0,0.025339572
0.0,0.07673533
0.0,0.05981074
0.0,0.035736524
0.0,-0.028109876
0.0,-0.031017406
0.0,-0.03095823
0.0,-0.048439648
0.0,-0.047259938
0.0,-0.030620731
0.0,0.099080086
0.0,0.13362552
0.0,-0.016635658
0.0,-0.0010371163
0.0,-0.006113973
0.0,-0.0036649792
0.0,-0.0057336385
0.0,0.0004855886
0.0,0.6826921
0.0,2.0875602
0.0,1.901199
0.0,2.022006
0.0,1.7698238
0.0,-0.021665221
0.0,-0.03096773
0.0,-0.03453746
0.0,-0.034608617
0.0,-0.03155918
0.0,-0.03376985
0.0,1.1230478
0.0,1.1015848
0.0,1.148496
0.0,1.183459
0.0,1.1103123
0.0,1.1527313
0.0,1.1211666
0.0,1.1520131
2.0,1.1611351
0.0,0.025888262
5.0,1.5035514
0.0,0.029408343
0.0,0.4948422
0.0,0.053338446
0.0,0.07554296
0.0,0.07441581
0.0,0.08680175
0.0,0.07665924
0.0,0.083684176
5.0,0.08269273
0.0,0.0148369875
0.0,1.9489805
0.0,0.033660896
0.0,0.006982024
0.0,0.01124542
0.0,-0.0114470115
0.0,-0.017413147
0.0,0.017130494
0.0,0.019910626
0.0,0.046098515
0.0,0.058705557
0.0,0.042450357
0.0,-0.0012721717
0.0,-0.020676361
0.0,-0.04461766
0.0,-0.041571084
0.0,-0.04429493
0.0,-0.029207638
4.0,2.6782818
0.0,0.027265765
2.0,1.9908412
0.0,0.013619381
0.0,0.026293067
0.0,0.059534926
0.0,0.06292492
0.0,0.05364471
0.0,0.53782827
7.0,0.03760405
0.0,0.017510777
0.0,0.04803317
0.0,0.010310899
0.0,-0.0114470115
0.0,-0.017413147
0.0,0.013804481
0.0,0.030891303
0.0,0.070049845
0.0,0.06488972
0.0,0.048540823
0.0,0.04556163
0.0,0.011697191
0.0,-0.011393207
0.0,-0.0116424225
0.0,-0.026351027
0.0,-0.028873434
0.0,-0.037865903
0.0,2.677931
0.0,1.1931856
0.0,0.023908721
0.0,-0.009128047
0.0,-0.006668338
0.0,-0.0028601317
0.0,1.506175
0.0,1.7601733
0.0,1.7520397
2.0,1.6440153
0.0,0.037617624
0.0,0.013799187
0.0,0.03508491
4.0,1.9203717
0.0,0.031270243
0.0,0.057224724
0.0,0.06219331
0.0,0.08428408
0.0,0.055268362
0.0,0.06738771
0.0,0.040338557
0.0,0.044930305
0.0,0.015862653
0.0,-0.0061033843
0.0,-0.007962498
0.0,-0.00582111
0.0,-0.0114470115
0.0,-0.017413147
0.0,-0.0114470115
0.0,-0.017413147
0.0,0.017130494
0.0,0.019910626
0.0,0.07772239
0.0,0.069728054
0.0,0.044790726
0.0,0.04649258
0.0,0.08552507
0.0,0.09909541
0.0,0.09527872
0.0,0.102231815
0.0,0.106694214
0.0,-0.049467947
0.0,-0.0114470115
0.0,-0.017413147
0.0,0.017130494
1.0,0.019910626
0.0,0.04726485
0.0,0.14262274
0.0,0.04712654
0.0,0.11823255
0.0,0.11003885
0.0,0.11448696
0.0,0.029568974
0.0,0.14851624
0.0,0.18794034
0.0,-0.03606194
0.0,-0.0114470115
0.0,-0.017413147
0.0,0.017130494
0.0,0.019910626
0.0,0.07772239
0.0,0.069728054
0.0,0.044790726
1.0,0.04649258
0.0,0.02293653
0.0,0.12798455
0.0,0.037702233
0.0,0.07223782
0.0,0.06987513
0.0,0.2529987
0.0,0.051723987
0.0,-0.014636662
0.0,-0.0114470115
0.0,-0.017413147
0.0,0.017130494
0.0,0.019910626
0.0,0.05765182
0.0,0.056175828
0.0,0.045466077
0.0,0.010452529
0.0,-0.008223822
0.0,-0.037623197
0.0,-0.04164442
0.0,-0.045878887
0.0,0.009123994
9.0,6.089481
0.0,0.30791807
5.0,1.0804319
0.0,0.16915762
0.0,-0.0114470115
0.0,-0.017413147
0.0,0.017130494
0.0,0.019910626
0.0,0.05765182
0.0,0.056175828
0.0,0.07875158
0.0,0.08519239
0.0,0.07258722
0.0,-0.02889195
0.0,-0.0114470115
0.0,-0.017413147
0.0,-0.0114470115
0.0,-0.017413147
0.0,0.017130494
0.0,0.019910626
0.0,0.05765182
0.0,0.056175828
0.0,0.039408393
0.0,0.04422684
0.0,0.059549086
0.0,-0.026295627
0.0,-0.023724558
0.0,-0.026088715
0.0,-0.03700677
0.0,-0.04153952
0.0,0.032479286
0.0,2.535494
0.0,1.9737442
0.0,-0.03331342
0.0,-0.042742435
0.0,-0.040637195
0.0,-0.050848845
0.0,0.19521776
0.0,0.71361214
0.0,0.85675836
2.0,2.2387385
0.0,-0.0027674674
0.0,0.12385351
0.0,0.093691975
0.0,0.013564309
0.0,0.07410185
0.0,0.015489134
0.0,0.075020336
0.0,0.041448224
0.0,0.008719974
0.0,0.010164961
0.0,0.01653243
0.0,0.046959575
0.0,0.036694985
4.0,0.02926357
0.0,0.026164407
0.0,0.015412023
0.0,0.02298228
3.0,1.3662895
0.0,0.019108009
0.0,0.07040381
0.0,0.031335473
0.0,0.046781797
2.0,0.027524607
0.0,0.071392745
0.0,0.029494928
0.0,0.058109723
0.0,0.068924755
0.0,0.0057749297
0.0,0.013922807
0.0,0.01439806
0.0,0.004873517
0.0,-0.0114470115
0.0,-0.017413147
0.0,0.017130494
0.0,0.019910626
0.0,0.046098515
0.0,0.010297548
0.0,0.0010934293
0.0,-0.011233261
0.0,-0.03854437
0.0,-0.058041327
0.0,-0.053245757
0.0,2.6874099
0.0,-0.013966378
3.0,3.8620071
0.0,0.030443814
0.0,-0.0019236087
0.0,0.020458609
4.0,2.0475764
0.0,0.00992299
0.0,0.021211525
0.0,0.010902856
0.0,0.00040495693
0.0,-0.0033251254
0.0,-0.0114470115
0.0,-0.017413147
0.0,0.013804481
0.0,0.017111925
0.0,0.0557062
0.0,0.05240557
0.0,0.04576472
0.0,0.042125273
1.0,0.035997976
0.0,0.03232542
0.0,0.10965689
0.0,0.05081485
0.0,0.0803024
0.0,0.04808918
1.0,0.112038426
0.0,0.038995583
0.0,0.0372952
0.0,0.031229408
0.0,0.0041065407
0.0,0.029192768
0.0,-0.00046266316
0.0,0.03594797
7.0,0.076081544
0.0,0.07939053
0.0,2.6199682
0.0,0.03146725
0.0,2.0699415
0.0,0.057642728
0.0,-0.0114470115
0.0,-0.017413147
0.0,0.017130494
0.0,0.019910626
0.0,0.03756828
0.0,0.0013813778
0.0,-0.0049696267
0.0,0.009539261
0.0,0.050268464
0.0,0.06454984
1.0,0.054142784
0.0,0.0346876
0.0,0.06723863
0.0,0.1540379
0.0,0.098627225
0.0,0.056621037
0.0,-0.0114470115
0.0,-0.017413147
0.0,-0.0114470115
0.0,-0.017413147
0.0,0.013804481
0.0,0.017111925
0.0,0.0557062
0.0,0.05240557
0.0,0.04576472
0.0,0.044249512
0.0,0.044500753
0.0,0.031403184
0.0,0.030793648
0.0,0.06357236
0.0,0.05276865
0.0,0.08646719
0.0,0.06108557
0.0,0.12160213
0.0,0.00178636
0.0,-0.013892966
0.0,-0.013991761
0.0,-0.015671853
0.0,-0.015806746
0.0,-0.054611325
6.0,0.16256203
0.0,0.033773623
0.0,0.013113552
0.0,0.019673925
5.0,1.7242842
0.0,0.024773302
0.0,0.035353784
0.0,0.054421794
0.0,-0.0114470115
0.0,-0.017413147
0.0,0.017130494
0.0,0.019910626
0.0,0.046098515
0.0,0.010297548
0.0,0.0010934293
0.0,-0.011233261
0.0,-0.03854437
0.0,-0.058041327
0.0,-0.053245757
0.0,2.6874099
0.0,-0.013966378
0.0,3.8620071
0.0,0.27720678
7.0,1.8145925
0.0,0.014508735
2.0,1.0688007
0.0,0.01982551
0.0,0.06732542
0.0,0.029009415
4.0,0.9621191
0.0,0.006963886
0.0,0.01255336
0.0,0.018166116
0.0,0.033162188
0.0,0.025324322
0.0,0.069113225
0.0,0.03496205
0.0,0.069814056
0.0,0.0805122
0.0,0.12007857
0.0,0.10658615
0.0,0.11427519
0.0,0.11839602
0.0,0.11413077
0.0,-0.0114470115
0.0,-0.017413147
0.0,0.017130494
0.0,0.019910626
0.0,0.03756828
0.0,0.0013813778
0.0,-0.015343627
0.0,-0.017295936
0.0,-0.036026727
0.0,-0.04665093
0.0,-0.04462004
9.0,2.3897734
0.0,0.29062086
0.0,1.4207709
0.0,0.16153927
0.0,-0.0114470115
0.0,-0.017413147
0.0,0.017130494
1.0,0.019910626
0.0,0.027157953
0.0,0.4152568
0.0,0.049897958
0.0,0.13121703
0.0,0.021504946
0.0,0.0128273005
0.0,0.057853412
0.0,0.008148333
0.0,-0.0045384
0.0,-0.005068928
0.0,0.12854712
0.0,1.1872015
0.0,0.78180146
0.0,-0.013047739
0.0,-0.018617885
0.0,0.0050357934
0.0,-0.021699723
0.0,0.1500841
0.0,0.66921824
0.0,0.8835488
0.0,1.7909644
0.0,1.3619769
9.0,1.4048767
0.0,0.039703358
0.0,0.11380442
0.0,0.04352869
0.0,0.41484913
0.0,0.027333781
0.0,0.140126
0.0,0.030217497
0.0,-0.0114470115
0.0,-0.017413147
0.0,0.013804481
0.0,0.017111925
0.0,-0.009986446
0.0,-0.0114470115
0.0,-0.017413147
0.0,0.017130494
0.0,0.019910626
0.0,0.048989985
0.0,0.049877286
0.0,0.033003256
0.0,0.034972537
0.0,0.07743614
0.0,0.0890887
0.0,0.05413825
0.0,0.05918694
0.0,0.07549351
0.0,0.007347032
0.0,0.0016902506
0.0,0.009193682
0.0,0.012373175
0.0,0.008138757
0.0,0.018995054
5.0,1.332652
0.0,0.009107858
0.0,0.084362514
0.0,0.024447609
4.0,1.8987315
1.0,0.017420342
0.0,0.056536354
0.0,0.0069631515
1.0,0.08764179
0.0,0.033620745
0.0,0.039813653
0.0,0.012261561
0.0,0.020377014
0.0,0.017354656
0.0,0.01815844
0.0,0.015988046
0.0,0.04210787
0.0,0.05021192
0.0,0.046187483
0.0,0.052089553
0.0,0.10692783
0.0,0.074912496
0.0,0.0670971
0.0,0.066716716
0.0,0.047759913
0.0,0.06909734
0.0,0.088439494
0.0,0.09222839
0.0,0.06004891
0.0,0.0878161
0.0,-0.0114470115
0.0,-0.017413147
0.0,0.013804481
0.0,0.017111925
0.0,0.0557062
0.0,0.05240557
1.0,0.04576472
0.0,0.04504881
0.0,0.095415205
0.0,0.044215288
0.0,0.099594675
0.0,0.048244413
9.0,0.12864143
0.0,0.07064008
0.0,1.4588553
0.0,0.31042778
0.0,0.9527744
0.0,0.09969261
0.0,0.7218981
0.0,0.077486075
0.0,0.7306057
0.0,0.1324031
0.0,0.5653165
0.0,0.053746644
0.0,0.06310691
0.0,0.053129103
0.0,0.059151676
0.0,0.14062467
0.0,0.07442146
0.0,0.06351678
0.0,0.063351974
0.0,0.08193566
0.0,0.07711453
0.0,0.101660654
0.0,0.18762334
0.0,0.07567881
0.0,-0.0114470115
0.0,-0.017413147
0.0,0.017130494
0.0,0.019910626
0.0,0.05765182
0.0,0.056175828
0.0,0.04420936
0.0,0.0026622384
0.0,-0.02244537
0.0,-0.05288077
0.0,-0.0584208
0.0,-0.06268688
0.0,-0.06419168
0.0,5.510383
0.0,1.5720882
9.0,6.069509
0.0,0.042039525
0.0,-0.0114470115
0.0,-0.017413147
0.0,-0.0114470115
0.0,-0.017413147
0.0,0.017130494
0.0,0.019910626
0.0,0.048989985
0.0,0.049877286
0.0,0.033003256
0.0,0.034972537
0.0,0.055101298
0.0,0.0037061437
0.0,0.004496324
0.0,-0.010377395
0.0,-0.015220437
0.0,-0.018400587
0.0,-0.07922757
0.0,0.43264982
0.0,0.23186459
5.0,3.7732987
0.0,0.006367597
0.0,0.08671975
0.0,0.017018247
2.0,1.416299
0.0,0.011589023
0.0,0.05917194
0.0,0.017599946
0.0,0.025586128
0.0,0.028118972
0.0,0.041112803
0.0,0.031705648
0.0,0.036432847
0.0,0.033415508
0.0,0.06252445
0.0,0.066864505
0.0,0.12448532
0.0,0.029964026
0.0,0.024284445
0.0,0.034107145
0.0,0.03372985
0.0,0.03855364
0.0,-0.00878984
0.0,0.008320641
0.0,-0.0039233146
0.0,-0.027844956
0.0,-0.0114470115
0.0,-0.017413147
0.0,0.013804481
0.0,0.017111925
0.0,0.0557062
0.0,0.05240557
0.0,0.04576472
0.0,0.06140202
0.0,0.012424421
0.0,-0.0058289375
0.0,-0.011892931
0.0,-0.01753996
0.0,-0.01894857
0.0,-0.04336988
0.0,1.4349058
0.0,0.62334293
9.0,3.4818716
0.0,0.046280477
0.0,-0.0114470115
0.0,-0.017413147
0.0,0.013804481
0.0,0.017111925
0.0,0.0557062
0.0,0.05240557
0.0,0.04576472
0.0,0.042732403
0.0,0.034599572
0.0,0.07366475
0.0,0.06423677
0.0,0.05532042
0.0,0.049214754
0.0,0.06711347
1.0,0.09016526
0.0,0.038502622
0.0,0.07792852
0.0,0.058633383
0.0,0.06476362
0.0,0.077550896
3.0,0.10503107
0.0,0.056622077
0.0,0.36985403
0.0,0.047826055
0.0,1.0733854
0.0,0.055488165
1.0,0.62684005
0.0,0.05527609
0.0,0.9282239
0.0,0.105108894
4.0,1.4145243
0.0,0.03546765
0.0,0.023789154
0.0,-0.0114470115
0.0,-0.017413147
0.0,0.013804481
0.0,0.017111925
0.0,0.0557062
0.0,0.05240557
0.0,0.04576472
0.0,0.042125273
0.0,0.035997976
0.0,0.10481854
0.0,0.1045293
0.0,0.08945282
1.0,0.060251743
0.0,0.10615277
0.0,-0.026546717
0.0,-0.0114470115
0.0,-0.017413147
0.0,0.013804481
0.0,0.017111925
0.0,-0.009986446
0.0,-0.0114470115
0.0,-0.017413147
0.0,-0.0114470115
0.0,-0.017413147
0.0,-0.0114470115
0.0,-0.017413147
0.0,0.013804481
0.0,0.017111925
0.0,0.0557062
0.0,0.05240557
0.0,0.04576472
0.0,0.044249512
0.0,0.044500753
0.0,0.044520285
0.0,0.044235907
0.0,0.2374496
0.0,-0.028037706
0.0,-0.0114470115
0.0,-0.017413147
0.0,-0.0114470115
0.0,-0.017413147
0.0,-0.0114470115
0.0,-0.017413147
0.0,0.017130494
0.0,0.019910626
0.0,0.05765182
0.0,0.056175828
0.0,0.06266487
1.0,0.06379634
0.0,0.034973197
1.0,0.11649754
0.0,0.7463656
0.0,1.0248816
0.0,0.11190521
2.0,0.5628455
0.0,0.06620696
0.0,0.48705462
0.0,0.067283265
0.0,0.11206852
0.0,0.07508584
0.0,0.09049822
0.0,0.07777367
8.0,0.777208
0.0,0.030986754
0.0,-0.0114470115
0.0,-0.017413147
0.0,-0.0114470115
0.0,-0.017413147
0.0,-0.0114470115
0.0,-0.017413147
0.0,0.017130494
0.0,0.019910626
0.0,0.046098515
0.0,0.010297548
0.0,-0.003158137
0.0,0.0043847114
0.0,-0.024842761
0.0,-0.044896465
0.0,-0.046729207
0.0,2.5565627
0.0,-0.020877574
9.0,3.8425965
0.0,0.17973417
1.0,2.0499563
0.0,0.09708567
0.0,-0.0114470115
0.0,-0.017413147
0.0,0.017130494
0.0,0.019910626
0.0,0.04769985
0.0,0.0084474785
0.0,-0.01711271
0.0,-0.0042756316
0.0,-0.031985644
0.0,-0.049531076
0.0,-0.004773
7.0,5.963162
0.0,0.19887222
0.0,0.083819196
0.0,0.07035788
5.0,2.1188092
0.0,0.07033531
0.0,2.1765318
0.0,0.053485926
0.0,0.3593376
0.0,0.041787826
0.0,0.08531649
0.0,0.063396
0.0,0.04859336
0.0,0.04873922
0.0,0.089167535
0.0,0.06401311
0.0,0.14411572
0.0,0.06732403
0.0,0.07621443
0.0,0.05960289
0.0,0.010142516
0.0,0.045677345
0.0,0.030339116
0.0,0.023270888
0.0,-0.0114470115
0.0,-0.017413147
0.0,-0.0114470115
0.0,-0.017413147
0.0,0.017130494
0.0,0.019910626
0.0,0.05765182
0.0,0.056175828
0.0,0.04420936
0.0,0.071703896
0.0,0.091664046
0.0,0.11041586
0.0,0.10704603
0.0,0.11015568
0.0,0.077197924
0.0,0.21730584
0.0,0.1013591
0.0,0.34301925
0.0,0.114541404
0.0,0.10216212
0.0,0.24472393
0.0,0.3243185
0.0,0.1817135
0.0,0.19599396
0.0,0.2077429
0.0,0.18952858
0.0,0.0790696
0.0,0.16736913
0.0,0.09511115
1.0,0.09456522
0.0,0.037786867
0.0,0.8681317
0.0,0.034304734
0.0,-0.06421001
0.0,-0.0114470115
0.0,-0.017413147
0.0,-0.0114470115
0.0,-0.017413147
0.0,0.013804481
0.0,0.017111925
0.0,0.0557062
0.0,0.05240557
0.0,0.04576472
0.0,0.042477716
0.0,0.02146525
0.0,0.004406066
0.0,0.0020924716
0.0,-0.004258406
0.0,-0.0058594374
0.0,-0.041990887
0.0,0.83804286
0.0,0.38157356
0.0,1.2406386
0.0,1.1160501
0.0,1.0039294
0.0,0.16537692
0.0,-0.04465748
0.0,0.05611351
0.0,0.044966277
0.0,0.018555215
0.0,0.025936266
0.0,0.028679086
0.0,0.0316791
0.0,0.061328683
0.0,0.07530952
0.0,0.09057361
0.0,0.11272244
0.0,0.13258794
0.0,0.10348942
0.0,0.10574835
0.0,0.10783626
0.0,0.10860741
0.0,0.12272837
0.0,0.123680316
0.0,0.124294214
0.0,0.12522116
0.0,0.12610438
0.0,0.1269444
0.0,0.12742193
1.0,0.12819347
0.0,0.1297878
0.0,0.13162489
0.0,0.13310874
0.0,0.14105782
0.0,0.13533923
2.0,0.13306347
0.0,0.18761468
1.0,0.20461477
0.0,0.18876052
0.0,0.24091963
0.0,0.18887813
0.0,0.2029921
0.0,0.16188136
0.0,0.16174634
0.0,0.16235435
0.0,-0.055117965
0.0,-0.051286962
0.0,-0.049213868
0.0,-0.050249286
0.0,-0.0114470115
0.0,-0.017413147
0.0,-0.0114470115
0.0,-0.017413147
0.0,-0.0114470115
0.0,-0.017413147
0.0,-0.0114470115
0.0,-0.017413147
0.0,0.017130494
0.0,0.019910626
0.0,0.048989985
0.0,0.020419242
0.0,0.0020850748
0.0,0.008196667
0.0,-0.0053013233
0.0,-0.0130163785
0.0,-0.00654297
0.0,0.30097896
0.0,0.014523529
0.0,-0.08021283
0.0,-0.07995419
0.0,-0.02984309
0.0,-0.028036186
0.0,-0.06465439
0.0,0.03589039
0.0,0.042405367
9.0,3.385595
0.0,0.06679618
0.0,-0.0114470115
0.0,-0.017413147
0.0,0.013804481
0.0,0.012498517
0.0,0.0017972022
0.0,0.0049326164
0.0,0.001105538
0.0,-0.0005607739
0.0,0.00047175735
0.0,-0.0043806583
0.0,0.008266482
0.0,0.010578531
1.0,0.01714483
0.0,0.00891764
0.0,0.19657125
0.0,0.04014928
0.0,-0.031938095
0.0,-0.0114470115
0.0,-0.017413147
0.0,0.017130494
0.0,0.019910626
0.0,0.05765182
0.0,-0.0005424335
0.0,-0.0114470115
0.0,-0.017413147
0.0,0.013804481
0.0,0.012498517
0.0,0.008281883
0.0,0.004250933
0.0,0.0056200502
0.0,0.038467284
0.0,0.01401038
0.0,0.00023052095
0.0,-0.0037226095
0.0,-0.008130727
0.0,-0.009676459
0.0,0.01896625
9.0,2.8304188
0.0,0.0071842237
0.0,0.15952688
0.0,0.045716003
0.0,-0.0114470115
0.0,-0.017413147
0.0,0.013804481
0.0,0.017111925
0.0,0.0557062
0.0,0.05240557
0.0,0.04576472
0.0,0.044249512
0.0,0.044500753
0.0,0.07610138
0.0,0.07585591
0.0,0.16933528
0.0,0.09164748
0.0,0.14711073
0.0,-0.034052126
0.0,-0.0114470115
0.0,-0.017413147
0.0,0.017130494
0.0,0.019910626
0.0,0.05765182
0.0,0.056175828
0.0,0.04496405
0.0,0.04938301
0.0,0.1065382
0.0,0.10024528
0.0,0.09328808
0.0,0.0024794936
0.0,0.0015966236
0.0,-0.0016267686
0.0,-0.015874915
0.0,-0.003747536
0.0,0.00034674405
0.0,0.648376
0.0,0.566527
9.0,3.199053
0.0,0.01919895
1.0,0.56396
0.0,0.054661456
2.0,0.3482476
0.0,0.062458437
0.0,0.11187382
0.0,0.024787968
0.0,-0.0114470115
0.0,-0.017413147
0.0,0.017130494
0.0,0.019910626
0.0,0.058194634
0.0,0.023656162
0.0,0.008742318
0.0,0.011286863
0.0,-0.011096823
0.0,-0.02431302
0.0,-0.015315559
0.0,1.1404996
0.0,0.05380772
1.0,4.636115
0.0,-0.00888253
4.0,2.675173
0.0,0.022383636
3.0,1.5234312
0.0,0.016806599
0.0,1.9705049
0.0,0.0027693927
0.0,0.08886846
0.0,0.06872328
0.0,0.11082873
0.0,0.069027394
0.0,0.2890106
0.0,0.65709317
0.0,0.35462326
0.0,0.097587116
0.0,0.14224695
0.0,0.14175527
0.0,0.2178873
0.0,0.06513471
0.0,0.056947086
2.0,0.05554111
0.0,0.01708302
0.0,0.0060131266
0.0,0.0061438647
0.0,0.0031872182
0.0,0.006014469
0.0,-0.0114470115
0.0,-0.017413147
0.0,-0.0114470115
0.0,-0.017413147
0.0,0.017130494
0.0,0.019910626
0.0,0.05765182
0.0,0.056175828
0.0,0.43492374
0.0,0.022046214
0.0,0.053752344
0.0,-0.067485645
0.0,-0.07251723
0.0,-0.07651943
0.0,-0.054488264
8.0,5.8252254
0.0,0.21170199
5.0,1.6415627
0.0,0.028836524
0.0,-0.0114470115
0.0,-0.017413147
0.0,0.013804481
0.0,0.017111925
0.0,0.03662659
0.0,0.04182243
0.0,0.02243739
0.0,0.021852981
0.0,0.022156559
0.0,0.017194735
0.0,0.018233296
0.0,0.048079554
0.0,0.03954853
0.0,0.12987505
1.0,0.08558757
0.0,0.033567168
0.0,0.06274041
0.0,0.06973213
3.0,0.16325152
0.0,0.033103973
0.0,0.5280924
0.0,0.050489686
0.0,1.9035089
0.0,0.04118457
0.0,1.9345019
0.0,0.035971757
0.0,0.9497007
0.0,0.52102244
1.0,0.5411725
0.0,0.052258518
0.0,1.1037402
0.0,0.1088391
0.0,1.4604695
0.0,0.04200758
2.0,1.4573184
0.0,0.029532623
0.0,1.8956381
0.0,0.04809716
0.0,-0.0114470115
0.0,-0.017413147
0.0,-0.0114470115
0.0,-0.017413147
0.0,0.013804481
0.0,0.026970774
0.0,-0.01299971
0.0,-0.0114470115
0.0,-0.017413147
0.0,0.017130494
0.0,0.019910626
0.0,0.048989985
0.0,0.020419242
0.0,0.0020850748
0.0,0.008196667
0.0,-0.0053013233
0.0,-0.0130163785
0.0,-0.00654297
0.0,0.30097896
0.0,0.014523529
9.0,3.9804432
0.0,0.14527534
0.0,-0.0114470115
0.0,-0.017413147
0.0,0.013804481
0.0,0.026970774
0.0,0.042454258
0.0,0.037040055
0.0,0.027924346
0.0,0.027014472
0.0,0.015247365
0.0,-0.0017391413
0.0,-0.0056073843
0.0,-0.0073111113
0.0,-0.007330136
0.0,-0.029654166
0.0,0.14432926
0.0,0.078261025
6.0,0.89282966
0.0,0.043198843
0.0,0.05508787
0.0,0.027086465
2.0,1.0593134
0.0,0.037024602
0.0,-0.0114470115
0.0,-0.017413147
0.0,-0.0114470115
0.0,-0.017413147
0.0,0.013804481
0.0,0.027804196
0.0,0.0568356
0.0,0.05071826
0.0,0.036501624
0.0,0.04006829
0.0,0.023483701
0.0,0.006910461
0.0,0.006211096
0.0,7.3209405e-05
0.0,0.0011977716
0.0,-0.008701862
0.0,0.41580713
0.0,0.18576995
6.0,1.1663489
0.0,0.036554746
0.0,0.08010421
0.0,0.018355953
1.0,2.031976
0.0,0.03336882
0.0,0.060299773
0.0,0.036338612
0.0,0.04017466
0.0,0.033350658
0.0,0.0064401473
0.0,0.011280353
0.0,0.011671251
0.0,-0.0120863905
0.0,-0.0114470115
0.0,-0.017413147
0.0,0.017130494
0.0,0.019910626
0.0,0.06288257
0.0,0.030916205
0.0,0.0142089315
0.0,0.02088535
0.0,0.0040282905
0.0,0.00282031
0.0,0.011270094
0.0,0.98161626
0.0,0.055467345
9.0,4.8762846
0.0,0.3144081
4.0,1.2395422
0.0,0.1150906
0.0,0.23776042
0.0,0.03414266
0.0,-0.0114470115
0.0,-0.017413147
0.0,0.017130494
0.0,0.019910626
0.0,0.058194634
0.0,0.057614177
0.0,0.056077592
0.0,0.058816027
0.0,0.05459192
0.0,0.051212993
0.0,0.06363756
0.0,0.08782372
0.0,0.08085804
0.0,0.10996569
0.0,0.09151864
0.0,0.12312398
0.0,0.032659296
0.0,0.06324401
0.0,0.07400275
0.0,0.081429504
0.0,0.07705178
0.0,0.07589586
0.0,0.07642677
0.0,0.075458854
0.0,0.077754565
0.0,0.63817704
1.0,0.38915828
0.0,0.014747414
0.0,0.036512695
0.0,0.04237269
0.0,-0.021897135
0.0,0.02937792
0.0,-0.0038044571
0.0,0.03210326
0.0,0.11352382
1.0,0.14720169
0.0,0.0044141975
0.0,1.0169545
0.0,-0.006620815
4.0,3.9983156
0.0,0.0032505987
0.0,0.048469942
0.0,0.02238437
0.0,0.049970534
0.0,0.04023077
0.0,0.110506274
0.0,0.06886469
0.0,0.084093034
0.0,0.078263536
0.0,0.08637443
0.0,0.08181247
0.0,0.09265275
0.0,0.08801508
0.0,0.092288785
0.0,0.08480349
0.0,0.10223417
0.0,0.11331599
1.0,0.11498124
0.0,0.1282686
0.0,0.14849576
2.0,0.1508861
0.0,0.18103522
0.0,0.1676015
0.0,0.15966418
0.0,0.19220434
0.0,0.15826395
0.0,0.17089042
0.0,0.12901601
0.0,0.1799155
0.0,0.17181219
0.0,0.09348861
0.0,0.09088208
0.0,0.10107386
0.0,-0.024003007
0.0,-0.02902203
0.0,-0.028226556
0.0,-0.033817373
0.0,-0.0114470115
0.0,-0.017413147
0.0,0.017130494
0.0,0.019910626
0.0,0.048989985
0.0,0.049877286
0.0,0.033003256
0.0,0.034972537
0.0,0.051398043
0.0,0.054430936
0.0,0.056229357
0.0,-0.0045743464
0.0,-0.009530142
0.0,-0.012271542
0.0,-0.023103772
0.0,-0.019941531
0.0,-0.017174013
0.0,0.43729264
0.0,0.37056017
6.0,3.77938
0.0,0.011507733
0.0,0.057380922
0.0,0.062326357
0.0,0.08989339
0.0,0.06098556
0.0,0.098372914
8.0,0.046321843
0.0,0.011611289
0.0,0.041496255
0.0,0.048646305
0.0,0.18034673
0.0,0.017525874
0.0,-0.0114470115
0.0,-0.017413147
0.0,0.017130494
0.0,0.019910626
0.0,0.058194634
0.0,0.023656162
0.0,0.008742318
0.0,0.011286863
0.0,-0.011096823
0.0,-0.02431302
0.0,-0.015315559
0.0,1.1404996
0.0,0.05380772
8.0,4.636115
0.0,0.08849783
0.0,0.15626517
0.0,0.18574598
6.0,0.69403476
0.0,0.045157786
0.0,0.074635945
0.0,0.07641724
0.0,0.05332266
0.0,0.0557045
0.0,-0.0114470115
0.0,-0.017413147
0.0,0.017130494
0.0,0.019910626
0.0,0.05765182
0.0,0.056175828
0.0,0.041902173
0.0,0.04053582
0.0,0.0759773
0.0,0.092678644
0.0,0.04566453
1.0,0.04844023
0.0,0.08061358
0.0,-0.0114470115
0.0,-0.017413147
0.0,0.017130494
0.0,0.019910626
0.0,0.03756828
0.0,0.032093126
0.0,0.057487644
0.0,0.06706179
0.0,0.026079088
0.0,0.08108499
0.0,0.113237716
0.0,-0.024343418
0.0,-0.0114470115
0.0,-0.017413147
0.0,0.017130494
0.0,0.019910626
0.0,0.03756828
0.0,0.032093126
0.0,0.066466436
1.0,0.08649387
0.0,0.022895139
0.0,0.12125848
0.0,0.30116153
0.0,0.3181218
0.0,0.09286134
0.0,0.49262044
0.0,0.07996992
0.0,0.031006234
0.0,0.031635277
0.0,0.029524516
0.0,0.026099836
0.0,0.030215522
0.0,0.023122746
0.0,0.1755023
0.0,0.2709125
0.0,0.18443799
0.0,0.023770561
0.0,0.015645761
0.0,-0.025999216
0.0,0.12999474
0.0,0.16798495
0.0,0.3130659
0.0,0.054429773
0.0,0.03335937
0.0,0.027155977
0.0,0.032192707
0.0,0.026074301
0.0,0.025036601
0.0,0.41800654
0.0,0.45243025
0.0,0.24623686
0.0,0.4601457
0.0,0.4847683
0.0,0.6511224
0.0,0.6321071
0.0,0.9303602
0.0,0.5752648
0.0,0.6593408
5.0,0.6379818
0.0,0.037819117
3.0,1.7005686
0.0,0.042503655
0.0,0.2055444
0.0,0.08197921
0.0,0.19789411
0.0,0.086050965
0.0,0.09511898
0.0,0.073402226
0.0,0.12689626
0.0,0.095166296
0.0,0.20699492
0.0,0.2183764
0.0,0.61712337
1.0,0.802203
0.0,0.12850362
0.0,0.7417192
0.0,0.518082
0.0,1.2934375
0.0,0.2339454
0.0,0.87753797
0.0,0.31296757
0.0,0.8255129
0.0,0.09232157
0.0,1.745057
0.0,1.4519057
0.0,1.4615786
0.0,0.9077732
0.0,1.6377026
0.0,1.166124
0.0,0.15200068
0.0,0.077429965
0.0,0.027273668
0.0,0.0073479693
0.0,-0.0114470115
0.0,-0.017413147
0.0,-0.0114470115
0.0,-0.017413147
0.0,0.017130494
0.0,0.019910626
0.0,0.058194634
0.0,0.057614177
0.0,0.038303718
0.0,0.038083658
0.0,0.06488612
0.0,0.07562359
0.0,0.07867123
0.0,0.0011181026
0.0,-0.0027145743
0.0,-0.009895479
0.0,-0.02142401
0.0,-0.018749764
0.0,-0.020411566
9.0,0.5338651
0.0,0.034638308
1.0,0.6196189
0.0,0.025806796
0.0,0.16242054
0.0,0.060324192
0.0,-0.0114470115
0.0,-0.017413147
0.0,0.013804481
0.0,0.026970774
0.0,-0.01299971
0.0,-0.0114470115
0.0,-0.017413147
0.0,0.013804481
0.0,0.026970774
0.0,-0.01299971
0.0,-0.0114470115
0.0,-0.017413147
0.0,0.013804481
0.0,0.018229242
0.0,-0.015205568
0.0,-0.0114470115
0.0,-0.017413147
0.0,0.017130494
0.0,0.019910626
0.0,0.048989985
0.0,0.020419242
0.0,0.0020850748
0.0,0.008196667
0.0,-0.0053013233
0.0,-0.0130163785
0.0,-0.00654297
0.0,0.30097896
0.0,0.014523529
6.0,3.9804432
0.0,0.0404105
0.0,0.094824366
0.0,0.056026623
1.0,1.2932796
0.0,0.03237611
0.0,0.06306177
0.0,0.08402681
0.0,0.021638876
0.0,0.019167589
0.0,-0.0114470115
0.0,-0.017413147
0.0,-0.0114470115
0.0,-0.017413147
0.0,0.017130494
0.0,0.019910626
0.0,0.058194634
0.0,0.057614177
0.0,0.038303718
0.0,0.017040363
0.0,-0.0023359626
0.0,-0.024929954
0.0,-0.025499215
0.0,-0.028739959
0.0,-0.054818895
0.0,1.7056949
0.0,0.21983238
8.0,3.4562924
0.0,0.025143376
6.0,1.0642183
0.0,0.024389826
0.0,0.096058205
0.0,0.025513578
0.0,-0.0114470115
0.0,-0.017413147
0.0,0.017130494
0.0,0.019910626
0.0,0.03756828
0.0,0.032093126
0.0,0.018867658
0.0,-0.0108127
0.0,-0.030122604
0.0,-0.04608737
0.0,-0.049017113
0.0,-0.05190757
0.0,-0.055546734
5.0,3.8102307
0.0,0.02405595
0.0,0.0008341565
0.0,0.023419434
2.0,2.1446784
0.0,0.012946107
0.0,-0.004388283
0.0,0.011474472
0.0,-0.017567368
0.0,-0.019856999
0.0,-0.0114470115
0.0,-0.017413147
0.0,0.013804481
0.0,0.031828027
0.0,-0.009165767
0.0,-0.0114470115
0.0,-0.017413147
0.0,0.017130494
0.0,0.019910626
0.0,0.058194634
0.0,0.057614177
0.0,0.038303718
0.0,0.038083658
0.0,0.06488612
0.0,0.0008952826
0.0,0.0023925542
0.0,-0.009672836
0.0,-0.018620368
0.0,-0.023217665
0.0,-0.046948936
7.0,0.51590246
0.0,0.019809552
0.0,0.06630502
0.0,0.06438496
0.0,0.6970452
0.0,0.04024227
3.0,1.211933
0.0,0.017691368
0.0,0.03216023
0.0,0.028379638
0.0,0.021629604
0.0,-0.009036675
0.0,-0.0114470115
0.0,-0.017413147
0.0,0.017130494
0.0,0.019910626
0.0,0.0649356
0.0,0.022038741
0.0,0.0050503593
0.0,0.015173776
0.0,-0.00685392
0.0,-0.014103627
0.0,-0.0042532887
0.0,0.82685274
0.0,0.12722608
7.0,3.6590393
0.0,0.043607168
0.0,0.29960898
0.0,0.091072164
6.0,1.4666148
0.0,0.022262193
0.0,0.035555374
0.0,0.061158147
0.0,0.025775788
0.0,0.062449344
0.0,-0.0114470115
0.0,-0.017413147
0.0,-0.0114470115
0.0,-0.017413147
0.0,0.017130494
0.0,0.019910626
0.0,0.058194634
0.0,0.057614177
0.0,0.038303718
0.0,0.038083658
0.0,0.050987918
0.0,0.050223473
0.0,0.05748747
0.0,0.109085456
0.0,0.083542064
0.0,0.20957865
0.0,0.12553254
0.0,0.06008293
0.0,0.058418926
0.0,0.032324154
0.0,0.03466136
0.0,0.046703495
0.0,0.062428217
0.0,0.87216866
0.0,0.6742746
8.0,0.60434014
0.0,0.28894258
0.0,-0.0114470115
0.0,-0.017413147
0.0,0.013804481
0.0,0.026970774
0.0,0.042454258
0.0,0.037040055
0.0,0.027924346
0.0,0.027014472
0.0,0.020546205
0.0,0.019350512
0.0,0.03531594
0.0,0.07969325
1.0,0.07145881
0.0,0.03494242
0.0,0.050766617
0.0,0.047985673
0.0,0.088575244
0.0,0.05660257
3.0,0.08443126
0.0,0.040070217
1.0,0.7762211
0.0,0.062280733
0.0,2.2186482
0.0,0.07699522
2.0,0.71650684
0.0,0.028031956
1.0,2.574583
0.0,0.044071175
1.0,4.121819
0.0,0.07161465
0.0,1.7580085
0.0,0.034447253
0.0,0.14795843
0.0,0.023313977
0.0,-0.0114470115
0.0,-0.017413147
0.0,-0.0114470115
0.0,-0.017413147
0.0,-0.0114470115
0.0,-0.017413147
0.0,-0.0114470115
0.0,-0.017413147
0.0,0.017130494
0.0,0.019910626
0.0,0.048989985
0.0,0.049877286
0.0,0.03046
0.0,0.03212355
0.0,0.053063188
0.0,-0.033299766
0.0,-0.0114470115
0.0,-0.017413147
0.0,0.013804481
0.0,0.026970774
0.0,0.042454258
0.0,0.037040055
0.0,0.027924346
0.0,0.026474394
0.0,0.018203251
0.0,0.05428363
1.0,0.053178295
0.0,0.052346725
1.0,0.06275226
0.0,0.1518615
3.0,0.22276896
0.0,0.024581512
0.0,1.1012651
0.0,0.039334044
0.0,2.9718862
0.0,0.030742375
1.0,0.7307163
0.0,0.044893652
0.0,0.24311401
0.0,0.050503265
0.0,-0.0114470115
0.0,-0.017413147
0.0,0.017130494
0.0,0.019910626
0.0,0.028458394
0.0,-0.0051494837
0.0,-0.027400834
0.0,-0.024794986
0.0,-0.039205637
0.0,-0.045902092
0.0,-0.030633297
0.0,1.4984555
0.0,-0.06642996
3.0,3.1160808
0.0,0.021903899
0.0,-0.042272985
0.0,0.015991062
4.0,2.3178174
0.0,0.009654775
0.0,-0.006453979
0.0,0.023465462
0.0,-0.0114470115
0.0,-0.017413147
0.0,0.013804481
0.0,0.026970774
0.0,0.042454258
0.0,0.037040055
0.0,0.027924346
0.0,0.026474394
0.0,0.018203251
0.0,0.008290876
0.0,0.01906839
0.0,0.051357307
0.0,0.04501122
0.0,0.095762156
0.0,0.07022023
0.0,0.16721514
1.0,0.11594009
0.0,0.056553274
0.0,0.065627694
0.0,0.062108096
2.0,0.110630296
0.0,0.055493232
1.0,0.9178869
0.0,0.045751847
0.0,1.0656103
0.0,0.035032548
0.0,1.056931
0.0,0.046840515
1.0,0.9133601
0.0,0.051849026
1.0,1.6076182
0.0,0.06193356
0.0,2.7387455
0.0,0.021810727
1.0,3.341473
0.0,0.040317483
1.0,1.9697871
0.0,0.037646934
0.0,1.0126783
0.0,0.02074182
0.0,4.1179504
0.0,0.04406651
0.0,-0.015710028
0.0,-0.0114470115
0.0,-0.017413147
0.0,0.017130494
0.0,0.019910626
0.0,0.0649356
0.0,0.071000606
0.0,0.049983047
0.0,0.012333707
0.0,-0.005604699
0.0,-0.019351196
0.0,-0.02410094
0.0,-0.02739278
0.0,-0.03282218
6.0,1.3929634
0.0,0.03393656
0.0,0.057605237
0.0,0.043797005
2.0,1.7494082
0.0,0.027692659
0.0,0.046746306
0.0,0.041912533
0.0,0.055446114
0.0,0.048908945
0.0,0.09901609
0.0,0.05972623
0.0,0.06348403
0.0,0.0704471
0.0,0.1255793
0.0,0.115246415
6.0,0.13623296
0.0,0.13674013
0.0,0.10635966
0.0,0.028594276
0.0,0.4306475
0.0,0.03297174
0.0,0.011136391
0.0,0.01630424
0.0,0.0009684667
0.0,0.0016905039
0.0,-0.0114470115
0.0,-0.017413147
0.0,0.013804481
0.0,0.026970774
0.0,-0.01299971
0.0,-0.0114470115
0.0,-0.017413147
0.0,0.013804481
0.0,0.026970774
0.0,0.042454258
0.0,0.037040055
0.0,0.027924346
0.0,0.026071869
0.0,0.01921235
0.0,0.0130653195
0.0,-0.012246717
0.0,-0.017554045
0.0,-0.020313887
0.0,-0.025120756
0.0,-0.039305065
0.0,0.3426441
8.0,2.345194
0.0,0.054811954
6.0,0.7929935
0.0,0.035812546
0.0,0.21544169
0.0,0.0469061
0.0,-0.0114470115
0.0,-0.017413147
0.0,0.013804481
0.0,0.012498517
0.0,0.008281883
0.0,0.004250933
0.0,0.0056200502
0.0,0.0042346194
0.0,-0.015312595
0.0,-0.0114470115
0.0,-0.017413147
0.0,0.017130494
0.0,0.019910626
0.0,0.058194634
0.0,0.057614177
0.0,0.038303718
0.0,0.017040363
0.0,-0.0023359626
0.0,-0.024929954
0.0,-0.025499215
0.0,-0.028739959
0.0,-0.054818895
0.0,1.7056949
0.0,0.21983238
7.0,3.4562924
0.0,0.024259163
0.0,0.022950312
0.0,0.03670471
3.0,0.5503746
0.0,0.01370713
0.0,0.012637514
0.0,0.03423697
0.0,-0.012843665
0.0,0.0052333325
0.0,-0.0114470115
0.0,-0.017413147
0.0,-0.0114470115
0.0,-0.017413147
0.0,0.013804481
0.0,0.017111925
0.0,0.0557062
0.0,0.05240557
0.0,0.04576472
0.0,0.042477716
3.0,0.037940912
0.0,0.028735248
0.0,1.1189487
0.0,0.042993274
0.0,0.6671654
0.0,0.033101592
0.0,0.7072658
0.0,0.02627113
0.0,0.47071645
0.0,0.32505718
2.0,0.41700622
0.0,0.02125421
0.0,1.3954891
0.0,0.042999886
0.0,-0.026666943
0.0,-0.0114470115
0.0,-0.017413147
0.0,0.2969093
0.0,0.08016523
0.0,0.07298314
0.0,0.07752491
0.0,0.066506736
0.0,0.083756775
0.0,-0.0100189475
0.0,-0.0114470115
0.0,-0.017413147
0.0,0.013804481
0.0,0.022905119
0.0,-0.011782128
0.0,-0.0114470115
0.0,-0.017413147
0.0,-0.0114470115
0.0,-0.017413147
0.0,-0.0114470115
0.0,-0.017413147
0.0,0.013804481
0.0,0.022905119
0.0,0.03834387
0.0,0.03540052
0.0,0.027717663
0.0,0.025136435
0.0,-0.0114470115
0.0,-0.017413147
0.0,-0.0114470115
0.0,-0.017413147
0.0,-0.0114470115
0.0,-0.017413147
0.0,0.017130494
0.0,0.019910626
0.0,0.048989985
0.0,0.020419242
0.0,0.009594712
0.0,0.014750454
0.0,0.0008430227
0.0,-0.0063968296
0.0,-0.0028328998
0.0,0.25931513
0.0,0.013197122
0.0,-0.080137745
0.0,-0.07834668
0.0,-0.02818486
0.0,-0.026854856
0.0,-0.05969763
0.0,0.04089842
0.0,0.047387358
9.0,3.469486
0.0,0.06505387
0.0,-0.0114470115
0.0,-0.017413147
0.0,0.013804481
0.0,0.022905119
0.0,0.03834387
0.0,0.03540052
0.0,0.027717663
0.0,0.025136435
0.0,0.02397575
0.0,0.025162628
0.0,0.029444544
0.0,0.057786155
0.0,-0.021677785
0.0,-0.0114470115
0.0,-0.017413147
0.0,0.017130494
0.0,0.019910626
0.0,0.048989985
0.0,-0.00029103903
0.0,-0.0114470115
0.0,-0.017413147
0.0,-0.0114470115
0.0,-0.017413147
0.0,0.013804481
0.0,0.022905119
0.0,-0.011782128
0.0,-0.0114470115
0.0,-0.017413147
0.0,-0.0114470115
0.0,-0.017413147
0.0,0.013804481
0.0,0.022905119
0.0,0.01956758
0.0,0.023002343
0.0,0.015476848
0.0,0.017267184
0.0,-0.006061105
0.0,-0.0114470115
0.0,-0.017413147
0.0,0.017130494
0.0,0.019910626
0.0,0.048989985
0.0,0.020419242
0.0,0.0020850748
0.0,0.008196667
0.0,-0.0053013233
0.0,-0.0130163785
0.0,-0.00654297
0.0,0.30097896
0.0,0.014523529
8.0,3.9804432
0.0,0.084302224
5.0,1.7021816
0.0,0.02807687
0.0,-0.0114470115
0.0,-0.017413147
0.0,0.013804481
0.0,0.022905119
0.0,0.01956758
0.0,0.023002343
0.0,0.008569047
0.0,0.006002411
0.0,0.008983199
0.0,0.0047985595
0.0,0.0108814
0.0,0.045190617
0.0,0.023831738
0.0,0.04601563
0.0,0.041967228
0.0,0.078750946
0.0,-0.00017651319
0.0,-0.02033899
0.0,-0.01420569
0.0,-0.012961712
0.0,-0.014739383
0.0,-0.026997145
0.0,0.083679914
0.0,0.4137592
9.0,0.40985167
0.0,0.042141814
0.0,0.20445064
0.0,0.038436
0.0,-0.0114470115
0.0,-0.017413147
0.0,0.013804481
0.0,0.022905119
0.0,-0.011782128
0.0,-0.0114470115
0.0,-0.017413147
0.0,-0.0114470115
0.0,-0.017413147
0.0,0.013804481
0.0,0.022905119
0.0,0.03834387
0.0,0.03540052
0.0,0.027717663
0.0,0.025136435
0.0,0.02397575
0.0,0.026708184
0.0,0.010304667
0.0,0.0012152507
0.0,-3.4983455e-05
0.0,-0.0070194392
0.0,-0.00494318
0.0,0.16804154
5.0,0.14281675
0.0,0.041596975
0.0,0.025908984
0.0,0.029266054
3.0,1.5269911
0.0,0.040048
0.0,0.036691185
0.0,0.040688265
0.0,0.0067400276
0.0,0.008960071
0.0,-0.0114470115
0.0,-0.017413147
0.0,0.017130494
0.0,0.019910626
0.0,0.048989985
0.0,0.049877286
0.0,0.033003256
0.0,0.013114793
0.0,0.0012694359
0.0,-0.015387755
0.0,-0.014828425
0.0,-0.0139438575
0.0,-0.03188819
5.0,1.1286861
0.0,0.021714948
0.0,0.04548214
0.0,0.03776374
1.0,1.7720033
0.0,0.021302238
0.0,0.024880482
0.0,0.015487436
0.0,-0.0017662465
0.0,-0.000235714
0.0,-0.0114470115
0.0,-0.017413147
0.0,0.013804481
0.0,0.022905119
0.0,0.03834387
0.0,0.03540052
0.0,0.027717663
0.0,0.025136435
0.0,0.02397575
0.0,0.024838708
0.0,-0.010201059
0.0,-0.0114470115
0.0,-0.017413147
0.0,-0.0114470115
0.0,-0.017413147
0.0,0.017130494
0.0,0.019910626
0.0,0.05337411
0.0,0.038425513
0.0,0.028530387
0.0,0.032681055
0.0,0.062878944
0.0,0.07144225
0.0,0.06806007
0.0,-0.005124937
0.0,-0.0074716653
0.0,-0.00830605
0.0,-0.015943512
0.0,-0.011147436
0.0,-0.014730593
0.0,0.41212395
0.0,0.36562437
5.0,4.2866516
0.0,0.013547463
0.0,0.116169795
0.0,0.018839033
0.0,1.5828292
0.0,0.011507606
0.0,1.9225472
0.0,0.0066152927
0.0,1.3389349
0.0,0.01292075
0.0,1.1595883
0.0,0.04550694
0.0,0.042252667
0.0,0.03384268
0.0,0.036702685
0.0,0.03658451
0.0,0.047802597
0.0,0.033092625
0.0,0.038364515
0.0,0.046205543
0.0,0.058129936
0.0,0.081809685
0.0,0.034073733
0.0,0.06733796
0.0,0.034097444
0.0,0.038184326
0.0,0.05146342
0.0,0.036641736
0.0,0.056880716
0.0,0.0719733
0.0,0.061385147
0.0,0.064788215
0.0,0.055992678
0.0,0.07925771
0.0,0.07716134
0.0,0.08002127
0.0,0.06669571
0.0,0.07796771
0.0,0.075218104
0.0,0.07462926
0.0,0.074315295
0.0,0.06915244
0.0,0.070933424
0.0,0.08025676
4.0,0.0782094
0.0,0.14492992
0.0,0.16937877
0.0,0.043456495
0.0,0.05608124
0.0,0.042244814
0.0,0.050451662
0.0,0.084063694
1.0,0.07690509
0.0,0.052759003
0.0,0.018153297
0.0,0.057442226
0.0,-0.021843202
0.0,-0.03802724
0.0,-0.0114470115
0.0,-0.017413147
0.0,0.013804481
0.0,0.017326714
0.0,-0.015021404
0.0,-0.0114470115
0.0,-0.017413147
0.0,0.017130494
0.0,0.019910626
0.0,0.05337411
0.0,0.038425513
0.0,0.025372757
0.0,-0.00271959
0.0,-0.021098545
0.0,-0.04998064
0.0,-0.05523766
0.0,-0.061325364
0.0,-0.08004526
1.0,6.1188803
0.0,-0.012884094
0.0,-0.057460617
0.0,0.011359262
0.0,-0.061276775
0.0,0.0036624207
0.0,-0.050876558
0.0,0.062133502
0.0,1.6644667
4.0,1.9249568
0.0,0.015983842
0.0,1.9738846
0.0,0.02196391
0.0,0.09606958
0.0,0.070847854
0.0,0.0329534
0.0,0.071712285
0.0,0.056480523
0.0,0.121185325
0.0,0.21184757
3.0,0.16163397
0.0,0.0028021722
0.0,0.12371715
0.0,-0.0047610938
0.0,-0.0114470115
0.0,-0.017413147
0.0,-0.0114470115
0.0,-0.017413147
0.0,0.017130494
0.0,0.019910626
0.0,0.05337411
0.0,0.00917253
0.0,-0.011024779
0.0,0.0014242142
0.0,-0.024165994
0.0,-0.03684429
0.0,-0.025683632
0.0,4.8873796
0.0,0.031590693
9.0,5.3749657
0.0,0.38522992
0.0,-0.0114470115
0.0,-0.017413147
0.0,0.017130494
0.0,0.019910626
0.0,0.05337411
0.0,0.00917253
0.0,0.0009699612
0.0,-0.012916646
0.0,-0.03894031
0.0,-0.05477127
0.0,-0.049110033
0.0,5.24561
0.0,0.0015597909
2.0,5.3228974
0.0,0.0049835336
0.0,1.987171
0.0,0.046294205
0.0,0.0083006285
0.0,-0.013785711
0.0,2.166493
0.0,-0.006674063
0.0,0.33513415
0.0,0.12336139
0.0,0.13350902
0.0,0.1923048
0.0,0.21318056
0.0,0.26957515
0.0,0.20496933
0.0,0.19027849
0.0,0.2036438
0.0,0.11541072
2.0,0.0836195
0.0,0.021577876
0.0,0.031781342
0.0,0.020020517
0.0,0.022060297
0.0,0.036618024
0.0,0.04148954
0.0,0.035228312
0.0,0.050716866
0.0,0.04407847
0.0,0.043270227
0.0,0.053464267
0.0,0.04810468
0.0,0.05157235
0.0,0.038162515
0.0,0.053951427
0.0,0.055467293
0.0,0.0553076
0.0,-0.033120338
0.0,-0.03561437
0.0,-0.03477834
0.0,-0.015260183
0.0,-0.0114470115
0.0,-0.017413147
0.0,-0.0114470115
0.0,-0.017413147
0.0,0.017130494
0.0,0.019910626
0.0,0.05337411
0.0,0.038425513
0.0,0.027676752
0.0,0.011019662
0.0,0.0020700528
0.0,-0.018150967
0.0,-0.016393865
0.0,-0.014476665
0.0,-0.038098298
0.0,0.79888207
0.0,0.08529285
0.0,-0.06354361
0.0,-0.059285074
0.0,-0.06134715
0.0,-0.055179853
0.0,0.01338658
0.0,1.2751318
0.0,1.5050274
9.0,1.9777095
0.0,0.13862744
0.0,-0.0114470115
0.0,-0.017413147
0.0,0.017130494
0.0,0.019910626
0.0,0.048989985
0.0,-0.00029103903
0.0,-0.0114470115
0.0,-0.017413147
0.0,0.017130494
0.0,0.019910626
0.0,0.05337411
0.0,0.038425513
0.0,0.026984403
2.0,0.07133086
0.0,0.024766183
0.0,0.123597585
0.0,0.039968558
0.0,0.9281327
0.0,0.048310757
0.0,1.7775701
0.0,0.039231576
0.0,0.32372415
0.0,0.11625182
3.0,0.0945446
0.0,0.0269403
0.0,1.9422547
0.0,0.018925771
0.0,3.81518
0.0,0.023989353
0.0,-0.04546699
0.0,-0.0114470115
0.0,-0.017413147
0.0,0.017130494
0.0,0.019910626
0.0,0.05337411
0.0,0.038425513
0.0,0.027676752
0.0,0.033556
0.0,0.062833704
0.0,0.073133454
0.0,0.06438987
0.0,-0.021377146
0.0,-0.024742853
0.0,-0.02957594
0.0,-0.042799383
0.0,-0.04245203
0.0,-0.029069655
8.0,0.68339765
0.0,0.018857501
0.0,-0.0114470115
0.0,-0.017413147
0.0,-0.0114470115
0.0,-0.017413147
0.0,0.013804481
0.0,0.022905119
0.0,-0.011782128
0.0,-0.0114470115
0.0,-0.017413147
0.0,-0.0114470115
0.0,-0.017413147
0.0,0.017130494
0.0,0.019910626
0.0,0.048989985
0.0,0.020419242
0.0,0.0020850748
0.0,0.008196667
0.0,-0.0053013233
0.0,-0.0130163785
0.0,-0.00654297
9.0,0.30097896
0.0,0.20747316
1.0,1.739244
0.0,0.15743232
0.0,0.6536421
0.0,0.034974184
0.0,-0.0114470115
0.0,-0.017413147
0.0,-0.0114470115
0.0,-0.017413147
0.0,-0.0114470115
0.0,-0.017413147
0.0,0.017130494
0.0,0.019910626
0.0,0.046098515
0.0,0.058705557
0.0,0.04667953
0.0,0.043878272
0.0,0.049131565
0.0,-0.022190757
0.0,-0.017595056
0.0,-0.023348125
0.0,-0.031451166
0.0,-0.036064725
0.0,0.05281458
0.0,1.7255613
0.0,0.97948706
4.0,3.783939
0.0,0.016774427
2.0,1.6893356
0.0,0.020697944
0.0,0.07758312
0.0,0.008402159
5.0,1.6832913
0.0,0.011185712
0.0,0.05608086
0.0,0.0138653545
0.0,0.044133212
0.0,0.027274428
0.0,0.045094255
0.0,0.031181024
0.0,0.091940366
0.0,0.077010766
0.0,0.083614156
2.0,0.08012913
0.0,0.10140637
0.0,-0.0114470115
0.0,-0.017413147
0.0,0.013804481
0.0,0.022905119
0.0,-0.011782128
0.0,-0.0114470115
0.0,-0.017413147
0.0,0.013804481
0.0,0.022905119
0.0,-0.011782128
0.0,-0.0114470115
0.0,-0.017413147
0.0,0.017130494
0.0,0.019910626
0.0,0.05337411
0.0,0.00917253
0.0,-0.011024779
0.0,0.0014242142
0.0,-0.024165994
0.0,-0.03684429
0.0,-0.025683632
9.0,4.8873796
0.0,0.31700706
5.0,1.3539747
0.0,0.13960451
0.0,-0.0114470115
0.0,-0.017413147
0.0,0.017130494
0.0,0.019910626
0.0,0.046098515
0.0,0.058705557
0.0,0.043224454
0.0,0.043761972
0.0,0.056237537
0.0,-0.005766013
0.0,-0.01857011
0.0,-0.023705129
0.0,-0.03186585
0.0,-0.036079973
0.0,-0.027059436
6.0,3.9730554
0.0,0.01624005
0.0,-0.008977145
0.0,0.026761254
2.0,1.9067818
0.0,0.011403035
0.0,0.045788124
0.0,0.022353185
0.0,0.033011083
0.0,0.028318284
0.0,0.039517168
0.0,0.0324383
0.0,0.054243557
0.0,0.057495397
0.0,0.084194764
0.0,0.033276714
0.0,-0.008952927
0.0,-0.0047206134
0.0,0.0025098412
0.0,-0.0114470115
0.0,-0.017413147
0.0,0.017130494
0.0,0.019910626
0.0,0.046098515
0.0,0.058705557
0.0,0.043224454
0.0,0.043761972
0.0,0.047368154
0.0,0.046390846
0.0,0.06393111
0.0,0.087932825
0.0,0.07745702
0.0,0.020732675
0.0,0.016627602
0.0,0.03323023
0.0,0.03163533
0.0,0.027512347
0.0,0.039957516
0.0,0.6200451
0.0,0.7946046
8.0,3.806
0.0,0.021507453
0.0,0.08356552
0.0,0.027579477
6.0,0.97247314
0.0,0.011453522
0.0,0.06733205
0.0,0.08505446
0.0,0.05176467
0.0,0.077031314
0.0,-0.0114470115
0.0,-0.017413147
0.0,0.013804481
0.0,0.022905119
0.0,-0.011782128
0.0,-0.0114470115
0.0,-0.017413147
0.0,0.013804481
0.0,0.022905119
0.0,-0.011782128
0.0,-0.0114470115
0.0,-0.017413147
0.0,0.013804481
0.0,0.022905119
0.0,0.03834387
0.0,0.03540052
0.0,0.027717663
0.0,0.025167366
2.0,0.025526168
0.0,0.028247532
0.0,0.18259291
0.0,0.034440007
0.0,0.09885587
0.0,0.024527354
0.0,0.121699385
0.0,0.030060895
0.0,-0.015786074
0.0,-0.0114470115
0.0,-0.017413147
0.0,-0.0114470115
0.0,-0.017413147
0.0,0.013804481
0.0,0.022335732
0.0,0.02008215
0.0,0.020272696
0.0,0.012300852
0.0,0.011283393
0.0,0.010980346
0.0,0.0074970988
0.0,0.012018527
0.0,0.10200276
1.0,0.041271586
0.0,0.005285035
0.0,0.04710916
0.0,0.09954708
0.0,0.08716575
0.0,0.11980212
0.0,1.3556659
0.0,0.18629023
3.0,0.32959765
0.0,0.05416994
0.0,0.43011603
0.0,0.048625305
0.0,0.74192345
0.0,0.036551453
1.0,1.0048815
0.0,0.046567157
0.0,1.3684372
0.0,0.24278314
0.0,1.1974957
0.0,0.14899375
2.0,0.5289434
0.0,0.045595776
1.0,0.12486733
0.0,0.027773064
1.0,2.2709165
0.0,0.059372496
0.0,1.5926436
0.0,0.043515366
0.0,-0.0114470115
0.0,-0.017413147
0.0,0.017130494
0.0,0.019910626
0.0,0.046098515
0.0,0.010297548
0.0,0.0010934293
0.0,-0.011233261
0.0,-0.03854437
0.0,-0.058041327
0.0,-0.053245757
0.0,2.6874099
0.0,-0.013966378
0.0,3.8620071
0.0,0.073711276
1.0,3.0690498
0.0,0.009389955
0.0,-0.053772762
0.0,0.026687993
4.0,2.0267363
0.0,0.0076450882
0.0,0.02696657
0.0,0.01987582
0.0,0.024595674
0.0,0.020428311
0.0,-0.025701566
0.0,-0.017863145
0.0,-0.035971884
0.0,-0.029930232
0.0,-0.0114470115
0.0,-0.017413147
0.0,0.017130494
0.0,0.019910626
0.0,0.03756828
0.0,0.032093126
0.0,0.021002688
0.0,-0.0031288026
0.0,-0.020292075
0.0,-0.029194491
0.0,-0.030519024
0.0,-0.032900862
0.0,-0.0134766605
0.0,1.7946657
0.0,0.20855185
8.0,3.3130212
0.0,0.0295749
1.0,1.1950058
0.0,0.04140952
0.0,0.12954071
0.0,0.028630171
4.0,1.1054808
0.0,0.021855615
0.0,0.05324796
0.0,0.022829605
0.0,-0.0114470115
0.0,-0.017413147
0.0,0.017130494
0.0,0.019910626
0.0,0.03756828
0.0,0.032093126
0.0,0.023550807
0.0,0.0233062
0.0,0.037088238
0.0,-0.0032081676
0.0,-0.0016865268
0.0,-0.004726161
0.0,-0.014226689
0.0,-0.015859663
0.0,-0.087812625
8.0,1.4027768
0.0,0.032337174
4.0,1.4438792
0.0,0.039836098
0.0,-0.0114470115
0.0,-0.017413147
0.0,0.013804481
0.0,0.022335732
0.0,0.02008215
0.0,0.020272696
0.0,-0.015329188
0.0,-0.0114470115
0.0,-0.017413147
0.0,0.017130494
0.0,0.019910626
0.0,0.05765182
0.0,0.056175828
0.0,0.019522086
0.0,0.00040508359
0.0,-0.011995069
0.0,-0.0119103845
0.0,-0.011823293
0.0,-0.01531713
0.0,-0.04696502
0.0,0.03065412
0.0,0.024180153
8.0,0.05323438
0.0,1.7567756
0.0,-0.014869387
0.0,0.02716013
0.0,-0.0114470115
0.0,-0.017413147
0.0,0.013804481
0.0,0.022335732
0.0,0.03333348
0.0,0.025698982
0.0,0.023513746
0.0,0.020615717
0.0,0.017362155
0.0,0.022418847
0.0,-0.02529813
0.0,-0.0114470115
0.0,-0.017413147
0.0,0.013804481
0.0,0.022335732
0.0,0.03333348
0.0,0.025698982
0.0,0.023513746
0.0,0.020785619
0.0,0.010261983
0.0,-0.004808667
0.0,-0.007527852
0.0,-0.013168497
0.0,-0.009961951
0.0,-0.0493937
0.0,0.83617026
0.0,0.24028613
0.0,1.5948869
0.0,1.3078266
6.0,1.2086804
0.0,0.019485861
0.0,0.03959205
0.0,0.02607268
2.0,1.5556878
0.0,0.027253402
0.0,0.063297555
0.0,0.040610574
0.0,0.05087187
0.0,0.050976794
0.0,0.051678848
0.0,0.048681315
0.0,0.04717829
0.0,0.07945029
0.0,0.16369268
0.0,0.09830138
0.0,0.11089613
0.0,0.07654892
0.0,0.12771416
0.0,0.112549044
0.0,0.10979819
0.0,0.12409394
0.0,0.1167064
0.0,0.043515287
0.0,0.09517055
0.0,-0.0114470115
0.0,-0.017413147
0.0,0.017130494
0.0,0.019910626
0.0,0.03756828
0.0,0.0013813778
0.0,-0.015343627
0.0,-0.017295936
0.0,-0.036026727
0.0,-0.04665093
0.0,-0.04462004
0.0,2.3897734
0.0,-0.051966414
9.0,5.5863137
0.0,0.1809497
3.0,1.133083
0.0,0.20744269
0.0,-0.0114470115
0.0,-0.017413147
0.0,-0.0114470115
0.0,-0.017413147
0.0,0.013804481
0.0,0.01909547
0.0,0.04418195
0.0,0.03765988
0.0,0.030388057
0.0,0.02810405
0.0,0.011035975
0.0,-0.0029815226
0.0,-0.0067610024
0.0,-0.012555285
0.0,-0.013773551
0.0,-0.055081613
0.0,0.811742
0.0,0.35924375
5.0,1.6078615
0.0,0.032491043
1.0,1.4430878
0.0,0.021895286
0.0,0.005393633
0.0,0.023142783
1.0,1.9221747
0.0,0.01894031
4.0,0.03336312
0.0,0.010167342
0.0,0.032928273
0.0,0.020396596
0.0,0.04592565
0.0,0.02156607
0.0,0.040847883
0.0,0.023120744
0.0,0.037402127
0.0,0.014653913
0.0,0.012506193
0.0,0.00649565
0.0,-0.0114470115
0.0,-0.017413147
0.0,-0.0114470115
0.0,-0.017413147
0.0,0.017130494
0.0,0.019910626
0.0,0.0641862
0.0,0.06199828
0.0,0.04020592
0.0,0.015995368
0.0,-0.03215742
0.0,-0.054161277
0.0,-0.05959053
0.0,-0.064221665
0.0,0.001982227
8.0,6.176646
0.0,0.25637883
0.0,0.032608278
0.0,0.11317641
0.0,-0.0114470115
0.0,-0.017413147
0.0,0.017130494
0.0,0.019910626
0.0,0.0641862
0.0,0.06199828
0.0,0.04328943
0.0,0.014349904
0.0,-0.0067918566
0.0,-0.014228615
0.0,-0.016152477
0.0,-0.01753953
0.0,0.032418694
8.0,1.6689842
0.0,0.2776594
4.0,1.1710052
0.0,0.18027566
0.0,0.09374801
0.0,0.102904506
0.0,-0.0114470115
0.0,-0.017413147
0.0,-0.0114470115
0.0,-0.017413147
0.0,0.017130494
0.0,0.019910626
0.0,0.03756828
0.0,0.032093126
0.0,0.018867658
0.0,-0.011976196
0.0,-0.0114470115
0.0,-0.017413147
0.0,0.013804481
0.0,0.012500315
0.0,0.013119682
0.0,0.0067230044
0.0,0.009003009
0.0,0.008076897
0.0,-0.013260731
0.0,-0.030983662
0.0,-0.033468906
0.0,-0.044241786
0.0,-0.045037664
0.0,-0.07617598
0.0,3.4505062
0.0,2.051245
5.0,2.413706
0.0,0.04045387
0.0,0.07028031
0.0,0.017141387
1.0,1.9245875
0.0,0.025089545
0.0,0.06909655
0.0,0.041000534
0.0,0.07580071
0.0,0.053821854
0.0,0.07998955
0.0,0.06021524
0.0,0.046915878
0.0,0.060816444
0.0,0.061863568
0.0,0.09893012
0.0,0.1797841
0.0,0.132735
0.0,0.12739776
0.0,0.13471158
0.0,0.14928243
0.0,0.14215891
0.0,0.14004539
0.0,0.14752325
0.0,0.1479535
0.0,0.14657475
0.0,0.1032403
4.0,0.14975528
0.0,0.09161736
0.0,0.17507736
0.0,0.050591346
0.0,0.07550085
0.0,0.035557326
0.0,0.05737869
0.0,0.06356248
0.0,0.057633962
0.0,0.051247872
0.0,0.0581769
0.0,0.06578245
0.0,0.05524827
0.0,0.0620626
0.0,0.0541783
0.0,0.0640008
0.0,0.06200649
0.0,0.058100577
0.0,0.07843914
0.0,0.07037541
0.0,0.14200614
0.0,0.1142816
0.0,0.15310343
0.0,0.10167243
0.0,0.13217516
0.0,0.13356031
0.0,0.119279295
0.0,0.11307179
0.0,0.10043428
0.0,0.068502344
0.0,0.11930113
0.0,0.14964914
0.0,0.14397089
0.0,0.1548594
0.0,0.14962266
0.0,0.13994126
0.0,0.123598345
0.0,0.10794146
0.0,0.088840395
0.0,0.14363654
0.0,0.13714081
0.0,0.120958574
0.0,-0.0114470115
0.0,-0.017413147
0.0,0.013804481
0.0,0.01909547
0.0,0.02492466
0.0,0.026518954
0.0,-0.0147979
0.0,-0.0114470115
0.0,-0.017413147
0.0,0.013804481
0.0,0.01909547
0.0,0.04418195
0.0,0.03765988
0.0,0.030388057
0.0,0.02810405
0.0,0.026588008
0.0,0.027177813
0.0,0.03398583
0.0,0.070604034
0.0,0.061107635
0.0,0.10456856
0.0,0.07603751
0.0,0.06957335
0.0,0.061238017
0.0,0.08142801
1.0,0.09956078
0.0,0.039897554
0.0,0.12369919
0.0,0.05039629
0.0,0.23445623
0.0,0.044434916
0.0,0.0713223
0.0,0.033332825
2.0,0.10300381
0.0,0.0349127
0.0,1.7011919
0.0,0.04915117
0.0,0.49559918
0.0,0.05135566
0.0,0.118900836
0.0,0.04222835
0.0,-0.018604105
0.0,-0.0114470115
0.0,-0.017413147
0.0,0.013804481
0.0,0.01909547
0.0,-0.012141361
0.0,-0.0114470115
0.0,-0.017413147
0.0,0.017130494
0.0,0.019910626
0.0,0.05337411
0.0,0.00917253
0.0,0.0009699612
0.0,-0.012916646
0.0,-0.03894031
0.0,-0.05477127
0.0,-0.049110033
0.0,5.24561
0.0,-0.013231269
8.0,6.2553663
0.0,0.19298916
5.0,1.8275949
0.0,0.023570996
0.0,-0.0114470115
0.0,-0.017413147
0.0,0.017130494
0.0,0.019910626
0.0,0.0641862
0.0,0.06199828
0.0,0.043140706
0.0,0.04482513
0.0,0.05137993
0.0,-0.018800858
0.0,-0.0114470115
0.0,-0.017413147
0.0,-0.0114470115
0.0,-0.017413147
0.0,-0.0114470115
0.0,-0.017413147
0.0,0.013804481
0.0,0.022335732
0.0,-0.012607875
0.0,-0.0114470115
0.0,-0.017413147
0.0,0.017130494
0.0,0.019910626
0.0,0.03756828
0.0,0.0013813778
0.0,-0.02212454
0.0,-0.015530425
0.0,-0.037917607
0.0,-0.04790124
0.0,-0.04537078
8.0,3.035025
0.0,0.53953886
0.0,0.1587375
0.0,0.23761871
5.0,1.3703048
0.0,0.44292802
0.0,2.1936207
0.0,0.11679403
0.0,0.75008297
0.0,0.0573259
0.0,0.028318765
0.0,0.038831204
0.0,-0.0114470115
0.0,-0.017413147
0.0,0.013804481
0.0,0.022335732
0.0,0.03333348
0.0,0.025698982
0.0,0.023513746
0.0,0.020615717
0.0,0.017362155
0.0,0.021724395
0.0,0.022252366
0.0,0.08186863
0.0,-0.017806629
0.0,-0.018940032
0.0,-0.018412799
0.0,-0.02499065
0.0,-0.018417865
0.0,-0.054479446
0.0,0.81479084
0.0,0.78087294
8.0,3.0559402
0.0,0.04250948
5.0,0.17574385
0.0,0.048306275
0.0,0.118226424
0.0,0.03825323
0.0,-0.0114470115
0.0,-0.017413147
0.0,0.017130494
0.0,0.019910626
0.0,0.03756828
0.0,0.032093126
0.0,0.018867658
0.0,-0.0108127
0.0,-0.030122604
0.0,-0.04608737
0.0,-0.049017113
0.0,-0.05190757
0.0,-0.055546734
9.0,3.8102307
0.0,0.19299856
5.0,1.8210748
0.0,0.03804396
0.0,0.10120417
0.0,0.049332015
0.0,-0.0114470115
0.0,-0.017413147
0.0,-0.0114470115
0.0,-0.017413147
0.0,-0.0114470115
0.0,-0.017413147
0.0,-0.0114470115
0.0,-0.017413147
0.0,0.013804481
0.0,0.01909547
0.0,0.04418195
0.0,0.03765988
0.0,0.030388057
0.0,0.02810405
0.0,0.026588008
0.0,0.027177813
0.0,0.03398583
0.0,0.070604034
0.0,-0.008288014
0.0,-0.011788183
0.0,-0.011222013
0.0,-0.02155452
0.0,-0.014163435
0.0,-0.048142146
0.0,0.9787721
0.0,0.90694684
1.0,3.1534631
0.0,0.061010715
0.0,-0.020069864
0.0,0.019970283
0.0,0.023346985
0.0,0.009208806
0.0,0.045869466
0.0,0.041559912
0.0,0.04432419
0.0,0.048921842
0.0,0.049172096
0.0,0.04870482
0.0,0.062375728
0.0,0.06545706
0.0,0.06845181
0.0,0.07088236
0.0,0.11952352
0.0,0.119703606
0.0,0.12894474
0.0,0.12346776
0.0,0.12790024
0.0,0.12502134
0.0,0.12524132
3.0,0.12778607
0.0,0.16342628
0.0,0.19762276
0.0,0.14946036
0.0,0.121965595
0.0,0.04937222
0.0,0.065380655
5.0,0.06701429
0.0,0.04068971
0.0,0.05703534
0.0,0.04742601
0.0,0.93613696
0.0,0.06325128
0.0,0.080071375
0.0,0.048568636
0.0,0.0488843
0.0,0.047454208
0.0,0.07759599
0.0,0.06861023
0.0,0.1642279
0.0,0.17146799
0.0,0.17102544
0.0,0.15325987
0.0,0.18259601
0.0,0.17380239
0.0,-0.0114470115
0.0,-0.017413147
0.0,0.013804481
0.0,0.03132704
0.0,0.05481084
0.0,0.049097568
0.0,0.03367582
0.0,0.066634186
1.0,0.053835206
0.0,0.05864795
0.0,0.081804946
0.0,0.107481994
0.0,0.09280637
0.0,0.0625584
0.0,0.11020538
0.0,0.13264841
0.0,0.17871575
0.0,0.066633224
0.0,0.12991297
0.0,0.15865701
0.0,-0.014690062
0.0,-0.0114470115
0.0,-0.017413147
0.0,0.017130494
0.0,0.019910626
0.0,0.03756828
0.0,0.032093126
0.0,0.023217386
0.0,0.0059693274
0.0,0.0024843572
0.0,-0.0123896655
0.0,-0.016070249
0.0,-0.01878082
0.0,-0.05556548
0.0,1.4268719
0.0,0.49480927
6.0,5.140279
0.0,0.026695745
0.0,-0.014556588
0.0,0.023845848
5.0,0.34400922
0.0,0.0063528786
0.0,0.046722114
0.0,0.024535587
0.0,0.03888734
0.0,0.026101153
0.0,0.06954523
0.0,0.020102592
0.0,0.0054234234
0.0,-0.011958312
0.0,-0.02354931
0.0,-0.0114470115
0.0,-0.017413147
0.0,0.017130494
0.0,0.019910626
0.0,0.03756828
0.0,0.032093126
0.0,0.024482034
0.0,0.007201323
0.0,-0.0009551927
0.0,-0.024114417
0.0,-0.02555606
0.0,-0.028275294
0.0,0.028118035
0.0,2.8349726
0.0,0.44784507
3.0,3.5554936
0.0,0.016733086
2.0,1.7502209
0.0,0.021494534
0.0,0.046145733
0.0,-0.00079724786
2.0,2.248226
0.0,-0.004569635
0.0,-0.025449209
0.0,-0.016722344
0.0,-0.0114470115
0.0,-0.017413147
0.0,0.013804481
0.0,0.03132704
0.0,0.03025466
0.0,0.037300166
0.0,0.023656921
0.0,0.025659211
0.0,0.0235141
0.0,0.019853225
0.0,0.028869305
0.0,0.033664696
0.0,0.04514008
0.0,0.07538441
0.0,0.059948012
0.0,0.101498604
0.0,0.066459015
0.0,0.0631993
0.0,0.09799433
0.0,0.15674803
0.0,0.10863495
0.0,0.11815724
5.0,0.11971832
0.0,0.032360785
0.0,-0.0114470115
0.0,-0.017413147
0.0,0.013804481
0.0,0.03132704
0.0,-0.012290389
0.0,-0.0114470115
0.0,-0.017413147
0.0,0.013804481
0.0,0.03132704
0.0,-0.012290389
0.0,-0.0114470115
0.0,-0.017413147
0.0,0.013804481
0.0,0.03132704
0.0,0.05481084
0.0,0.049097568
0.0,0.03367582
0.0,0.066634186
1.0,0.053835206
0.0,0.05864795
0.0,0.081804946
0.0,0.09143495
0.0,0.07995622
0.0,0.06918428
0.0,0.02673891
0.0,0.020104669
0.0,0.01622632
0.0,0.011395436
0.0,-0.009642261
0.0,0.01112294
5.0,1.4410915
0.0,0.044018887
0.0,0.14229713
0.0,0.028157173
4.0,3.057675
0.0,0.0068949577
0.0,0.7618444
0.0,0.032014295
0.0,0.11719042
0.0,0.025503775
0.0,0.045167338
0.0,0.02504876
0.0,-0.0114470115
0.0,-0.017413147
0.0,0.017130494
0.0,0.019910626
0.0,0.05337411
0.0,0.00917253
0.0,0.0009699612
0.0,-0.012916646
0.0,-0.03894031
0.0,-0.05477127
0.0,-0.049110033
9.0,5.24561
0.0,0.2037807
4.0,1.409724
0.0,0.16504252
0.0,0.22612846
0.0,0.10103637
0.0,-0.0114470115
0.0,-0.017413147
0.0,-0.0114470115
0.0,-0.017413147
0.0,0.013804481
0.0,0.03132704
0.0,0.05481084
0.0,0.049097568
0.0,0.03367582
0.0,0.066634186
0.0,0.05848205
0.0,0.043117374
0.0,0.024556106
0.0,0.02182395
0.0,0.01920807
0.0,-0.004052052
8.0,0.4076918
0.0,0.2685447
0.0,-0.0114470115
0.0,-0.017413147
0.0,-0.0114470115
0.0,-0.017413147
0.0,0.017130494
0.0,0.019910626
0.0,0.05337411
0.0,0.038425513
0.0,0.028321475
0.0,-0.005153157
0.0,-0.0114470115
0.0,-0.017413147
0.0,0.013804481
0.0,0.03132704
0.0,0.05481084
0.0,0.049097568
0.0,0.03367582
0.0,0.066634186
0.0,0.05848205
0.0,0.04051236
0.0,0.031566046
0.0,0.028194385
0.0,0.024855377
0.0,0.025084961
0.0,0.5320049
0.0,0.32561353
0.0,0.027941799
0.0,0.005254915
0.0,0.0021860227
0.0,0.01890315
0.0,2.2633765
0.0,1.9464812
0.0,2.0604258
6.0,2.1137354
0.0,0.040895432
0.0,0.057633784
0.0,0.031770196
0.0,0.42130908
0.0,0.03817612
4.0,0.0753188
0.0,0.02855496
0.0,0.042339962
0.0,0.022909982
0.0,0.059673492
0.0,0.027238762
1.0,0.055023756
0.0,0.029106816
0.0,0.022239218
0.0,-0.009594535
0.0,-0.0057819216
0.0,-0.0025287643
0.0,-0.0114470115
0.0,-0.017413147
0.0,0.017130494
0.0,0.019910626
0.0,0.0641862
0.0,0.04004666
0.0,0.00086878537
0.0,0.010566143
0.0,-0.0077117365
0.0,-0.0120101925
0.0,-0.0037387966
1.0,0.92227006
0.0,0.049789865
3.0,2.508701
0.0,0.02362579
0.0,-0.01971162
0.0,0.0007535755
2.0,2.4980295
0.0,-0.0058822106
0.0,0.11178098
0.0,0.02337523
0.0,0.083703
0.0,0.041066676
0.0,0.08429564
0.0,0.07441546
0.0,0.4452039
0.0,0.41072035
0.0,0.20400015
0.0,0.1007945
3.0,0.08988749
0.0,0.021407139
0.0,0.04032095
0.0,0.021297604
0.0,-0.019220963
0.0,0.010930189
0.0,0.0004191935
0.0,-0.006704613
0.0,-0.0114470115
0.0,-0.017413147
0.0,-0.0114470115
0.0,-0.017413147
0.0,0.013804481
0.0,0.03132704
0.0,-0.012290389
0.0,-0.0114470115
0.0,-0.017413147
0.0,-0.0114470115
0.0,-0.017413147
0.0,0.017130494
0.0,0.019910626
0.0,0.083724245
0.0,0.04274568
0.0,0.019172072
0.0,0.032409877
0.0,0.0076471656
0.0,-0.015709927
0.0,0.0048942133
0.0,1.9042894
0.0,0.22070871
0.0,4.3767858
0.0,0.15876924
0.0,0.0058228835
0.0,-0.004766312
0.0,-0.036820024
0.0,-0.03999987
0.0,0.051501345
0.0,1.7771623
0.0,1.902319
8.0,2.0712364
0.0,0.045287386
0.0,1.305819
0.0,0.050236847
0.0,0.32823813
0.0,0.029023804
0.0,-0.0114470115
0.0,-0.017413147
0.0,0.013804481
0.0,0.030891303
0.0,0.039853223
0.0,0.043153826
0.0,0.023588626
0.0,0.020370048
0.0,0.02416883
0.0,0.050057348
0.0,0.045399304
0.0,0.073850475
0.0,-0.04026958
0.0,-0.0114470115
0.0,-0.017413147
0.0,0.013804481
0.0,0.030891303
0.0,-0.011441515
0.0,-0.0114470115
0.0,-0.017413147
1.0,0.2969093
0.0,0.03780432
0.0,0.15328643
0.0,0.009167793
0.0,0.13763602
0.0,0.032080133
0.0,0.14601937
0.0,0.018219642
0.0,0.10870203
0.0,0.03109905
0.0,0.101832606
0.0,0.119215555
0.0,0.11949842
0.0,0.1488997
0.0,0.10792591
0.0,0.11719131
0.0,0.11137065
0.0,0.1568651
0.0,0.15389934
0.0,0.41020283
0.0,0.2942203
0.0,0.4175529
0.0,0.1175267
0.0,0.111894466
0.0,0.074151725
0.0,0.06389443
0.0,0.06912619
0.0,0.07623837
0.0,0.075880125
0.0,0.08030557
0.0,0.08887568
0.0,-0.016543426
0.0,-0.0114470115
0.0,-0.017413147
0.0,0.017130494
0.0,0.019910626
0.0,0.06799649
0.0,0.039001156
0.0,0.010797551
0.0,0.017578388
0.0,0.003841467
0.0,-0.0031966923
0.0,0.004329133
0.0,0.49825013
0.0,0.083717585
8.0,3.9046702
0.0,0.25939348
1.0,1.7369901
0.0,0.07810896
0.0,-0.0114470115
0.0,-0.017413147
0.0,-0.0114470115
0.0,-0.017413147
0.0,0.013804481
0.0,0.031828027
0.0,0.047145005
0.0,0.0373829
0.0,0.028853346
0.0,0.027898407
0.0,0.021540385
0.0,0.021063384
0.0,0.042540237
0.0,0.08876587
0.0,0.07670017
0.0,0.10315752
0.0,0.08499728
0.0,0.13124023
1.0,0.09416069
0.0,0.056144644
0.0,0.06308983
0.0,0.06670248
0.0,0.11962948
0.0,0.07516138
2.0,0.08795456
0.0,0.049610946
0.0,0.15053193
0.0,0.04040222
0.0,0.305743
0.0,0.051989567
0.0,0.102775335
0.0,0.056195386
0.0,0.09937631
0.0,0.1041159
0.0,0.08348469
0.0,0.09218244
0.0,0.08810235
0.0,0.09111186
0.0,0.09349869
0.0,0.09401729
8.0,0.10899314
0.0,0.047431916
0.0,-0.0114470115
0.0,-0.017413147
0.0,0.017130494
0.0,0.019910626
0.0,0.05337411
0.0,0.038425513
0.0,0.047514625
0.0,-0.0056156423
0.0,-0.014745894
0.0,-0.046411898
0.0,-0.037644655
0.0,-0.041665547
0.0,-0.054963518
8.0,3.0007694
0.0,0.258534
0.0,-0.0114470115
0.0,-0.017413147
0.0,0.017130494
0.0,0.019910626
0.0,0.106409185
1.0,0.090805344
0.0,0.09082505
0.0,0.12867215
0.0,0.19495286
0.0,0.39864054
0.0,0.3708929
0.0,-0.04338622
0.0,-0.0114470115
0.0,-0.017413147
0.0,-0.0114470115
0.0,-0.017413147
0.0,0.013804481
0.0,0.030891303
0.0,0.039853223
0.0,0.043153826
0.0,0.030626
0.0,0.031599358
0.0,-0.007835483
0.0,-0.0114470115
0.0,-0.017413147
0.0,0.013804481
0.0,0.030891303
0.0,0.070049845
0.0,0.06488972
0.0,0.048540823
0.0,0.08093477
1.0,0.072758645
0.0,0.07275794
0.0,0.1173469
0.0,0.15431216
1.0,0.10767988
0.0,0.1132305
0.0,0.20886861
0.0,0.10364017
0.0,0.15285386
0.0,0.1090508
2.0,0.92225426
0.0,0.06990773
0.0,0.9623441
0.0,0.0633597
0.0,1.1471446
0.0,0.12252333
0.0,0.34105805
0.0,0.04397499
0.0,1.4549881
0.0,0.05428766
0.0,0.08399406
0.0,0.06522486
0.0,0.0933084
0.0,0.048178118
0.0,0.070882306
0.0,0.084387794
0.0,0.9167947
0.0,0.5520067
0.0,-0.0114470115
0.0,-0.017413147
0.0,0.017130494
0.0,0.019910626
0.0,0.106409185
0.0,0.09425252
0.0,0.07604466
0.0,0.086091265
0.0,0.07675963
0.0,0.06316188
0.0,0.058067746
1.0,1.4432514
0.0,0.100082114
4.0,2.1475873
0.0,0.046487134
0.0,0.086511396
0.0,0.041987367
2.0,3.060718
0.0,0.037060574
0.0,2.5986202
0.0,0.04188196
0.0,-0.020158779
0.0,-0.016147815
0.0,-0.015779134
0.0,-0.02759665
0.0,-0.0114470115
0.0,-0.017413147
0.0,0.013804481
0.0,0.030891303
0.0,-0.011441515
0.0,-0.0114470115
0.0,-0.017413147
0.0,0.013804481
0.0,0.03132704
0.0,0.05481084
0.0,0.049097568
0.0,0.03367582
0.0,0.03101444
0.0,0.0051440117
0.0,0.012254139
0.0,0.043559544
0.0,0.1351174
0.0,0.00087866484
0.0,-0.009091569
0.0,-0.039493736
0.0,-0.04143323
0.0,-0.03634102
0.0,-0.05868086
8.0,3.9068217
0.0,0.054448795
5.0,0.5804476
0.0,0.09405564
0.0,-0.0114470115
0.0,-0.017413147
0.0,0.013804481
0.0,0.030891303
0.0,-0.011441515
0.0,-0.0114470115
0.0,-0.017413147
0.0,-0.0114470115
0.0,-0.017413147
0.0,0.017130494
0.0,0.019910626
0.0,0.05236139
1.0,0.01939773
0.0,0.057886194
0.0,0.063637614
0.0,0.09054734
0.0,0.0046678972
0.0,0.0083265435
0.0,0.011678875
0.0,0.061648626
0.0,-0.026018824
0.0,0.010630436
0.0,5.2796454
0.0,5.096575
0.0,0.007841006
0.0,0.009507115
0.0,0.00095248217
0.0,-0.009586252
0.0,0.16368929
8.0,0.20832784
0.0,0.25546655
0.0,-0.0114470115
0.0,-0.017413147
0.0,0.017130494
0.0,0.019910626
0.0,0.10681855
0.0,0.065242395
0.0,0.05467063
0.0,0.08020118
0.0,0.047396097
0.0,0.021618307
0.0,0.033506196
6.0,5.6479383
0.0,0.124314934
0.0,1.9317831
0.0,0.07947265
0.0,0.1038638
0.0,0.08248967
5.0,1.8207309
0.0,0.041960284
0.0,0.06116656
0.0,0.05144184
0.0,0.075076975
0.0,-0.0114470115
0.0,-0.017413147
0.0,0.017130494
0.0,0.019910626
0.0,0.05236139
1.0,0.01939773
0.0,0.057886194
0.0,0.063637614
0.0,0.17715624
0.0,0.61670333
0.0,1.5086125
3.0,0.17517734
0.0,0.04555935
0.0,1.9782113
0.0,0.4236196
0.0,1.4166715
0.0,0.27294263
1.0,0.9388147
0.0,0.02666152
0.0,1.9749402
0.0,0.89759946
0.0,0.03286489
0.0,0.054461386
0.0,0.076908045
0.0,0.10624473
0.0,0.07656237
0.0,0.13401212
0.0,-0.0114470115
0.0,-0.017413147
0.0,-0.0114470115
0.0,-0.017413147
0.0,0.017130494
0.0,0.019910626
0.0,0.106409185
0.0,0.090805344
0.0,0.06691897
0.0,0.049959566
0.0,0.03643718
0.0,0.007937039
0.0,0.011278757
0.0,0.005033666
0.0,-0.019908905
1.0,1.882299
0.0,0.002366361
0.0,-0.028930709
0.0,0.021430723
0.0,-0.041420966
0.0,0.0024644716
0.0,-0.0018107041
0.0,0.036207825
0.0,1.6778668
4.0,2.1447418
0.0,0.025952151
0.0,-0.033618644
0.0,0.03642682
5.0,2.281996
0.0,0.015088356
0.0,0.023470579
0.0,0.05888916
0.0,-0.0114470115
0.0,-0.017413147
0.0,-0.0114470115
0.0,-0.017413147
0.0,0.017130494
0.0,0.019910626
0.0,0.106409185
1.0,0.090805344
0.0,0.09082505
0.0,0.041695617
0.0,0.06410628
0.0,0.061842564
0.0,0.043164037
0.0,0.024355983
0.0,0.044612467
0.0,0.060300965
0.0,0.05058172
6.0,0.14779432
0.0,1.5843215
0.0,0.0026908636
0.0,1.8503464
5.0,3.3432903
0.0,0.678336
0.0,0.106490955
0.0,0.026301453
0.0,0.074483424
0.0,0.00025433302
0.0,-0.014317099
0.0,-0.009601223
0.0,-0.01522558
0.0,-0.0114470115
0.0,-0.017413147
0.0,-0.0114470115
0.0,-0.017413147
0.0,0.013804481
0.0,0.015594362
0.0,0.023116134
0.0,0.014632355
0.0,0.011342442
0.0,0.009163462
0.0,-0.01789073
0.0,-0.0114470115
0.0,-0.017413147
0.0,0.013804481
0.0,0.015594362
0.0,-0.016417246
0.0,-0.0114470115
0.0,-0.017413147
0.0,0.013804481
0.0,0.015594362
0.0,0.023116134
0.0,0.014632355
0.0,0.011342442
0.0,0.009163462
0.0,0.0061555174
0.0,0.015270544
1.0,0.025286173
0.0,0.049068894
0.0,0.047102753
0.0,0.022984257
2.0,0.10751801
0.0,0.022797154
0.0,0.11905093
0.0,0.058613095
0.0,0.16468915
0.0,0.037392147
0.0,1.752074
0.0,0.03756438
0.0,1.6733956
0.0,0.3019877
0.0,0.10534689
0.0,0.60032344
0.0,0.60411274
0.0,1.6856328
0.0,1.4463302
0.0,0.79435414
2.0,0.7194223
0.0,0.048369706
3.0,1.9835008
0.0,0.043795917
0.0,1.366966
0.0,0.056668613
0.0,-0.0114470115
0.0,-0.017413147
0.0,0.017130494
0.0,0.019910626
0.0,0.05337411
0.0,0.00917253
0.0,0.0009699612
0.0,-0.012916646
0.0,-0.03894031
0.0,-0.05477127
0.0,-0.049110033
1.0,5.24561
0.0,0.042036712
6.0,2.224625
0.0,0.06941933
5.0,2.3297555
0.0,0.020865567
0.0,0.02030768
0.0,0.02981097
0.0,-0.0114470115
0.0,-0.017413147
0.0,0.013804481
0.0,0.015594362
0.0,0.009411765
0.0,0.010330708
0.0,0.0020806417
0.0,0.0035051345
0.0,-0.01168151
0.0,-0.0114470115
0.0,-0.017413147
0.0,0.013804481
0.0,0.015594362
0.0,0.009411765
0.0,0.010330708
0.0,-0.009606492
0.0,-0.012386271
0.0,-0.0086553525
0.0,0.0033802984
1.0,0.06914081
0.0,0.04493955
0.0,0.054248117
0.0,0.3687141
0.0,0.016720623
0.0,0.004692115
0.0,0.017943725
0.0,0.020218208
0.0,0.0004455134
0.0,0.04161506
8.0,2.3139298
0.0,0.045603376
0.0,-0.0114470115
0.0,-0.017413147
0.0,0.017130494
0.0,0.019910626
0.0,0.106409185
0.0,0.090805344
0.0,0.069548376
0.0,0.047014978
0.0,0.026824584
0.0,-0.0034347116
0.0,-2.5230645e-05
0.0,-0.005691537
0.0,-0.019495107
6.0,2.9427648
0.0,0.067453094
0.0,0.1420039
0.0,0.07363435
3.0,1.7044148
0.0,0.030448094
0.0,0.06603078
0.0,0.05721226
0.0,0.09260538
0.0,0.051435962
0.0,0.07500878
0.0,0.0720111
1.0,0.06870766
0.0,0.05379893
0.0,-0.020150065
0.0,-0.01632899
0.0,-0.0032562225
0.0,-0.0214366
0.0,-0.0114470115
0.0,-0.017413147
0.0,-0.0114470115
0.0,-0.017413147
0.0,0.013804481
0.0,0.015594362
0.0,0.023116134
0.0,0.014632355
0.0,0.011342442
0.0,0.009248424
0.0,0.008213436
0.0,0.09412834
0.0,-0.015905693
0.0,-0.0114470115
0.0,-0.017413147
0.0,0.017130494
0.0,0.019910626
0.0,0.106409185
0.0,0.090805344
0.0,0.06376843
0.0,0.023696313
0.0,-0.019845575
0.0,-0.05334972
0.0,-0.057032783
0.0,-0.062007174
0.0,-0.06799585
8.0,6.367985
0.0,0.4636355
0.0,-0.0114470115
0.0,-0.017413147
0.0,0.013804481
0.0,0.015594362
0.0,0.009411765
0.0,0.010330708
0.0,-0.009606492
0.0,-0.012386271
0.0,-0.0086553525
0.0,0.0033802984
0.0,0.06914081
0.0,0.20381616
0.0,0.022423254
0.0,0.016777594
0.0,0.0134977875
0.0,0.0090135215
0.0,0.0112736905
0.0,0.00022874771
0.0,1.3227308
0.0,1.3231386
0.0,3.3602319
0.0,2.3816535
8.0,2.9327865
0.0,0.028006827
0.0,-0.0114470115
0.0,-0.017413147
0.0,0.013804481
0.0,0.015594362
0.0,-0.016417246
0.0,-0.0114470115
0.0,-0.017413147
0.0,0.013804481
0.0,0.015594362
0.0,0.023116134
0.0,0.014632355
1.0,0.011342442
0.0,0.044575557
0.0,0.10022808
0.0,0.027287196
0.0,0.22163014
0.0,0.044477068
0.0,-0.036632895
0.0,0.031689033
0.0,-0.045237787
0.0,-0.052458793
0.0,-0.040421445
0.0,-0.07468975
6.0,3.0274193
0.0,0.03614652
0.0,0.05694258
0.0,0.052959148
0.0,-0.0114470115
0.0,-0.017413147
0.0,0.013804481
0.0,0.015594362
0.0,-0.016417246
0.0,-0.0114470115
0.0,-0.017413147
0.0,0.013804481
0.0,0.015594362
0.0,0.023116134
0.0,0.014632355
1.0,0.011342442
0.0,0.044575557
0.0,-0.020746151
0.0,0.053337026
0.0,-0.03688396
0.0,0.045794584
0.0,-0.045609053
0.0,0.09802805
6.0,3.356614
0.0,0.018740645
0.0,-0.03896341
0.0,0.048131812
5.0,3.7192945
0.0,0.013300958
0.0,0.032840345
0.0,0.045655917
0.0,-0.0114470115
0.0,-0.017413147
0.0,0.013804481
0.0,0.015594362
0.0,0.023116134
0.0,0.014632355
0.0,0.011342442
0.0,0.04743199
0.0,0.04112894
0.0,0.026183633
0.0,0.031795982
0.0,0.029874654
0.0,-0.017333604
0.0,-0.02000167
0.0,-0.02125203
0.0,-0.027678829
0.0,-0.021681687
0.0,-0.054590553
0.0,0.9847833
0.0,0.8942303
8.0,3.7545943
0.0,0.04582045
3.0,0.17437197
0.0,0.048555236
0.0,0.07415775
0.0,0.0233843
0.0,-0.0114470115
0.0,-0.017413147
0.0,0.017130494
0.0,0.019910626
0.0,0.106409185
0.0,0.090805344
0.0,0.06401615
0.0,0.033570666
0.0,0.012419202
0.0,0.0029963418
0.0,-0.0004942268
0.0,-0.0034380301
0.0,0.04402864
0.0,1.722268
0.0,0.3565769
0.0,3.016587
0.0,2.0836475
0.0,-0.03482214
0.0,-0.052187867
0.0,-0.05827914
0.0,-0.048388552
0.0,0.41001874
8.0,0.37372413
0.0,0.061955776
4.0,0.7314715
0.0,0.031746686
0.0,0.18020777
0.0,0.026923379
0.0,-0.0114470115
0.0,-0.017413147
0.0,0.017130494
0.0,0.019910626
0.0,0.106409185
0.0,0.090805344
0.0,0.064867586
0.0,0.062065892
0.0,0.04749831
0.0,0.020087749
0.0,0.014446622
0.0,0.009769756
0.0,-0.025126126
8.0,2.4043891
0.0,0.4348062
0.0,0.74212533
0.0,0.27199325
0.0,0.07212317
0.0,0.2941152
0.0,-0.0114470115
0.0,-0.017413147
0.0,0.017130494
0.0,0.019910626
0.0,0.106409185
0.0,0.09425252
0.0,0.07604466
0.0,0.086091265
0.0,0.07675963
0.0,0.06316188
0.0,0.058067746
8.0,1.4432514
0.0,0.4245988
5.0,1.4024798
0.0,0.088326104
0.0,-0.0114470115
0.0,-0.017413147
0.0,0.017130494
0.0,0.019910626
0.0,0.106409185
1.0,0.090805344
0.0,0.09082505
0.0,0.12867215
0.0,0.30758724
3.0,0.5291119
0.0,0.1778188
0.0,2.0422554
0.0,0.058468092
0.0,3.4271274
0.0,0.9826621
0.0,2.324389
0.0,0.03247536
0.0,2.9949272
0.0,1.3744425
2.0,1.7215391
0.0,2.008487
1.0,4.5863447
0.0,2.2950163
0.0,-0.0114470115
0.0,-0.017413147
0.0,0.017130494
0.0,0.019910626
0.0,0.05337411
1.0,0.038425513
0.0,0.06389955
0.0,0.07801969
0.0,0.13000777
0.0,0.47792998
0.0,0.46291348
0.0,-0.04414142
0.0,-0.0114470115
0.0,-0.017413147
0.0,0.017130494
0.0,0.019910626
0.0,0.05236139
1.0,0.01939773
0.0,0.028031854
0.0,0.12770863
0.0,0.02513256
0.0,0.20650572
0.0,0.027958417
0.0,0.2223251
0.0,0.05308148
0.0,0.81711996
0.0,0.2539503
0.0,0.23854187
0.0,0.114719845
0.0,0.008144685
0.0,0.016470037
0.0,0.009057954
0.0,0.010797551
0.0,0.0087735765
0.0,0.034529682
9.0,1.0513401
0.0,0.14528267
0.0,-0.0114470115
0.0,-0.017413147
0.0,0.013804481
0.0,0.015594362
0.0,0.023116134
0.0,0.014632355
0.0,0.011342442
0.0,0.009248424
0.0,0.008213436
0.0,0.09148756
0.0,-0.018703507
0.0,-0.0114470115
0.0,-0.017413147
0.0,0.017130494
0.0,0.019910626
0.0,0.106409185
1.0,0.090805344
0.0,0.09082505
0.0,0.12867215
0.0,0.19495286
0.0,0.39864054
0.0,0.26129678
0.0,-0.026101
0.0,-0.0114470115
0.0,-0.017413147
0.0,-0.0114470115
0.0,-0.017413147
0.0,0.013804481
0.0,0.015594362
0.0,-0.016417246
0.0,-0.0114470115
0.0,-0.017413147
0.0,0.013804481
0.0,0.015594362
0.0,0.023116134
0.0,0.014632355
0.0,0.011342442
0.0,0.009163462
0.0,-0.0131401
0.0,-0.027649824
0.0,-0.031963274
0.0,-0.03739992
0.0,-0.03802096
0.0,-0.055229478
1.0,3.1296117
0.0,0.014501111
3.0,1.7460376
0.0,0.030625038
0.0,-0.018053895
0.0,-0.0019738674
2.0,2.389923
0.0,0.046784837
0.0,0.05876121
0.0,0.03721966
0.0,0.057675786
0.0,0.034466024
0.0,0.07810701
0.0,0.053757843
0.0,0.1499591
0.0,0.080673166
0.0,0.05683213
0.0,0.084256575
0.0,-0.028631514
0.0,-0.04364172
0.0,-0.0392832
0.0,-0.044217415
0.0,-0.0114470115
0.0,-0.017413147
0.0,0.017130494
0.0,0.019910626
0.0,0.0641862
6.0,0.06199828
0.0,0.35834938
7.0,4.514195
0.0,0.43354228
0.0,3.7975063
0.0,0.57374275
0.0,1.4100887
0.0,0.3632461
0.0,0.6997103
0.0,0.24495597
0.0,0.15766408
0.0,0.09159527
0.0,2.7812207
0.0,0.5988928
0.0,1.4718446
0.0,0.70172715
0.0,0.879696
0.0,1.3070511
0.0,1.4193573
0.0,-0.0114470115
0.0,-0.017413147
0.0,0.017130494
0.0,0.019910626
0.0,0.046098515
1.0,0.058705557
0.0,0.029190792
0.0,0.05689442
0.0,0.058032814
7.0,0.10594829
0.0,1.6300272
0.0,-0.0114470115
0.0,-0.017413147
0.0,0.013804481
0.0,0.015594362
0.0,0.009411765
0.0,0.010330708
0.0,-0.009606492
0.0,-0.012386271
0.0,-0.0086553525
0.0,0.0033802984
0.0,0.06914081
0.0,0.06901098
0.0,0.0796577
0.0,0.36537328
0.0,0.18794622
0.0,0.20234273
0.0,0.07854467
0.0,0.111507975
0.0,-0.022551535
0.0,-0.0114470115
0.0,-0.017413147
0.0,-0.0114470115
0.0,-0.017413147
0.0,0.017130494
0.0,0.019910626
0.0,0.05236139
0.0,0.01939773
0.0,0.012828035
0.0,-0.01986432
0.0,-0.06495718
0.0,-0.07278915
0.0,-0.07422425
0.0,-0.07511371
0.0,-0.0034262
6.0,6.4007397
0.0,0.052040715
0.0,0.02368808
0.0,0.038322005
3.0,1.9806981
0.0,0.017675385
0.0,0.031308547
0.0,0.019731201
0.0,0.057341833
0.0,0.03614865
0.0,-0.011291626
0.0,-0.024874706
0.0,-0.03008985
0.0,-0.02683583
0.0,-0.0114470115
0.0,-0.017413147
0.0,-0.0114470115
0.0,-0.017413147
0.0,-0.0114470115
0.0,-0.017413147
0.0,0.013804481
0.0,0.017111925
0.0,0.0557062
0.0,0.05240557
0.0,0.04576472
0.0,0.042477716
0.0,0.037940912
0.0,0.03912171
0.0,0.045578577
0.0,0.06774203
0.0,0.07331385
0.0,0.10645255
0.0,0.011357286
0.0,0.009602591
0.0,0.012443091
0.0,-0.004362723
0.0,-0.0042266143
0.0,-0.033236332
0.0,0.92332447
0.0,0.5781828
6.0,3.6637871
0.0,0.03736775
0.0,0.04494363
0.0,0.018916043
5.0,1.3541579
0.0,0.020424511
0.0,0.019227423
0.0,0.015007522
0.0,0.018575834
0.0,0.002020782
0.0,-0.0114470115
0.0,-0.017413147
0.0,0.017130494
0.0,0.019910626
0.0,0.0641862
0.0,0.06199828
0.0,0.04308875
0.0,0.016575065
0.0,0.013248571
0.0,-0.0029244244
0.0,-0.0075548557
0.0,-0.01043467
0.0,-0.045793165
0.0,1.3846074
0.0,0.52981585
0.0,-0.055639602
0.0,-0.053893723
0.0,-0.05891381
0.0,-0.05737109
0.0,-0.020858854
0.0,1.4999732
0.0,1.4903563
7.0,2.0159082
0.0,0.04233477
0.0,1.5384618
0.0,0.028917486
0.0,0.24853316
0.0,0.056525208
4.0,0.10051699
0.0,0.017796116
0.0,-0.0114470115
0.0,-0.017413147
0.0,0.017130494
0.0,0.019910626
0.0,0.04992562
0.0,0.0535695
0.0,0.02940657
0.0,0.021098088
0.0,0.009390385
0.0,-0.017157573
0.0,-0.017060831
0.0,-0.021185383
0.0,-0.058548726
0.0,1.288678
0.0,0.11107087
0.0,5.57031
0.0,1.7347589
4.0,1.9794801
0.0,0.009406192
0.0,1.9010012
0.0,0.014861965
2.0,1.5239019
0.0,0.013946137
0.0,0.05715415
0.0,-0.0052357893
1.0,2.0885446
0.0,-0.0034882887
0.0,0.08244159
0.0,0.03767082
0.0,0.058147494
0.0,0.04420427
0.0,0.055582047
0.0,0.055326067
0.0,0.19056372
0.0,0.103797376
0.0,0.10609722
0.0,0.17345195
0.0,0.17538886
0.0,-0.008395978
0.0,-0.006672087
0.0,-0.0114470115
0.0,-0.017413147
0.0,0.017130494
0.0,0.019910626
0.0,0.05236139
0.0,0.01939773
0.0,0.011739191
0.0,-0.017095484
0.0,-0.038995963
0.0,-0.040294707
0.0,-0.034382984
0.0,-0.037551306
0.0,0.00657884
7.0,5.847165
0.0,0.26619467
0.0,-0.0114470115
0.0,-0.017413147
0.0,0.013804481
0.0,0.012934911
0.0,0.015076932
0.0,0.014536272
0.0,-0.0031844317
0.0,-0.0040071635
0.0,-0.00046727358
0.0,0.18467604
0.0,0.14476949
0.0,0.34120268
0.0,-0.03308571
0.0,-0.035433453
0.0,-0.037101056
0.0,-0.043198816
0.0,-0.036190726
0.0,-0.081450045
0.0,2.1777272
0.0,2.0811627
0.0,-0.041666385
0.0,-0.07169764
0.0,-0.07198752
0.0,-0.06824269
0.0,-0.06699453
0.0,0.63768625
0.0,0.78420967
8.0,1.6980658
0.0,0.038585763
2.0,0.58999544
0.0,0.044201
0.0,-0.0114470115
0.0,-0.017413147
0.0,0.017130494
0.0,0.019910626
0.0,0.05236139
0.0,0.010256764
0.0,-0.024169058
0.0,-0.039679773
0.0,-0.05817234
0.0,-0.078601465
0.0,-0.08445138
8.0,6.312581
0.0,0.3975918
0.0,1.5590028
0.0,0.2517148
0.0,-0.026772324
0.0,0.056145128
0.0,-0.0114470115
0.0,-0.017413147
0.0,0.017130494
0.0,0.019910626
0.0,0.046098515
0.0,0.010297548
0.0,-0.003158137
0.0,0.0043847114
0.0,-0.024842761
0.0,-0.044896465
0.0,-0.046729207
1.0,2.5565627
0.0,0.022688277
0.0,-0.039985836
0.0,-0.04129137
0.0,-0.0114470115
0.0,-0.017413147
0.0,0.017130494
0.0,0.019910626
0.0,0.0649356
0.0,0.071000606
0.0,0.05189655
0.0,0.055188086
0.0,0.06499024
0.0,-0.009173011
0.0,-0.013096681
0.0,-0.017944917
0.0,-0.026343834
0.0,-0.030647127
0.0,-0.011342543
0.0,1.0140581
0.0,0.5781081
6.0,5.265128
0.0,0.066774875
0.0,0.07301967
0.0,0.052770603
1.0,1.9692107
0.0,0.013417206
4.0,0.012406866
0.0,0.024707742
0.0,0.03137271
0.0,0.014582756
0.0,0.04671411
0.0,0.02312262
0.0,0.018493354
0.0,0.015077337
0.0,-0.004457211
0.0,0.001471357
0.0,-0.0114470115
0.0,-0.017413147
0.0,-0.0114470115
0.0,-0.017413147
0.0,0.013804481
0.0,0.02380719
0.0,0.017344043
0.0,0.012736662
0.0,0.010843275
0.0,0.011147487
0.0,-0.0022173077
0.0,-0.00900506
0.0,-0.012397315
0.0,-0.017317444
0.0,-0.01671363
0.0,-0.023333179
0.0,0.15268585
0.0,0.010455746
0.0,-0.03695727
0.0,0.038090065
0.0,0.027689924
0.0,0.043296397
0.0,0.049582522
0.0,0.049983732
0.0,0.05423193
0.0,0.054778617
0.0,0.04987255
0.0,0.062509276
0.0,0.100758255
0.0,0.09602966
0.0,0.09371204
0.0,0.091514714
0.0,0.14655504
7.0,0.14217134
0.0,0.11924606
0.0,0.42686826
0.0,0.07284295
0.0,0.18351917
0.0,0.11052218
0.0,0.30299
0.0,0.087126255
1.0,0.27669668
0.0,0.2475719
1.0,0.29887533
0.0,0.262456
0.0,0.29666352
0.0,0.34070268
0.0,0.80673414
0.0,0.35995746
0.0,1.6052577
0.0,0.042699803
0.0,0.5260785
0.0,0.061619494
0.0,0.056986403
0.0,0.07390823
0.0,0.07922856
0.0,0.07480891
0.0,0.058956265
0.0,0.07336722
0.0,0.06668601
0.0,0.07435651
0.0,0.056870684
0.0,0.07139551
0.0,0.07475744
0.0,0.073931515
0.0,0.06425607
0.0,0.08794699
0.0,0.08606244
0.0,0.08916287
0.0,0.080238216
0.0,0.07402745
0.0,0.07627774
0.0,0.07602586
0.0,-0.0114470115
0.0,-0.017413147
0.0,-0.0114470115
0.0,-0.017413147
0.0,0.017130494
0.0,0.019910626
0.0,0.07280954
0.0,0.07429285
0.0,0.054580472
0.0,0.06286248
0.0,0.14704695
0.0,-0.0043334644
0.0,-0.0002847314
0.0,-0.017787656
0.0,-0.024459338
0.0,-0.026471557
0.0,-0.022833785
4.0,0.82168484
0.0,0.012685163
0.0,-0.023241857
0.0,0.016653847
3.0,2.696669
0.0,-0.0024592786
0.0,0.062048085
0.0,0.02267736
0.0,0.047787145
0.0,0.0633717
0.0,0.16362101
1.0,0.08812193
0.0,0.14416568
0.0,0.07997887
0.0,0.053951148
0.0,0.056222364
0.0,-0.034275934
0.0,-0.03126039
0.0,-0.033278003
0.0,-0.03490903
0.0,-0.0114470115
0.0,-0.017413147
0.0,0.017130494
0.0,0.019910626
0.0,0.05236139
0.0,0.01939773
0.0,0.0074949707
0.0,0.013295232
0.0,0.05691894
0.0,0.088583276
0.0,0.08905812
0.0,-0.014401834
0.0,-0.030612271
0.0,-0.031136617
0.0,-0.04348793
0.0,-0.035590306
0.0,-0.033442512
8.0,0.027598577
0.0,0.099964246
0.0,-0.0114470115
0.0,-0.017413147
0.0,0.013804481
0.0,0.012934911
0.0,0.027001122
0.0,0.012216547
0.0,0.012998291
0.0,0.0076421495
0.0,0.07218549
0.0,0.09262623
0.0,0.08864463
0.0,0.126825
0.0,-0.031909596
0.0,-0.032514222
0.0,-0.031270497
0.0,-0.03683251
0.0,-0.02990029
0.0,-0.06806448
0.0,1.3234855
0.0,1.2584144
6.0,3.1949196
0.0,0.04955965
0.0,0.040060006
0.0,0.017864918
6.0,0.8590303
0.0,0.010975103
0.0,0.061829012
0.0,0.08603296
0.0,0.045614775
0.0,0.08162595
0.0,-0.0114470115
0.0,-0.017413147
0.0,0.013804481
0.0,0.018229242
0.0,0.02921539
0.0,0.024853554
0.0,0.012325474
0.0,0.010870811
0.0,0.00013927519
0.0,-0.015528702
0.0,-0.017120183
0.0,-0.019661233
0.0,-0.019726463
0.0,-0.045443077
0.0,0.22610518
0.0,0.08548639
1.0,1.1372095
0.0,0.034286194
0.0,-0.03844826
0.0,0.07377152
0.0,-0.03306866
0.0,0.056835752
0.0,0.093773514
0.0,0.05729246
0.0,1.1387857
2.0,1.7081053
0.0,0.032274503
4.0,1.9712636
0.0,0.02224018
0.0,0.08630852
0.0,0.0108604245
4.0,2.3071573
0.0,0.018665612
0.0,0.042270552
0.0,0.013669386
0.0,0.09060066
0.0,0.02496053
0.0,0.014567126
0.0,0.023117503
0.0,-0.0114470115
0.0,-0.017413147
0.0,0.017130494
0.0,0.019910626
0.0,0.04769985
0.0,0.0084474785
0.0,8.273422e-05
0.0,-0.01696994
0.0,-0.04702739
0.0,-0.06317782
0.0,-0.053006824
4.0,4.8957505
0.0,0.051360473
0.0,-0.0114470115
0.0,-0.017413147
0.0,0.013804481
0.0,0.012934911
0.0,-0.016328787
0.0,-0.0114470115
0.0,-0.017413147
0.0,0.017130494
0.0,0.019910626
0.0,0.06288257
0.0,0.030916205
0.0,0.0142089315
0.0,0.02088535
0.0,0.0040282905
0.0,0.00282031
0.0,0.011270094
8.0,0.98161626
0.0,0.28458214
4.0,1.7873449
0.0,0.16079178
0.0,-0.0114470115
0.0,-0.017413147
0.0,0.013804481
0.0,0.012934911
0.0,-0.016328787
0.0,-0.0114470115
0.0,-0.017413147
0.0,-0.0114470115
0.0,-0.017413147
0.0,-0.0114470115
0.0,-0.017413147
0.0,-0.0114470115
0.0,-0.017413147
0.0,0.013804481
0.0,0.012934911
0.0,0.027001122
0.0,0.012216547
0.0,0.012998291
0.0,0.0112304995
0.0,-0.03321564
0.0,-0.055317428
0.0,-0.056520596
0.0,-0.069432355
0.0,-0.056779895
0.0,-0.09415975
5.0,5.7466297
0.0,0.038081832
0.0,-0.008095896
0.0,0.029037483
0.0,3.2469704
0.0,0.01884942
0.0,-0.012959382
0.0,-0.022431564
0.0,-0.049906217
0.0,-0.0440063
0.0,-0.0114470115
0.0,-0.017413147
0.0,0.017130494
0.0,0.019910626
0.0,0.04769985
0.0,0.0084474785
0.0,-0.01711271
0.0,-0.0042756316
0.0,-0.031985644
0.0,-0.049531076
0.0,-0.004773
0.0,5.963162
0.0,0.009278392
0.0,5.8311105
0.0,0.92756456
7.0,4.5775623
0.0,0.04033653
5.0,1.1825504
0.0,0.0054430556
0.0,1.4775848
0.0,0.046651106
0.0,-0.0114470115
0.0,-0.017413147
0.0,0.017130494
1.0,0.019910626
0.0,0.036640342
0.0,0.25573704
0.0,0.046107914
0.0,0.041022573
0.0,0.056730423
0.0,-0.0019337161
0.0,0.033154815
0.0,-0.013153576
0.0,0.028072715
0.0,1.5771294
0.0,0.8484505
0.0,4.845443
0.0,3.0780063
6.0,3.310569
0.0,0.0135598
0.0,0.045573384
0.0,0.025289644
4.0,1.3069999
0.0,0.005525106
0.0,0.010277662
0.0,0.020538835
0.0,0.037517563
0.0,0.021899972
0.0,0.048401244
0.0,-0.0114470115
0.0,-0.017413147
0.0,-0.0114470115
0.0,-0.017413147
0.0,0.013804481
0.0,0.012934911
0.0,-0.016328787
0.0,-0.0114470115
0.0,-0.017413147
0.0,-0.0114470115
0.0,-0.017413147
0.0,0.013804481
0.0,0.012934911
0.0,-0.016328787
0.0,-0.0114470115
0.0,-0.017413147
0.0,0.017130494
0.0,0.019910626
0.0,0.058194634
0.0,0.057614177
0.0,0.03919824
0.0,0.11054556
0.0,0.105062634
0.0,0.0033343716
0.0,-0.015630081
0.0,-0.01889365
0.0,-0.031330127
0.0,-0.035389222
0.0,-0.03386087
4.0,4.8421993
0.0,0.008424857
0.0,-0.0114470115
0.0,-0.017413147
0.0,-0.0114470115
0.0,-0.017413147
0.0,-0.0114470115
0.0,-0.017413147
0.0,0.013804481
0.0,0.026970774
0.0,-0.01299971
0.0,-0.0114470115
0.0,-0.017413147
0.0,-0.0114470115
0.0,-0.017413147
0.0,0.017130494
0.0,0.019910626
0.0,0.07280954
0.0,0.07429285
0.0,0.05113816
0.0,0.0588271
0.0,0.033370364
0.0,0.0696723
0.0,0.11223751
0.0,0.20988122
0.0,0.054522336
3.0,0.11621131
0.0,0.060025074
0.0,0.9024535
0.0,0.17318204
0.0,1.716495
0.0,0.48239484
0.0,1.3968909
0.0,0.11109484
1.0,0.10465971
0.0,0.03155571
2.0,1.1208186
0.0,0.06057893
1.0,2.8260827
0.0,0.22053243
1.0,1.3119079
0.0,0.07675415
0.0,2.3074822
0.0,0.04174547
0.0,-0.0114470115
0.0,-0.017413147
0.0,0.013804481
0.0,0.012934911
0.0,0.015076932
0.0,0.022443064
0.0,-0.020779058
0.0,-0.0114470115
0.0,-0.017413147
0.0,0.013804481
0.0,0.012934911
0.0,0.027001122
0.0,0.012216547
0.0,0.012998291
0.0,0.019802535
0.0,0.019127667
0.0,0.1717713
0.0,0.264725
0.0,0.26681173
0.0,-0.02920247
0.0,-0.0114470115
0.0,-0.017413147
0.0,0.013804481
0.0,0.012934911
0.0,0.027001122
0.0,0.012216547
0.0,0.012998291
0.0,0.0076421495
0.0,-0.027079068
0.0,-0.0114470115
0.0,-0.017413147
0.0,0.013804481
0.0,0.012934911
0.0,0.027001122
0.0,0.012216547
0.0,0.012998291
0.0,0.010891153
0.0,-0.025324272
0.0,-0.0114470115
0.0,-0.017413147
0.0,0.013804481
0.0,0.012934911
0.0,-0.016328787
0.0,-0.0114470115
0.0,-0.017413147
0.0,0.017130494
0.0,0.019910626
0.0,0.04992562
0.0,0.02844583
0.0,0.0071509625
0.0,0.010668358
0.0,0.000900197
0.0,-0.002921587
0.0,-0.0074189245
0.0,0.12710026
0.0,-0.022074409
1.0,4.685689
0.0,0.0034943938
0.0,-0.016072782
0.0,0.038796473
0.0,-0.04265798
0.0,0.019519096
0.0,-0.058904868
0.0,0.022841739
0.0,1.5378847
3.0,1.5933346
0.0,0.0400421
0.0,-0.012668874
0.0,0.039114263
3.0,1.6571307
0.0,0.008511188
0.0,0.04784688
0.0,0.016990762
0.0,0.052086867
0.0,0.018749788
0.0,0.04789772
0.0,0.027023591
0.0,0.050664883
0.0,0.032599993
0.0,0.06827711
0.0,0.06882925
0.0,0.08095592
0.0,0.07750383
0.0,0.07360086
0.0,0.07346434
0.0,0.09436943
0.0,0.08789607
1.0,0.065601654
0.0,0.031223126
0.0,-0.039470457
0.0,-0.034434386
0.0,-0.037481543
0.0,-0.036242604
0.0,-0.0114470115
0.0,-0.017413147
0.0,0.017130494
0.0,0.019910626
0.0,0.04769985
0.0,0.026870536
0.0,0.026619699
0.0,-0.0069051157
0.0,-0.024057014
0.0,-0.022622084
0.0,-0.021921175
0.0,-0.024778774
0.0,0.023815196
4.0,2.1586258
0.0,0.015336306
0.0,-0.0016687184
0.0,0.024341112
6.0,2.436528
0.0,0.032430448
0.0,0.057740305
0.0,0.049877945
0.0,-0.0114470115
0.0,-0.017413147
0.0,-0.0114470115
0.0,-0.017413147
0.0,0.017130494
1.0,0.019910626
0.0,0.043095335
0.0,-0.0082397815
0.0,-0.023878096
0.0,-0.030443281
0.0,0.02913919
0.0,-0.03094731
0.0,0.021010263
0.0,0.092399634
0.0,-0.029945888
8.0,0.12557644
0.0,0.22214825
3.0,2.2148688
0.0,1.4955108
0.0,-0.011870715
0.0,0.046984427
0.0,-0.0114470115
0.0,-0.017413147
0.0,-0.0114470115
0.0,-0.017413147
0.0,0.013804481
0.0,0.026970774
0.0,-0.01299971
0.0,-0.0114470115
0.0,-0.017413147
0.0,0.013804481
0.0,0.018229242
0.0,-0.015205568
0.0,-0.0114470115
0.0,-0.017413147
0.0,0.013804481
0.0,0.012934911
0.0,-0.016328787
0.0,-0.0114470115
0.0,-0.017413147
0.0,-0.0114470115
0.0,-0.017413147
0.0,0.013804481
0.0,0.012934911
0.0,-0.016328787
0.0,-0.0114470115
0.0,-0.017413147
0.0,-0.0114470115
0.0,-0.017413147
0.0,0.017130494
0.0,0.019910626
0.0,0.05236139
0.0,0.010256764
0.0,-0.010639986
0.0,-0.026519561
0.0,-0.050732594
0.0,-0.07153288
0.0,-0.07837512
5.0,6.3844056
0.0,0.051143683
0.0,0.038513847
0.0,0.053164948
3.0,2.4725287
0.0,0.02460654
2.0,2.455497
0.0,0.016790386
0.0,0.74434286
0.0,0.021919757
0.0,0.9507451
0.0,0.018374091
0.0,0.055141877
0.0,0.038165912
0.0,0.054822166
0.0,0.069694765
0.0,0.12503986
0.0,0.12346193
0.0,0.11479822
0.0,0.13669185
0.0,0.15122084
0.0,0.16269241
0.0,0.1350063
0.0,0.080312535
0.0,0.10665328
1.0,0.12672253
0.0,0.08644075
0.0,0.1152108
0.0,0.12788862
0.0,0.13423532
0.0,0.10196661
0.0,-0.0114470115
0.0,-0.017413147
0.0,0.013804481
0.0,0.014640842
0.0,0.017615626
0.0,0.010974368
0.0,0.009792885
0.0,0.008115351
0.0,0.009497818
0.0,0.018493202
0.0,0.032474652
0.0,0.084222
0.0,0.073818535
0.0,0.09379479
0.0,0.060070746
0.0,0.09276361
0.0,0.09132767
0.0,0.09522592
0.0,0.13338009
0.0,0.122451566
0.0,0.09887383
0.0,0.09795342
2.0,0.09866575
0.0,0.033374645
0.0,0.4236708
0.0,0.03314273
0.0,1.1866561
0.0,0.03557174
0.0,0.26276404
0.0,0.039115835
0.0,0.5787146
0.0,0.15482377
0.0,0.113715254
0.0,0.13505527
0.0,0.1336027
0.0,0.12956312
0.0,-0.0114470115
0.0,-0.017413147
0.0,-0.0114470115
0.0,-0.017413147
0.0,0.013804481
0.0,0.014640842
0.0,0.017615626
0.0,0.010974368
0.0,0.009792885
0.0,0.019400187
0.0,0.03673825
0.0,0.048685517
0.0,0.039389748
0.0,0.044025958
0.0,0.038126394
0.0,0.05925113
0.0,0.06871422
0.0,0.1021144
0.0,0.06589636
0.0,0.06166656
2.0,0.09792084
0.0,0.02257165
1.0,0.6832459
0.0,0.04485525
1.0,0.4056021
0.0,0.037596043
0.0,0.6652684
0.0,0.03602313
0.0,0.34645244
0.0,0.060276214
0.0,0.12203468
0.0,0.09016584
0.0,0.6490942
0.0,1.7972176
0.0,1.6917486
0.0,1.6965412
0.0,1.4661329
0.0,1.6507294
0.0,0.5944114
0.0,0.66581464
0.0,0.69917536
0.0,2.2947326
1.0,2.4236827
0.0,0.043633588
0.0,0.8609405
0.0,0.08441698
0.0,0.9179099
0.0,0.060192745
0.0,0.37071294
0.0,0.05245598
0.0,-0.0114470115
0.0,-0.017413147
0.0,0.017130494
0.0,0.019910626
0.0,0.04992562
0.0,0.0535695
0.0,0.04052138
0.0,0.042080283
0.0,0.032203905
0.0,0.06199309
0.0,0.119172595
0.0,0.16008098
0.0,0.07116552
0.0,0.20246997
0.0,0.07177645
0.0,0.15577081
0.0,0.07062663
0.0,0.086601734
0.0,0.15646952
2.0,0.18097124
0.0,0.03588593
0.0,0.8812056
0.0,0.047513105
0.0,1.0203966
0.0,0.029014101
0.0,1.0401877
0.0,0.17192045
0.0,0.499101
0.0,0.048301358
1.0,0.68614215
0.0,0.17070045
0.0,2.2099507
0.0,0.43617922
0.0,2.5927444
0.0,0.11003809
0.0,1.4301121
0.0,0.5098637
0.0,1.3916062
0.0,0.24274558
1.0,1.4497403
0.0,0.045202803
0.0,4.262564
0.0,1.0847232
0.0,-0.0114470115
0.0,-0.017413147
0.0,0.013804481
0.0,0.018229242
0.0,-0.015205568
0.0,-0.0114470115
0.0,-0.017413147
0.0,0.013804481
0.0,0.018229242
0.0,-0.015205568
0.0,-0.0114470115
0.0,-0.017413147
0.0,-0.0114470115
0.0,-0.017413147
0.0,-0.0114470115
0.0,-0.017413147
0.0,0.017130494
0.0,0.019910626
0.0,0.07280954
0.0,0.07429285
0.0,0.05113816
0.0,-0.01246323
0.0,-0.0114470115
0.0,-0.017413147
0.0,0.013804481
0.0,0.018229242
0.0,-0.015205568
0.0,-0.0114470115
0.0,-0.017413147
0.0,0.013804481
0.0,0.018229242
0.0,0.02921539
0.0,0.024853554
0.0,0.012325474
0.0,0.027438985
0.0,0.060099296
0.0,0.049593873
0.0,0.049003333
0.0,0.08656386
0.0,-0.017046846
0.0,-0.023069423
0.0,-0.028214497
0.0,-0.03784409
0.0,-0.031205317
0.0,-0.06783634
8.0,3.0875583
0.0,0.046322275
0.0,-0.0114470115
0.0,-0.017413147
0.0,0.017130494
0.0,0.019910626
0.0,0.058194634
0.0,0.057614177
0.0,0.038303718
0.0,0.017040363
0.0,-0.005932216
0.0,-0.021109361
0.0,-0.025131268
0.0,-0.028004749
0.0,-0.00916678
0.0,1.7537677
0.0,0.21680708
0.0,0.009391829
0.0,-0.0014860749
0.0,-0.017317595
0.0,0.0046011475
0.0,0.011119064
0.0,2.0539134
0.0,1.7602309
0.0,2.159507
0.0,2.0327547
7.0,2.7068574
0.0,0.0043475237
0.0,0.04246895
0.0,0.058342144
0.0,0.06389484
0.0,0.052878443
0.0,0.028260855
0.0,0.035942826
0.0,0.19196695
6.0,0.06170053
0.0,0.022187287
0.0,0.06255219
0.0,0.018008905
0.0,-0.0114470115
0.0,-0.017413147
0.0,0.017130494
0.0,0.019910626
0.0,0.07280954
0.0,0.030186998
0.0,0.0022766858
0.0,0.0118330205
0.0,-0.005628207
0.0,-0.012102198
0.0,-0.0025170608
0.0,0.5945949
0.0,0.09706558
8.0,4.029735
0.0,0.30722955
3.0,1.5976765
0.0,0.06655791
0.0,-0.0114470115
0.0,-0.017413147
0.0,-0.0114470115
0.0,-0.017413147
0.0,-0.0114470115
0.0,-0.017413147
0.0,0.017130494
0.0,0.019910626
0.0,0.06799649
0.0,0.039001156
0.0,0.010797551
0.0,0.017578388
0.0,0.003841467
0.0,-0.0031966923
0.0,0.004329133
0.0,0.49825013
0.0,0.083717585
7.0,3.9046702
0.0,0.04560956
0.0,0.1630079
0.0,0.090738595
6.0,1.0434855
0.0,0.030060438
0.0,1.4706249
0.0,0.066899635
0.0,0.33442828
0.0,0.038650915
0.0,1.0434247
0.0,0.030060465
0.0,0.0670341
0.0,0.04376182
0.0,-0.0009413361
0.0,0.019689605
0.0,-0.0114470115
0.0,-0.017413147
0.0,0.017130494
0.0,0.019910626
0.0,0.0649356
0.0,0.071000606
0.0,0.04838731
0.0,0.063468575
0.0,0.072809
0.0,0.09309845
0.0,0.088551685
0.0,0.01046479
0.0,0.005460307
0.0,-0.00090997515
0.0,-0.01134771
0.0,-0.0014854922
0.0,0.00020632891
0.0,0.4035435
0.0,0.3842729
8.0,3.7820826
0.0,0.026156604
0.0,-0.0114470115
0.0,-0.017413147
0.0,0.017130494
0.0,0.019910626
0.0,0.058194634
0.0,0.057614177
0.0,0.038303718
0.0,0.038083658
0.0,0.063647725
0.0,0.005986249
0.0,0.0048926426
0.0,0.0013938159
0.0,-0.006973892
0.0,-0.00978493
0.0,-0.06219491
5.0,0.5021024
0.0,0.013901579
0.0,0.031792387
0.0,0.031523257
2.0,2.0927978
0.0,0.0069688256
0.0,0.056313127
0.0,0.02420128
0.0,0.031648144
0.0,0.025891405
0.0,0.042525567
0.0,0.032881558
0.0,0.09026147
0.0,0.043784946
0.0,0.060099702
0.0,0.038592096
0.0,0.1472606
0.0,0.1543152
0.0,0.08288617
0.0,0.07304289
0.0,-0.0126789315
0.0,0.016392877
0.0,-0.0038643673
0.0,0.0041612326
0.0,-0.0114470115
0.0,-0.017413147
0.0,-0.0114470115
0.0,-0.017413147
0.0,0.013804481
0.0,0.03132704
0.0,-0.012290389
0.0,-0.0114470115
0.0,-0.017413147
0.0,0.013804481
0.0,0.031828027
0.0,0.030712536
0.0,0.035890516
0.0,0.020448703
0.0,0.019029632
0.0,-0.0069958298
0.0,-0.0114470115
0.0,-0.017413147
0.0,0.017130494
0.0,0.019910626
0.0,0.06799649
0.0,0.069331124
0.0,0.043710068
0.0,0.020321056
0.0,0.014618271
0.0,-0.005713576
0.0,-0.005675679
0.0,-0.009920026
0.0,-0.021655012
0.0,1.6257209
0.0,0.13668624
8.0,3.9405992
0.0,0.031431302
0.0,1.4312848
0.0,0.046193637
0.0,0.07300122
0.0,0.04003212
5.0,0.31574938
0.0,0.017840143
0.0,0.015860043
0.0,0.028189268
0.0,0.042362254
0.0,0.028921919
0.0,0.012864792
0.0,-0.000223352
0.0,-0.0114470115
0.0,-0.017413147
0.0,0.017130494
0.0,0.019910626
0.0,0.0641862
0.0,0.04004666
0.0,0.019831186
0.0,0.0095935725
0.0,-0.011893108
0.0,-0.01556893
0.0,-0.008521043
0.0,0.919456
0.0,0.07060608
4.0,4.715615
0.0,0.024105221
0.0,0.2774515
0.0,0.07246525
0.0,0.025939155
0.0,0.051163744
0.0,0.07504167
0.0,0.06317703
0.0,2.6256301
6.0,1.4208198
0.0,0.018051868
0.0,-0.0114470115
0.0,-0.017413147
0.0,0.013804481
0.0,0.018229242
0.0,0.02921539
0.0,0.024853554
0.0,0.012325474
0.0,0.015675856
0.0,0.01589637
0.0,0.0015643
0.0,-0.0014380201
0.0,0.062857114
0.0,0.036652528
0.0,0.067841254
0.0,-0.046649233
0.0,-0.0114470115
0.0,-0.017413147
0.0,0.017130494
0.0,0.019910626
0.0,0.07280954
0.0,0.030186998
0.0,0.0022766858
0.0,0.0118330205
0.0,-0.005628207
0.0,-0.012102198
0.0,-0.0025170608
0.0,0.5945949
0.0,0.09706558
0.0,4.029735
0.0,0.21245566
0.0,-0.015538227
0.0,-0.03822977
0.0,-0.0696991
0.0,-0.06847448
0.0,0.019509926
0.0,0.7841656
0.0,1.4921235
7.0,1.8675667
0.0,0.050839067
0.0,-0.0114470115
0.0,-0.017413147
0.0,0.017130494
0.0,0.019910626
0.0,0.04992562
0.0,0.02844583
0.0,0.0071509625
0.0,0.010668358
0.0,0.000900197
0.0,-0.002921587
0.0,-0.0074189245
0.0,0.12710026
0.0,-0.022074409
5.0,4.685689
0.0,0.022809034
0.0,0.03025889
0.0,0.034646288
5.0,1.6058846
0.0,0.014869716
0.0,0.059929345
0.0,0.043210015
0.0,0.0035881726
0.0,0.008579128
0.0,-0.0114470115
0.0,-0.017413147
0.0,-0.0114470115
0.0,-0.017413147
0.0,0.017130494
0.0,0.019910626
0.0,0.015784707
0.0,-0.018680912
0.0,-0.0114470115
0.0,-0.017413147
0.0,0.013804481
0.0,0.018229242
0.0,-0.015205568
0.0,-0.0114470115
0.0,-0.017413147
0.0,0.017130494
0.0,0.019910626
0.0,0.05765182
0.0,0.022282308
0.0,-0.005235055
0.0,-0.017184071
0.0,-0.042920798
0.0,-0.05587995
0.0,-0.043313876
8.0,4.650148
0.0,0.26815403
0.0,-0.0114470115
0.0,-0.017413147
0.0,0.013804481
0.0,0.018229242
0.0,-0.015205568
0.0,-0.0114470115
0.0,-0.017413147
0.0,0.017130494
0.0,0.019910626
0.0,0.058194634
0.0,0.057614177
0.0,0.038374495
0.0,0.039182458
0.0,0.07147766
0.0,0.081334025
0.0,0.06689536
0.0,0.007869023
0.0,-0.0024846613
0.0,0.002729292
0.0,-0.015014083
0.0,-0.009598665
0.0,0.014948498
4.0,0.60949
0.0,0.010900399
0.0,0.010172661
0.0,0.018624244
2.0,2.2967763
0.0,0.0038901044
0.0,0.05014378
0.0,0.012940028
0.0,0.019041639
0.0,0.022791708
0.0,0.04805483
0.0,0.017540846
4.0,0.03370267
0.0,0.018331204
0.0,0.11147461
0.0,0.016878948
0.0,0.0024155555
0.0,0.03947433
0.0,-0.01339352
0.0,0.004420353
0.0,-0.0114470115
0.0,-0.017413147
0.0,0.017130494
0.0,0.019910626
0.0,0.015784707
0.0,-0.006529569
0.0,0.3207682
0.0,0.0910385
0.0,0.08541946
3.0,0.10955372
0.0,0.09245871
1.0,1.1057177
0.0,0.5475862
6.0,2.5632858
0.0,0.02622918
0.0,-0.018264504
0.0,-0.0114470115
0.0,-0.017413147
0.0,0.017130494
0.0,0.019910626
0.0,0.0641862
0.0,0.005992481
0.0,-0.0114470115
0.0,-0.017413147
0.0,0.017130494
0.0,0.019910626
0.0,0.058194634
0.0,0.057614177
0.0,0.038303718
0.0,0.017040363
0.0,-0.005932216
0.0,-0.021109361
0.0,-0.025131268
0.0,-0.028004749
0.0,-0.00916678
0.0,1.7537677
0.0,0.21680708
5.0,3.6113622
0.0,0.016588718
0.0,-0.02039624
0.0,0.017101033
2.0,2.0667439
0.0,0.0069811116
0.0,0.037834466
0.0,0.019607631
0.0,-0.005960816
0.0,-0.008368468
0.0,-0.013472024
0.0,-0.0057749045
0.0,-0.0114470115
0.0,-0.017413147
0.0,-0.0114470115
0.0,-0.017413147
0.0,0.017130494
0.0,0.019910626
0.0,0.05765182
0.0,0.056175828
0.0,0.041902173
0.0,0.012873202
0.0,-0.004235151
0.0,-0.017973846
0.0,-0.020352012
0.0,-0.023278411
0.0,-0.0029759496
0.0,1.7363219
0.0,0.21362458
0.0,3.3992188
0.0,2.1703353
8.0,2.3722281
0.0,0.017609319
0.0,-0.0114470115
0.0,-0.017413147
0.0,0.017130494
0.0,0.019910626
0.0,0.058194634
0.0,0.057614177
0.0,0.037255883
0.0,0.01272273
0.0,-0.001899366
0.0,-0.017710697
0.0,-0.020907542
0.0,-0.02318286
0.0,-0.018231522
5.0,1.4184759
0.0,0.02752671
0.0,0.031560853
0.0,0.038288694
2.0,1.8988239
0.0,0.017568558
0.0,0.053729698
0.0,0.02212758
2.0,0.09787051
0.0,0.009166375
0.0,0.08179988
0.0,0.03619564
0.0,0.07549777
0.0,0.019653253
0.0,0.13960631
0.0,0.044732235
0.0,0.049121406
0.0,0.05803403
0.0,0.04625502
0.0,0.053614385
0.0,0.04844147
0.0,0.057454664
0.0,0.06075818
0.0,0.13266711
0.0,0.13482448
0.0,-0.0114470115
0.0,-0.017413147
0.0,0.017130494
0.0,0.019910626
0.0,0.06799649
0.0,0.039001156
0.0,0.010797551
0.0,0.017578388
0.0,0.003841467
0.0,-0.0031966923
0.0,0.004329133
0.0,0.49825013
0.0,0.083717585
0.0,3.9046702
0.0,0.080538854
0.0,-0.031195387
0.0,-0.05065351
0.0,-0.06519723
0.0,-0.058488082
0.0,-0.048998114
0.0,0.98804826
0.0,1.340845
7.0,1.727677
0.0,0.024404924
0.0,1.528611
0.0,0.041607816
0.0,-0.0114470115
0.0,-0.017413147
0.0,-0.0114470115
0.0,-0.017413147
0.0,-0.0114470115
0.0,-0.017413147
0.0,0.017130494
0.0,0.019910626
0.0,0.05765182
0.0,0.056175828
0.0,0.04420936
0.0,-0.03457338
0.0,-0.0114470115
0.0,-0.017413147
0.0,0.013804481
0.0,0.015594362
0.0,0.009411765
0.0,0.010330708
0.0,-0.019867614
0.0,-0.0114470115
0.0,-0.017413147
0.0,0.017130494
0.0,0.019910626
0.0,0.05765182
0.0,0.056175828
0.0,0.22672002
0.0,0.14672944
0.0,0.060553752
3.0,0.06110543
0.0,0.043313645
1.0,1.4877319
0.0,0.045299824
6.0,3.7731054
0.0,0.068946056
0.0,-0.0114470115
0.0,-0.017413147
0.0,-0.0114470115
0.0,-0.017413147
0.0,0.017130494
0.0,0.019910626
0.0,0.0649356
0.0,0.071000606
0.0,0.04838731
0.0,0.063468575
0.0,0.072809
0.0,0.009566847
0.0,0.008140024
0.0,-0.005280906
0.0,-0.014350765
0.0,-0.01809587
0.0,-0.061146975
8.0,0.5457191
0.0,0.03109753
0.0,-0.0114470115
0.0,-0.017413147
0.0,0.017130494
0.0,0.019910626
0.0,0.05765182
0.0,0.056175828
0.0,0.04418177
0.0,0.015144771
0.0,0.0019787818
0.0,-0.012666088
0.0,-0.015679859
0.0,-0.019373741
0.0,-0.022898482
0.0,1.4323457
0.0,0.26767927
0.0,-0.018046219
0.0,-0.04406573
0.0,-0.06196211
0.0,-0.031879276
0.0,-0.036010515
0.0,1.377382
0.0,1.3741975
8.0,1.7087543
0.0,0.018041685
0.0,-0.0114470115
0.0,-0.017413147
0.0,-0.0114470115
0.0,-0.017413147
0.0,0.013804481
0.0,0.015594362
0.0,0.023116134
0.0,0.014632355
0.0,0.011342442
0.0,0.009248424
0.0,-0.012113217
0.0,-0.0114470115
0.0,-0.017413147
0.0,0.013804481
0.0,0.015594362
0.0,-0.016417246
0.0,-0.0114470115
0.0,-0.017413147
0.0,0.013804481
0.0,0.015594362
0.0,-0.016417246
0.0,-0.0114470115
0.0,-0.017413147
0.0,-0.0114470115
0.0,-0.017413147
0.0,-0.0114470115
0.0,-0.017413147
0.0,0.013804481
0.0,0.015594362
0.0,-0.016417246
0.0,-0.0114470115
0.0,-0.017413147
0.0,0.013804481
0.0,0.015594362
0.0,-0.016417246
0.0,-0.0114470115
0.0,-0.017413147
0.0,-0.0114470115
0.0,-0.017413147
0.0,0.013804481
0.0,0.015594362
0.0,-0.016417246
0.0,-0.0114470115
0.0,-0.017413147
0.0,0.017130494
0.0,0.019910626
0.0,0.05765182
0.0,0.056175828
0.0,0.077960946
0.0,0.10928748
0.0,0.10501159
0.0,0.12883918
0.0,0.12325796
0.0,0.18980873
0.0,0.10157442
4.0,0.3394952
0.0,0.046995394
0.0,-0.0114470115
0.0,-0.017413147
0.0,0.013804481
0.0,0.015594362
0.0,-0.016417246
0.0,-0.0114470115
0.0,-0.017413147
0.0,0.017130494
0.0,0.019910626
0.0,0.015784707
0.0,-0.018062988
0.0,-0.040246654
0.0,-0.04075428
0.0,-0.05647054
0.0,-0.058665607
0.0,-0.05286332
0.0,-0.003256045
0.0,-0.049953587
7.0,0.50426334
0.0,1.3384
0.0,-0.007543558
0.0,2.1557524
5.0,3.067193
0.0,0.04362386
0.0,-0.0114470115
0.0,-0.017413147
0.0,0.017130494
0.0,0.019910626
0.0,0.03756828
0.0,0.032093126
0.0,0.090200365
0.0,0.06971169
0.0,0.07091513
0.0,0.07517709
0.0,0.058248337
0.0,-0.010160807
0.0,-0.014085438
0.0,-0.013872093
0.0,-0.024568569
0.0,-0.025586002
0.0,-0.034727197
6.0,0.6199661
0.0,0.0089918375
0.0,0.092367314
0.0,0.021940224
0.0,-0.0114470115
0.0,-0.017413147
0.0,0.017130494
0.0,0.019910626
0.0,0.05337411
0.0,0.038425513
0.0,-2.5129317e-05
0.0,-0.00085201557
0.0,-0.026547806
0.0,-0.030239055
0.0,-0.029868625
0.0,-0.029176936
0.0,-0.059547212
8.0,0.026331725
0.0,0.4109568
0.0,-0.0114470115
0.0,-0.017413147
0.0,0.017130494
0.0,0.019910626
0.0,0.05765182
0.0,0.056175828
0.0,0.04418177
0.0,0.015144771
0.0,0.0019787818
0.0,-0.012666088
0.0,-0.015679859
0.0,-0.019373741
0.0,-0.022898482
0.0,1.4323457
0.0,0.26767927
3.0,2.9375873
0.0,0.012434503
1.0,1.5692891
0.0,0.012460722
0.0,0.023904871
0.0,0.01287229
5.0,1.9182671
0.0,0.0009049341
0.0,0.049145244
0.0,0.020005748
0.0,0.043115627
0.0,0.0283883
0.0,-0.0114470115
0.0,-0.017413147
0.0,0.017130494
0.0,0.019910626
0.0,0.05337411
0.0,0.038425513
0.0,0.086527735
0.0,0.019153353
0.0,0.008951002
0.0,-0.008382147
0.0,-0.0074842554
0.0,-0.0051299273
0.0,-0.027075015
0.0,1.5767269
0.0,0.09700453
0.0,-0.073880345
0.0,-0.0640771
0.0,-0.06321363
0.0,-0.057364304
0.0,-0.020201437
0.0,0.7260324
0.0,1.0471462
0.0,1.5329585
0.0,1.4493337
7.0,1.8039154
0.0,0.011503983
0.0,0.15556772
0.0,0.01777846
0.0,-0.0114470115
0.0,-0.017413147
0.0,-0.0114470115
0.0,-0.017413147
0.0,0.013804481
0.0,0.015594362
0.0,-0.016417246
0.0,-0.011446961
0.0,-0.017413147
0.0,0.013804481
0.0,0.015594388
0.0,0.02311611
0.0,0.014632407
0.0,0.011342442
0.0,0.008503234
0.0,-0.0077593606
0.0,-0.015802946
0.0,-0.017843513
0.0,-0.02107182
0.0,-0.020321943
0.0,-0.02469229
8.0,1.0866586
0.0,0.042962115
0.0,-0.011446961
0.0,-0.017413147
0.0,0.013804481
0.0,0.015594388
0.0,-0.016417246
